646,689,512,517,999,555,547,917,882,991,982,764,749,735,734,860,182,135,253,41,73,25,129,93,79,396,394,352,359,367,368,419,312,410,384,503,371,897,222,402,606,784,962,158,756,730,282,530,18,473 693,642,638,593,576,521,503,468,466,464,463,461,455,425,948,757,843,834,825,784,350,340,291,269,248,244,223,115,222,557,916,100,998,243,910,862,737,253,293,191,719,776,288,232,305,136,471,957,398,249 1
654,635,600,582,727,705,721,707,675,672,485,490,532,929,995,965,782,752,855,805,257,70,46,109,97,449,397,222,319,773,890,703,526,952,388,126,322,718,822,540,33,971,670,391,779,530,997,404,802,473 264,257,226,179,92,72,28,380,694,965,964,930,905,884,857,836,822,809,779,728,668,578,516,506,490,459,457,451,430,416,656,295,357,186,104,469,588,977,803,674,94,910,862,277,352,737,54,483,354,398 1
585,720,516,504,493,548,537,930,928,974,947,842,794,136,224,212,53,113,334,342,435,366,381,308,285,317,665,838,496,515,123,268,24,255,742,457,162,149,804,415,992,33,286,264,519,391,599,261,196,802 780,909,869,848,840,765,761,698,682,669,644,634,594,492,489,485,177,480,436,374,367,323,306,276,262,237,203,196,173,171,157,147,122,101,41,206,99,661,268,815,926,51,128,960,773,437,375,957,354,449 1
542,551,538,531,529,521,906,996,967,957,765,785,852,848,809,807,800,798,132,247,239,131,223,20,106,448,330,345,425,378,297,403,861,954,154,818,819,971,670,286,567,826,849,379,85,513,282,997,676,473 252,241,97,62,58,35,34,9,1,587,908,897,827,807,802,759,752,743,685,667,603,911,525,504,495,406,377,371,370,316,275,256,255,999,929,914,925,679,575,368,120,719,288,232,391,4,125,375,712,398 1
629,613,694,663,492,460,454,451,570,561,556,936,993,973,776,757,755,194,187,140,137,270,251,36,27,127,76,364,400,14,889,319,773,890,703,526,799,515,402,268,606,784,811,17,830,951,513,590,310,599 535,547,566,569,654,659,670,755,768,841,867,895,924,508,6,52,77,143,154,176,188,219,351,364,421,496,497,530,790,656,295,357,588,599,998,313,243,815,239,85,51,128,956,253,987,858,832,548,4,581 1
640,595,726,658,690,465,545,523,522,904,884,883,980,879,966,787,768,762,740,867,850,181,147,145,236,235,214,72,45,95,119,439,357,320,289,871,67,14,503,889,811,813,318,609,1,379,85,779,530,676 15,720,113,762,628,971,990,945,175,160,149,886,135,310,304,482,474,473,70,458,454,435,428,345,64,602,284,572,553,292,539,348,313,120,238,239,18,709,85,956,260,293,191,14,378,776,507,533,249,449 1
625,622,619,592,716,691,508,505,483,472,557,518,922,908,893,955,780,790,815,808,133,232,65,59,12,111,87,84,81,309,938,343,799,388,217,255,742,645,457,1,162,154,149,804,819,415,282,599,261,676 764,106,741,734,806,707,699,81,184,973,986,199,988,198,919,365,227,899,898,493,456,50,598,48,585,562,591,296,206,925,266,260,989,987,858,832,548,54,133,136,185,471,211,903,483,580,354,712,249,204 1
576,943,934,926,895,885,989,789,786,874,823,195,157,280,216,71,61,37,91,89,413,348,385,294,306,289,697,871,67,496,123,217,24,126,540,17,830,951,77,567,826,849,898,962,158,756,730,261,196,404 146,705,935,927,901,890,882,881,854,828,794,739,721,946,649,624,549,478,465,330,301,267,169,961,950,140,22,27,49,60,99,661,268,675,599,348,977,368,803,674,238,18,709,266,989,918,996,161,533,204 1
578,612,712,673,489,456,543,913,941,944,900,979,994,983,981,774,766,758,833,156,191,184,169,155,278,237,31,94,346,386,416,408,838,371,897,952,861,954,322,813,318,645,77,121,898,196,997,404,18,473 710,385,673,608,517,510,446,444,414,922,980,876,870,864,788,777,775,236,347,346,341,337,314,366,234,215,214,118,47,2,186,104,469,675,222,679,575,557,916,100,14,378,960,187,773,437,211,581,712,449 1
652,650,638,620,450,714,713,709,668,662,494,482,475,961,866,865,732,165,203,263,226,211,48,34,13,117,427,341,437,335,422,374,295,446,441,399,697,343,718,822,609,818,992,264,121,519,590,310,18,802 355,417,423,491,501,531,532,536,542,564,583,619,650,664,678,820,829,865,953,37,55,89,117,131,138,159,168,172,207,309,315,991,94,277,352,926,187,918,996,391,133,305,125,161,185,903,507,580,533,204 1
383 438 1
