658,522,904,740,465,236,181,726,357,145,595,439,72,768,879,545,883,867,95,850,45,119,884,787,214,320,762,235,640,980,966,523,690,147,871,67,813,503,14,811,289,889,609,318,85,1,379,779,676,530 135,945,435,762,482,113,990,473,160,64,292,458,886,971,628,70,304,474,175,345,428,602,720,15,149,310,539,284,553,454,572,348,120,260,313,709,191,239,378,18,507,776,85,14,238,293,956,249,533,449 0.945143
504,285,928,308,665,435,334,930,381,585,53,516,493,720,212,947,342,224,842,113,136,366,537,974,317,794,548,515,24,742,496,268,255,457,415,149,838,33,264,286,162,123,519,804,391,992,599,196,261,802 869,634,644,41,122,237,761,840,669,367,492,848,157,147,480,177,765,203,485,101,323,374,698,436,594,196,682,306,909,262,780,171,173,489,276,206,268,661,99,926,51,773,128,815,437,375,960,957,354,449 0.944535
247,403,551,448,378,521,906,800,330,20,131,542,848,785,765,106,852,531,132,967,538,239,809,425,807,529,223,798,996,345,297,957,826,154,861,85,567,971,670,379,818,286,849,819,513,954,282,997,676,473 908,34,377,316,275,743,370,807,759,587,371,62,802,929,685,827,911,603,255,241,58,256,1,752,9,35,406,525,504,495,97,252,914,999,897,667,120,575,368,925,391,679,288,719,125,232,4,375,712,398 0.944201
295,399,48,211,437,650,450,709,422,652,713,34,165,117,668,662,226,865,638,203,714,732,341,494,620,482,335,427,961,13,263,866,475,441,446,374,343,609,697,822,121,590,718,264,818,519,992,310,18,802 55,829,542,532,583,865,664,564,423,315,159,37,309,117,536,138,650,355,678,168,531,89,207,953,172,501,619,417,131,820,991,491,926,133,391,507,580,187,277,94,125,996,903,352,918,161,185,305,533,204 0.944326
613,270,27,757,755,936,137,251,694,492,187,140,127,973,36,570,400,194,451,460,629,561,76,556,776,454,663,993,364,703,526,319,14,515,890,811,889,402,784,17,799,268,951,606,830,590,773,513,310,599 547,219,790,496,497,569,566,535,768,841,176,530,154,654,659,143,895,364,867,188,52,77,351,670,421,924,755,6,508,588,656,357,51,243,295,599,313,998,548,239,128,858,815,85,253,956,4,832,581,987 0.944914
408,900,456,913,833,94,944,673,979,191,712,489,386,346,981,758,155,156,983,237,941,416,994,278,774,578,612,543,31,184,766,169,371,897,813,952,318,861,121,322,898,838,645,77,954,196,997,18,404,473 788,876,337,347,234,444,215,777,341,710,118,366,346,385,446,864,922,414,608,314,47,775,236,673,510,517,980,2,870,214,104,186,916,100,222,575,557,469,211,378,773,679,187,437,675,14,581,960,712,449 0.944021
895,786,71,934,348,89,989,61,157,413,789,823,195,576,91,874,294,943,37,280,216,306,926,385,885,871,67,217,24,289,826,17,496,697,951,830,567,756,898,849,123,540,126,77,730,962,158,196,261,404 946,901,267,794,478,301,739,961,60,465,881,882,146,22,935,140,649,950,890,330,927,624,27,169,828,721,49,549,705,854,268,661,348,99,977,803,368,599,674,709,18,989,675,238,996,266,918,161,533,204 0.944116
312,41,555,991,396,512,384,25,359,73,517,735,646,917,368,882,419,135,999,764,734,352,79,689,394,129,93,749,253,410,982,367,182,547,860,222,371,897,503,402,784,606,756,730,962,158,282,18,530,473 521,115,223,593,576,784,834,269,825,468,693,463,843,248,948,757,503,461,425,291,340,466,638,350,244,642,464,455,916,100,222,243,557,862,998,191,776,288,910,136,253,737,293,719,232,471,305,957,249,398 0.943491
893,908,483,472,508,111,622,65,87,592,59,557,922,619,625,518,81,790,815,955,691,133,309,808,12,232,780,84,505,938,716,343,217,742,154,799,255,457,415,388,149,1,162,804,645,819,599,282,261,676 456,50,184,707,591,296,198,699,986,598,493,764,585,734,227,81,973,106,741,898,48,199,899,562,988,919,806,365,206,260,133,211,925,548,858,580,989,136,471,483,832,903,266,54,185,987,354,712,249,204 0.944419
600,97,929,635,397,257,727,109,752,449,532,721,672,485,782,707,965,490,582,675,70,654,46,705,805,995,855,222,703,526,319,890,952,822,322,388,773,971,670,33,718,540,126,779,391,997,404,530,802,473 430,459,930,809,822,257,905,490,836,72,857,965,694,179,451,964,668,416,728,884,92,264,506,28,457,380,226,516,779,578,104,588,186,656,357,977,803,295,469,862,674,910,737,277,94,483,54,352,354,398 0.94277
383 438 0.549117
