70 24 9
36 22 92
64 63 87
4 37 6
7 30 47
7 4 85
4 22 6
0 56 41
16 81 54
64 93 92
70 13 44
41 94 79
37 30 79
46 60 6
27 28 66
18 98 30
26 81 90
84 77 69
28 45 10
54 69 9
8 87 40
54 69 25
84 15 45
96 72 9
9 37 45
82 81 90
61 15 26
61 65 45
37 44 45
11 13 6
80 58 82
1 8 87
63 10 54
79 16 33
70 71 44
74 9 25
70 37 6
45 91 27
96 72 66
5 97 32
8 72 40
96 6 30
1 63 27
30 22 33
26 30 27
9 36 45
96 98 30
80 81 41
4 24 33
74 66 25
70 45 3
41 69 9
54 66 23
79 5 9
7 30 85
58 60 3
41 54 25
63 15 32
27 89 93
38 75 39
70 60 58
63 36 26
49 16 9
41 37 19
87 52 6
87 52 44
79 86 59
4 13 33
44 79 66
80 58 1
63 36 54
45 63 87
74 81 5
30 22 92
64 91 47
11 13 9
37 4 45
36 24 9
26 56 82
49 16 68
64 8 19
49 40 40
5 98 30
82 56 82
28 71 6
74 66 23
61 77 45
41 81 23
63 36 45
26 49 90
44 72 9
82 58 90
96 72 40
79 35 81
3 5 33
45 30 87
8 16 66
43 66 9
32 6 93
44 16 9
11 37 33
82 56 90
27 28 93
38 75 59
43 9 23
4 37 92
49 16 66
41 94 19
30 37 6
30 53 45
38 35 39
46 60 3
87 45 58
44 16 40
70 53 33
4 13 45
80 49 24
79 75 33
84 65 32
41 66 9
16 9 54
28 71 10
7 91 92
36 13 45
64 30 87
3 5 81
30 37 33
28 45 6
74 69 54
11 13 92
44 72 40
5 6 32
7 8 47
3 16 59
37 44 79
9 15 32
48 37 79
41 37 45
7 44 19
27 97 93
7 30 19
36 13 6
87 52 3
96 16 9
96 28 32
58 60 6
0 58 1
63 77 32
32 89 32
0 56 1
32 28 66
46 52 10
7 91 47
9 4 79
48 30 30
70 37 33
8 40 66
26 35 59
37 30 30
4 5 33
48 4 19
3 75 9
36 24 33
7 63 47
4 75 33
61 65 32
46 60 10
45 30 27
18 98 66
46 13 58
38 5 9
63 10 26
27 89 32
9 15 69
84 77 26
9 77 32
9 94 19
56 87 91
18 89 66
4 36 26
36 24 45
18 97 66
4 35 39
18 6 45
5 97 30
61 77 69
87 71 10
26 35 33
96 72 68
9 77 54
41 30 45
54 9 54
4 65 69
7 37 79
26 5 59
11 24 6
30 13 6
43 54 25
9 37 85
11 53 9
79 75 81
9 10 32
43 66 25
96 28 30
82 49 82
26 5 9
79 16 39
26 56 90
4 86 39
7 93 27
27 97 66
82 49 1
43 81 23
96 98 93
9 94 30
32 97 32
74 69 5
74 9 5
41 66 25
26 63 27
4 5 81
1 91 27
41 66 54
4 16 33
7 44 45
30 13 92
61 36 69
27 98 45
46 52 6
32 98 32
48 30 79
43 9 54
1 8 92
16 9 25
3 35 33
9 44 19
4 13 6
54 54 9
8 87 68
49 79 9
28 60 10
4 53 9
96 87 66
96 98 32
46 71 6
36 22 33
4 24 92
56 72 40
41 54 23
27 28 30
5 89 66
88 19 24
58 52 10
26 8 27
0 81 24
45 8 27
64 93 27
43 81 5
8 40 40
8 72 68
96 28 66
36 37 33
16 81 23
87 60 44
5 89 93
54 54 23
4 10 26
18 97 30
18 97 93
88 56 1
4 77 45
45 93 87
96 87 91
70 71 10
70 37 45
84 77 45
61 15 32
30 53 6
87 60 10
26 5 33
5 98 66
80 49 90
38 75 9
4 77 26
37 94 79
48 37 45
4 5 39
70 13 9
80 49 1
9 65 32
46 45 3
5 97 45
26 35 81
1 63 19
43 54 23
88 81 24
61 10 45
96 89 93
44 16 66
61 10 32
30 37 92
9 30 85
41 9 25
16 69 9
41 94 85
26 19 82
8 16 9
74 81 23
80 19 82
1 30 87
37 94 30
4 75 59
46 13 10
9 94 45
38 86 39
48 94 45
4 65 54
96 6 66
38 75 33
46 60 44
27 98 32
9 15 54
79 35 33
26 8 47
26 93 19
79 75 9
64 30 47
70 53 92
88 58 1
1 8 27
28 13 6
48 94 85
18 98 93
9 44 79
7 63 87
44 87 9
16 9 5
11 22 33
56 87 68
43 69 5
79 75 59
37 37 85
38 86 33
36 13 92
1 63 47
28 60 3
32 98 30
26 30 87
82 19 24
96 89 45
27 97 32
82 49 41
11 24 9
70 45 58
96 98 45
0 49 90
63 36 32
26 16 59
58 13 58
87 60 6
82 49 24
58 52 58
54 54 5
9 36 69
0 81 90
38 35 81
58 45 58
9 77 26
56 16 68
56 16 91
4 22 9
58 45 10
41 30 79
41 69 23
32 98 66
48 44 30
63 15 54
64 8 87
7 93 87
79 75 39
96 97 32
0 58 24
80 58 90
80 56 41
16 66 23
80 49 41
58 45 3
26 86 39
96 89 66
88 49 82
70 52 10
7 94 45
80 49 82
1 30 47
11 13 45
26 58 82
56 87 9
28 52 58
70 52 44
45 30 19
43 81 25
41 66 5
79 86 9
4 15 32
32 28 45
26 93 27
87 52 58
4 13 9
70 22 45
43 66 5
36 22 6
7 91 87
84 36 54
84 77 32
96 6 32
26 93 47
45 93 19
37 30 19
38 86 81
37 44 30
26 49 41
0 56 24
28 45 44
56 79 40
1 91 47
9 10 45
38 16 59
63 77 69
46 45 44
58 13 10
87 71 3
3 35 9
61 65 26
96 97 45
43 81 9
74 69 25
9 65 69
7 37 85
44 40 68
4 15 54
27 28 45
4 86 33
96 6 93
7 30 92
87 45 3
5 89 45
61 36 45
82 58 1
36 24 6
4 53 6
7 93 92
4 35 59
96 28 45
88 49 90
26 75 39
16 9 23
26 81 1
79 35 59
82 19 82
32 98 93
49 87 91
30 24 92
96 98 66
8 79 66
87 13 10
80 56 82
80 81 24
45 91 92
26 81 24
54 69 5
45 63 27
56 72 68
7 93 19
37 30 85
1 93 92
41 44 19
70 71 6
41 94 30
26 35 39
26 58 24
80 19 1
8 79 9
54 81 54
27 97 30
46 13 44
9 65 54
1 91 87
9 30 19
63 77 54
87 13 3
36 13 9
79 16 81
38 16 81
87 71 44
7 8 87
30 24 9
16 66 25
16 81 25
4 10 54
54 81 25
80 81 90
32 6 30
44 72 68
26 56 24
41 4 30
9 10 54
8 72 9
54 81 9
26 56 1
16 81 5
79 5 59
32 28 30
37 94 19
44 87 68
46 71 3
64 93 19
70 13 6
32 97 30
58 45 44
64 8 92
87 13 58
4 24 9
27 98 93
9 36 32
48 4 30
7 8 19
28 52 6
96 97 93
41 44 85
80 56 1
7 94 19
58 13 3
58 71 44
56 79 9
36 53 6
58 71 6
38 5 33
84 15 54
58 60 10
64 30 27
4 22 33
41 69 5
74 54 54
49 16 40
7 8 92
11 22 92
4 36 54
88 19 41
4 5 59
3 5 9
27 89 45
8 72 66
7 94 85
18 6 32
36 37 9
4 86 9
45 8 87
27 6 30
44 40 40
7 93 47
48 4 79
5 6 30
7 44 30
37 4 19
4 16 9
11 53 33
3 86 39
96 16 68
26 91 87
43 54 54
8 79 68
44 16 91
5 97 66
4 24 45
5 89 30
5 98 93
18 89 30
56 72 9
11 22 45
88 49 24
61 65 54
28 52 3
38 35 9
11 22 6
63 10 45
64 30 19
28 13 10
45 93 27
49 72 40
70 37 92
74 66 5
4 35 33
16 9 9
56 79 68
82 81 1
9 37 30
32 28 93
0 58 90
84 10 69
37 44 19
46 52 3
88 58 90
70 60 6
70 60 3
41 69 54
82 81 24
32 89 45
49 79 66
56 16 66
26 58 90
54 81 23
36 53 45
9 4 45
45 63 92
32 98 45
30 24 33
43 9 25
28 45 58
88 19 1
7 8 27
49 72 9
54 9 25
56 40 68
84 36 32
18 6 30
41 9 23
37 37 30
11 13 33
41 69 25
61 36 54
32 6 45
58 52 6
27 6 93
9 15 26
27 6 32
56 16 9
64 91 92
84 15 26
26 19 24
58 45 6
28 71 3
26 93 92
1 8 47
5 98 32
38 16 33
74 9 9
16 81 9
70 22 9
49 72 91
70 60 10
74 66 54
88 49 41
61 15 45
4 65 26
4 35 9
7 37 45
58 60 44
28 52 44
70 71 3
84 36 45
28 60 58
16 66 5
3 16 81
9 4 85
5 6 45
4 37 9
27 97 45
88 81 82
7 30 79
30 53 92
26 63 92
30 22 6
0 56 90
54 9 5
48 44 45
49 87 66
26 19 1
41 9 9
18 97 45
63 65 45
26 5 39
87 71 6
87 52 10
48 30 45
37 37 79
4 86 59
37 94 45
9 44 45
70 13 3
36 53 33
63 65 32
82 58 82
64 93 87
30 22 45
96 97 66
79 16 59
96 16 66
41 9 54
4 77 69
84 10 45
45 63 47
36 22 45
48 30 19
3 86 33
32 97 93
48 37 19
61 15 69
18 28 32
18 28 93
32 97 45
63 65 69
88 56 41
16 66 54
9 10 69
26 93 87
70 13 92
96 6 45
26 8 87
45 93 47
4 75 81
7 94 79
70 24 45
28 13 58
41 30 19
16 69 25
41 44 30
96 87 9
16 69 23
58 71 58
82 19 90
30 37 9
82 81 41
49 87 68
9 44 30
44 72 91
46 13 6
41 4 19
38 16 9
4 53 92
0 49 41
16 69 5
26 86 59
30 24 45
4 16 39
70 24 92
64 91 19
46 71 10
4 35 81
38 35 33
54 81 5
26 91 19
74 54 5
5 28 93
9 65 26
26 16 33
48 4 45
87 45 44
58 60 58
7 37 19
4 10 32
56 87 66
41 37 85
54 9 9
4 16 59
84 65 54
7 63 19
28 13 44
74 66 9
96 40 40
82 58 24
26 75 33
26 30 19
30 37 45
41 54 5
8 16 40
56 87 40
48 37 30
5 97 93
18 89 93
9 37 19
1 63 87
26 58 41
96 87 68
70 52 3
49 72 68
0 81 82
88 49 1
80 81 82
5 89 32
96 89 30
87 13 6
48 94 19
4 75 9
43 69 25
4 5 9
96 79 40
26 49 24
26 5 81
41 54 9
30 53 9
70 24 6
8 87 66
54 66 5
74 9 23
82 19 41
84 15 32
56 72 66
26 19 41
7 4 45
9 36 54
27 98 30
96 79 9
11 24 92
18 28 30
4 10 69
79 5 81
11 37 6
43 54 5
63 10 69
26 75 9
7 37 30
9 65 45
48 37 85
46 71 44
80 56 24
1 93 19
36 37 6
3 5 59
88 58 41
46 52 44
4 36 69
11 53 6
45 91 47
70 22 92
0 19 41
38 16 39
56 40 66
30 13 9
7 30 45
32 6 32
9 4 19
70 45 10
44 79 68
1 91 92
61 77 54
18 98 32
63 15 45
64 91 27
88 81 41
48 30 85
96 28 93
4 24 6
44 16 68
32 89 66
36 24 92
4 36 32
44 87 66
4 65 45
56 40 40
54 66 25
44 79 91
48 44 19
80 19 24
30 13 45
43 81 54
26 91 27
5 28 45
96 40 9
38 86 59
8 16 68
80 58 24
4 36 45
4 77 54
44 72 66
79 86 33
63 77 26
46 60 58
9 77 69
46 45 6
37 4 30
74 69 23
28 45 3
8 87 91
37 94 85
82 49 90
82 58 41
74 9 54
87 13 44
36 53 9
70 13 58
46 13 3
36 22 9
43 9 9
9 36 26
54 54 54
74 81 25
0 81 41
0 49 82
70 45 6
0 58 82
37 44 85
5 6 66
54 9 23
70 52 6
45 93 92
8 72 91
56 16 40
84 65 45
49 40 91
64 93 47
26 30 92
74 81 9
38 75 81
48 4 85
96 40 68
4 53 33
70 22 6
70 37 9
18 97 32
26 16 81
26 49 82
61 10 69
41 4 85
61 10 26
87 60 58
7 63 27
4 22 92
61 65 69
84 15 69
61 36 32
70 53 6
80 81 1
41 44 45
27 28 32
18 89 45
49 40 9
0 81 1
70 22 33
54 69 54
84 10 32
9 37 79
45 63 19
74 54 9
64 8 47
54 66 9
26 86 33
1 63 92
26 30 47
26 75 59
44 87 91
3 86 59
28 13 3
26 81 82
4 77 32
7 91 27
0 19 24
4 22 45
30 24 6
3 35 59
88 19 82
96 72 91
11 37 9
9 30 30
3 16 39
30 22 9
27 98 66
96 79 66
56 72 91
26 49 1
45 8 92
9 77 45
43 54 9
87 60 3
79 5 39
36 13 33
8 40 68
8 40 91
37 37 19
41 81 25
1 91 19
7 91 19
4 37 33
38 5 59
16 66 9
84 65 26
58 52 44
7 4 79
84 36 69
70 53 9
44 40 66
0 49 24
79 35 9
74 54 23
63 65 54
61 36 26
96 97 30
48 44 85
28 60 6
41 4 79
1 30 19
