48 94 79
96 40 91
84 15 26
8 16 68
84 15 45
26 30 27
9 10 32
43 81 5
58 45 6
82 58 90
1 8 92
41 4 85
61 15 54
18 97 66
36 24 92
7 94 30
74 66 23
38 35 81
70 52 44
48 30 85
9 10 54
37 30 79
4 5 33
88 58 1
4 65 32
41 69 23
16 81 54
36 53 9
28 71 3
4 37 33
64 93 87
64 30 92
54 9 54
79 5 59
11 13 33
1 63 27
49 16 68
41 69 25
16 66 23
70 71 6
46 13 58
74 69 54
46 52 3
1 91 92
16 54 25
11 13 6
49 79 91
38 5 33
58 52 58
48 44 79
26 86 81
43 9 5
54 66 9
84 77 32
54 66 5
4 75 33
26 63 19
74 81 23
28 13 44
82 49 90
96 97 30
7 8 47
11 13 92
41 54 54
1 63 87
44 87 91
0 49 1
16 81 9
58 13 10
88 49 1
28 13 10
41 44 19
70 13 45
7 63 47
7 4 19
36 13 6
9 94 30
70 13 6
41 94 85
41 37 45
28 13 6
4 65 69
3 16 59
7 94 19
26 35 81
46 45 58
80 49 41
5 97 30
45 63 27
28 52 3
41 94 19
49 87 66
44 40 91
26 5 9
9 37 30
8 40 40
56 87 66
43 69 5
41 66 23
41 9 54
36 37 6
16 81 25
1 93 27
74 9 9
3 16 33
49 79 40
18 98 32
79 16 59
8 79 40
64 63 87
36 13 33
96 87 9
26 58 1
61 15 45
84 65 69
38 86 81
82 81 82
70 71 58
27 98 66
45 91 19
80 58 82
5 6 30
5 98 32
80 49 24
5 28 32
7 44 30
41 66 5
36 53 92
43 9 9
61 65 32
18 98 45
26 8 19
26 93 27
4 77 45
1 91 27
32 6 66
74 66 25
41 37 30
28 60 58
61 10 32
82 49 41
96 16 91
37 94 85
70 24 45
96 6 66
4 53 92
61 36 32
4 10 45
4 13 45
88 19 1
58 71 10
3 5 39
26 35 9
82 81 1
9 30 79
74 9 25
56 72 40
26 81 1
4 35 39
49 72 66
41 81 5
84 77 54
87 60 6
80 81 41
64 93 47
11 53 9
8 87 68
63 36 32
30 53 92
45 63 47
1 30 27
9 15 26
4 35 9
1 8 87
27 28 32
88 56 1
4 36 26
4 35 59
61 65 45
58 45 58
9 36 45
38 16 9
61 15 69
4 75 81
0 58 1
7 63 19
46 60 6
88 56 41
61 77 26
0 49 41
54 81 54
64 63 47
26 93 47
27 89 30
4 5 59
49 40 40
4 35 33
7 30 27
46 13 6
9 77 69
45 63 19
80 49 90
3 86 81
26 49 82
4 53 9
56 72 9
87 13 10
38 75 9
43 54 25
4 13 9
1 93 19
27 98 32
3 35 9
61 77 54
8 16 9
26 49 1
96 87 40
43 81 23
45 30 87
37 94 45
74 54 23
4 5 9
49 16 91
30 24 45
80 56 82
26 75 33
43 69 23
26 91 92
4 22 92
64 91 27
96 72 68
4 86 33
84 10 32
11 24 6
7 91 27
45 93 47
96 89 30
36 22 9
18 97 32
26 81 41
4 37 92
88 56 82
58 71 6
48 94 85
74 81 25
26 5 33
41 4 19
28 45 58
16 66 9
26 91 87
18 28 66
1 91 47
43 66 25
70 60 44
70 45 58
87 45 58
87 60 3
48 44 19
4 16 9
61 36 45
26 56 90
43 66 54
5 97 93
26 93 87
74 54 25
54 69 9
58 13 3
4 36 32
64 8 47
5 28 30
37 30 19
5 28 93
16 9 54
0 58 24
96 97 45
96 6 30
48 30 45
30 37 45
5 97 66
36 37 45
46 60 58
37 4 30
48 37 19
84 77 26
56 79 9
44 40 68
11 37 33
41 4 79
9 65 69
0 81 82
9 44 19
80 81 1
30 22 9
63 36 26
9 4 19
7 30 85
7 94 85
44 87 40
82 81 41
70 24 92
64 91 19
43 66 9
44 72 40
4 24 33
54 54 54
37 37 30
4 10 32
63 15 26
8 72 91
88 81 41
64 63 19
9 36 26
70 13 9
80 56 1
7 94 79
11 53 45
58 60 58
4 24 9
37 4 85
49 40 9
5 98 93
48 4 30
41 37 19
70 13 92
44 79 66
63 15 69
36 37 33
58 52 3
70 22 33
18 28 45
3 75 9
7 8 19
7 30 45
26 19 90
4 13 6
4 15 32
96 79 9
37 37 85
11 22 9
64 91 47
5 6 93
41 94 30
3 75 33
74 81 54
70 22 92
30 22 92
44 40 40
82 19 1
63 15 54
44 79 9
18 89 30
44 16 9
26 58 41
58 52 6
74 69 23
54 54 25
0 81 41
0 56 90
18 98 30
70 52 6
9 77 45
79 86 81
0 56 82
63 77 45
41 4 30
84 65 26
74 81 5
8 16 40
56 79 91
11 22 6
30 24 33
96 98 30
96 40 68
4 24 92
88 49 24
7 93 92
7 37 85
5 89 30
28 71 10
3 75 81
80 19 24
41 66 9
45 8 92
0 81 1
70 37 33
27 89 32
87 52 44
9 94 45
41 69 9
26 49 41
8 87 9
36 22 33
82 56 41
26 30 87
56 72 66
0 56 24
7 4 79
11 13 9
44 72 9
54 54 23
27 89 93
27 97 93
7 91 47
30 13 9
70 53 6
48 94 19
87 71 6
0 49 82
38 86 39
7 37 79
3 5 59
45 8 19
74 54 9
3 35 33
4 53 6
96 28 93
58 52 10
30 53 45
48 94 45
8 40 68
27 98 93
84 65 32
49 40 68
4 77 26
26 8 87
36 37 9
16 54 54
7 37 30
38 5 39
48 30 30
7 63 92
32 97 45
63 65 45
3 5 81
79 75 9
30 53 9
38 16 59
41 30 79
27 97 66
7 37 45
4 36 54
7 94 45
45 63 92
54 66 54
9 30 45
46 52 44
9 15 32
16 69 5
79 5 81
45 30 92
79 5 33
11 24 33
3 16 9
96 72 91
70 45 10
84 36 69
18 89 66
4 22 33
36 13 45
9 94 19
79 86 9
70 24 33
74 69 25
1 30 19
46 71 3
45 63 87
9 37 85
26 49 90
61 65 69
58 60 44
7 30 92
58 52 44
64 63 92
44 16 40
96 28 30
27 98 45
18 6 30
26 75 81
46 60 44
46 45 44
80 49 82
32 6 32
41 81 23
9 15 54
88 19 41
96 28 32
41 81 9
64 93 19
96 98 66
61 65 54
27 28 30
32 98 30
88 49 41
37 44 45
37 44 19
26 35 39
8 79 91
26 56 41
79 35 59
54 81 25
32 98 45
70 13 33
54 66 25
4 13 33
56 16 9
54 54 5
37 37 19
26 16 33
70 37 9
3 35 59
8 16 66
0 58 82
37 4 19
0 19 41
28 45 3
49 79 66
4 13 92
96 98 45
7 8 92
87 52 58
7 91 92
9 30 19
11 53 92
88 49 82
27 98 30
37 37 45
84 77 45
44 16 68
38 35 9
4 16 59
46 71 10
48 37 30
49 87 91
96 87 91
54 81 23
54 69 23
84 15 54
4 86 59
80 19 1
80 19 41
32 6 30
74 81 9
7 93 47
16 81 23
45 91 87
5 28 45
7 44 45
16 9 25
84 10 69
82 56 90
64 30 19
88 56 24
27 97 32
61 77 45
49 87 9
87 13 44
41 44 85
26 91 27
43 81 54
48 4 79
28 52 58
45 93 92
5 89 45
79 16 9
18 97 30
41 30 19
46 52 58
8 40 91
30 13 33
26 93 19
70 22 45
79 75 33
87 60 10
49 16 9
41 30 45
5 97 45
38 86 59
3 5 9
11 37 9
87 52 10
63 10 32
46 52 10
84 36 54
32 89 32
8 40 66
44 87 68
32 98 93
70 60 58
7 30 87
18 98 66
7 63 27
46 60 10
87 13 3
48 94 30
56 40 68
32 89 93
96 97 32
26 93 92
30 53 6
70 60 3
70 60 6
43 54 9
18 28 30
26 86 59
96 16 9
56 79 40
37 94 19
11 22 33
32 28 32
36 53 45
82 19 24
41 81 54
82 19 82
26 81 90
56 40 91
96 40 9
74 69 9
3 86 9
88 81 82
5 98 30
44 16 91
8 79 66
41 54 9
4 16 81
63 10 54
26 19 41
79 35 33
63 36 69
1 8 19
37 4 45
48 37 85
82 49 24
26 30 19
1 30 92
9 36 69
79 75 81
70 13 10
38 16 33
7 93 87
41 54 23
41 44 45
9 4 30
96 89 66
4 65 45
9 4 45
43 54 54
84 36 26
4 53 45
64 30 87
88 58 82
9 30 30
46 13 10
4 10 54
32 98 66
18 97 93
11 37 92
43 9 23
70 37 45
44 16 66
79 35 81
49 79 9
80 81 90
70 53 9
96 97 66
56 87 9
79 5 9
8 79 68
27 6 30
58 13 44
79 16 81
41 37 79
9 4 79
49 16 40
1 63 47
88 56 90
84 77 69
41 94 45
56 40 9
26 86 39
32 28 66
84 65 54
45 93 87
79 75 59
84 36 45
7 93 27
87 45 10
96 72 9
16 9 5
88 81 90
70 13 58
7 8 27
84 65 45
4 65 54
37 4 79
26 19 1
45 8 87
0 58 41
32 89 45
8 40 9
4 16 33
70 45 44
16 81 5
64 30 27
16 66 54
37 30 30
38 35 39
0 19 24
80 19 90
9 10 45
5 6 45
18 89 45
3 86 59
32 97 30
8 79 9
5 6 32
28 45 6
49 72 40
37 30 45
54 69 5
63 65 26
41 69 54
45 91 92
58 13 58
9 37 19
27 89 45
30 22 6
4 37 45
32 28 30
28 45 44
48 4 85
49 72 9
44 87 9
36 53 6
32 97 66
37 44 30
96 16 66
26 75 9
16 54 5
46 52 6
4 35 81
7 4 30
87 52 6
9 77 26
44 79 40
58 45 3
11 53 6
79 86 39
88 19 24
82 58 41
0 19 82
82 58 24
27 28 93
49 87 68
87 13 6
4 37 9
26 8 47
70 53 92
4 5 81
16 69 25
61 10 26
70 52 3
38 75 33
18 89 32
26 16 9
16 54 9
18 6 93
1 30 47
41 9 5
9 77 54
96 6 93
63 77 32
70 71 10
4 65 26
1 91 19
63 65 32
96 6 45
4 15 26
0 81 24
26 35 59
3 35 81
70 45 6
26 63 47
26 58 82
26 35 33
38 75 39
58 60 6
46 13 3
3 86 33
61 15 32
26 56 1
56 87 68
45 30 27
70 52 10
88 19 82
88 58 24
41 54 5
38 75 81
70 60 10
54 66 23
32 28 93
87 13 58
49 16 66
37 44 79
45 91 47
32 97 93
30 37 6
96 28 66
64 93 92
44 79 91
45 8 47
96 72 66
74 54 54
7 63 87
30 37 33
32 6 45
96 16 68
79 35 39
11 37 45
84 10 45
9 94 85
3 5 33
54 81 5
27 6 66
8 72 40
82 49 1
26 81 82
45 30 47
74 9 54
87 71 58
18 97 45
49 79 68
82 81 24
63 36 54
11 37 6
56 16 68
28 60 10
26 91 19
80 81 82
61 15 26
41 4 45
27 6 32
56 40 40
38 86 9
36 53 33
32 97 32
80 56 24
79 86 59
46 45 3
26 56 82
70 53 45
44 72 66
0 56 1
5 89 66
80 19 82
7 93 19
26 86 33
26 75 59
48 44 45
80 81 24
61 10 45
44 72 91
32 89 30
70 13 3
30 37 9
82 56 24
26 30 47
56 79 66
54 81 9
96 72 40
28 60 3
54 54 9
44 79 68
32 6 93
16 66 25
7 44 79
44 87 66
9 30 85
26 81 24
41 44 30
36 24 6
96 79 66
36 22 45
16 69 9
26 58 90
96 89 93
5 28 66
36 37 92
26 5 39
64 8 27
4 15 54
37 94 79
45 93 27
0 56 41
84 10 26
4 10 26
7 91 19
9 36 54
46 71 58
36 13 92
79 16 39
96 87 66
64 30 47
28 13 3
80 58 24
56 87 40
32 98 32
79 75 39
8 72 9
70 13 44
30 22 45
87 52 3
1 8 47
46 60 3
88 19 90
28 52 10
38 5 9
4 37 6
87 71 3
4 75 59
46 45 6
5 97 32
58 60 3
80 56 41
45 8 27
3 75 59
26 56 24
38 75 59
41 44 79
18 28 32
82 58 82
9 15 45
4 86 81
3 16 81
56 16 91
74 66 54
56 87 91
64 8 87
80 58 90
41 30 30
63 10 26
70 22 9
80 58 1
80 49 1
30 13 6
11 22 45
87 45 6
9 44 85
87 60 58
5 98 66
43 66 23
43 9 54
26 5 59
4 75 9
8 87 91
41 30 85
49 40 66
4 53 33
58 45 44
4 36 69
80 56 90
9 65 45
32 89 66
16 9 23
38 35 59
36 22 6
30 53 33
43 69 54
58 71 3
8 16 91
36 13 9
9 94 79
63 77 54
37 44 85
54 9 9
30 24 9
64 8 19
4 24 45
30 24 92
41 9 9
7 30 30
26 5 81
0 58 90
7 30 79
32 28 45
74 66 5
54 9 23
70 71 44
79 16 33
54 9 25
1 30 87
46 71 6
54 69 54
90 20 50
26 75 39
74 69 5
26 86 9
43 9 25
41 9 25
56 16 40
26 49 24
