92 43 68
9 77 45
63 77 54
8 16 68
6 72 85
96 40 9
96 98 93
23 39 81
47 1 12
77 4 11
9 75 64
40 17 60
79 5 9
84 15 45
84 65 26
38 57 79
96 98 45
41 49 55
0 58 82
51 6 41
24 66 43
60 36 93
12 95 1
69 35 25
85 74 30
47 79 9
96 6 45
35 68 55
89 30 57
57 91 38
33 77 65
41 50 7
96 89 32
17 18 81
27 18 25
53 53 76
4 47 6
32 97 87
72 34 53
54 87 91
36 53 45
75 3 21
82 54 66
92 7 7
18 84 57
48 94 30
59 53 27
69 75 52
83 95 93
95 39 35
57 88 30
62 78 46
29 55 76
68 36 91
67 71 83
4 5 58
97 48 80
16 44 83
14 9 32
87 98 76
4 36 69
59 40 12
27 98 66
76 91 11
93 81 54
48 94 45
38 58 91
1 28 30
19 26 71
46 0 45
55 26 44
62 71 89
88 23 44
88 0 96
18 64 27
80 66 53
55 26 21
47 6 10
0 30 46
82 99 59
85 56 49
96 87 91
97 39 67
99 3 25
52 71 25
13 19 32
3 33 70
50 35 98
72 67 75
16 68 68
77 82 45
37 47 60
47 89 77
7 58 24
89 11 1
66 83 25
71 65 69
82 64 83
55 66 30
6 2 63
1 44 59
73 39 82
30 41 8
45 68 86
3 46 75
25 78 55
39 0 34
11 83 97
23 90 20
40 34 23
68 95 62
79 38 55
78 2 27
82 3 82
33 14 70
96 6 32
46 42 48
95 73 42
83 70 37
20 74 89
1 30 27
9 10 54
64 75 64
61 43 39
49 72 9
85 17 33
95 80 85
14 37 50
26 19 62
87 8 50
55 26 85
53 75 12
15 42 77
54 38 84
41 37 85
34 16 67
87 60 89
50 45 12
15 50 12
39 48 98
66 72 19
4 5 9
74 70 27
23 6 47
12 39 12
91 85 25
73 88 44
38 78 61
1 39 51
9 59 50
68 28 29
5 55 43
42 91 42
62 49 1
96 87 68
21 29 7
86 70 15
9 10 45
61 14 55
17 66 30
84 31 61
19 93 7
29 43 24
30 70 36
92 9 80
5 4 14
19 76 34
74 8 83
75 92 96
65 90 79
82 84 16
53 45 17
5 89 45
87 13 6
4 58 2
46 56 72
24 80 66
79 99 32
76 10 48
9 65 45
0 49 18
26 40 16
11 48 62
70 82 24
4 80 26
66 72 64
3 35 15
38 30 92
78 15 28
91 98 35
64 57 67
46 98 80
58 92 10
98 62 32
58 38 55
25 40 62
10 39 36
66 3 42
15 33 92
58 66 40
3 86 9
83 83 58
95 45 16
12 24 72
80 77 40
2 76 49
5 38 47
28 27 96
39 14 99
34 43 81
55 83 70
14 20 29
72 63 36
30 13 6
63 75 67
74 67 13
9 57 36
9 33 65
35 86 31
61 19 91
68 54 8
70 79 69
18 88 87
17 13 89
82 58 41
41 11 76
77 61 4
38 27 92
7 64 44
10 93 91
22 4 95
59 92 69
0 49 41
82 5 61
53 58 47
99 54 99
31 10 89
2 86 16
33 95 25
79 76 73
10 7 7
90 65 80
47 31 48
79 61 40
55 33 48
45 2 39
0 13 66
67 75 81
54 53 92
22 63 94
65 10 25
55 25 31
93 50 78
45 96 89
66 17 41
34 68 77
41 78 16
31 82 43
69 83 32
0 68 83
70 35 10
89 34 55
25 52 47
21 8 6
1 18 57
26 91 87
18 69 65
11 83 18
84 95 97
41 98 53
55 32 37
90 86 17
19 87 32
0 22 80
4 59 45
88 61 73
54 78 16
90 23 14
4 77 45
91 68 60
89 14 64
96 29 96
57 48 92
93 94 88
17 59 24
13 41 72
41 11 28
18 99 68
34 55 25
40 13 91
94 82 77
80 82 0
22 37 32
3 19 69
33 4 94
12 91 54
81 57 78
28 77 30
73 75 8
18 89 45
5 72 2
0 26 15
88 21 7
24 86 17
30 27 29
7 8 40
55 60 88
7 96 48
0 53 58
13 32 9
83 7 87
40 57 90
21 59 9
12 28 47
16 12 51
69 15 33
88 91 55
51 90 56
52 62 25
41 3 30
5 53 94
29 92 32
96 65 87
18 93 24
55 28 86
98 51 27
53 48 46
43 22 4
78 60 43
79 40 29
54 14 68
52 91 6
74 3 44
0 81 41
99 82 78
75 93 54
51 48 88
62 66 58
10 62 97
47 24 73
31 90 0
98 79 75
32 75 20
86 22 0
24 58 0
79 5 59
8 99 91
32 84 61
2 3 33
1 8 19
37 44 79
7 30 85
34 83 82
21 87 69
53 55 74
25 6 55
70 96 71
90 48 23
36 99 20
42 58 18
5 97 66
97 33 55
48 73 15
93 52 61
41 35 10
38 19 12
2 30 68
98 35 41
41 47 32
56 89 98
7 30 27
13 5 80
4 95 57
41 93 38
15 92 19
41 98 35
87 45 44
20 90 24
25 35 40
8 55 17
58 52 58
9 17 93
95 56 40
1 79 62
61 88 82
63 0 98
49 52 33
50 93 91
82 80 55
58 81 60
78 42 59
56 9 56
82 16 27
88 25 92
91 61 22
6 24 47
50 94 75
17 58 72
51 98 45
75 59 0
58 65 1
79 9 51
74 32 31
92 30 40
89 12 64
28 95 52
97 42 98
2 3 35
52 5 59
86 24 65
10 93 45
64 54 31
81 96 92
91 57 88
45 93 87
54 84 96
79 60 16
77 44 68
36 77 51
41 38 5
39 57 41
37 88 63
35 9 94
41 58 9
3 86 81
51 16 55
32 54 75
2 39 48
64 5 78
24 89 24
18 66 5
71 27 98
4 91 12
23 99 0
25 24 42
89 99 57
68 36 24
65 71 1
79 5 39
35 90 59
61 58 97
29 40 81
73 63 34
4 79 18
0 74 93
85 94 84
50 31 45
43 79 43
53 60 14
89 64 11
75 85 59
72 22 67
90 59 78
40 15 74
4 67 78
38 39 52
95 78 28
78 48 10
46 97 11
56 73 40
25 39 18
18 27 71
59 38 22
99 60 98
88 1 76
20 1 85
54 18 2
30 83 70
69 8 45
26 92 61
7 30 47
37 41 45
42 74 11
20 38 39
22 88 62
20 37 69
77 24 38
41 90 79
31 8 42
40 82 38
69 4 2
61 98 26
72 84 80
67 20 29
43 14 24
90 67 64
91 76 66
42 83 47
18 68 73
26 3 69
21 40 18
38 94 71
91 13 59
60 44 57
58 90 88
1 30 19
50 9 34
5 52 63
37 85 41
79 94 53
95 61 71
48 71 82
11 0 37
12 19 74
4 43 37
87 20 89
96 91 99
94 55 1
11 11 24
35 48 86
91 4 81
98 57 35
17 82 22
70 58 69
57 46 63
0 44 37
4 40 24
79 87 29
96 79 68
49 64 13
47 9 66
18 54 46
44 57 91
16 74 39
36 41 25
73 48 3
39 73 23
92 22 48
3 85 34
57 88 65
9 44 45
39 24 75
93 30 26
71 83 49
56 11 8
51 46 42
16 20 52
45 31 81
97 59 95
4 9 33
62 41 20
20 35 56
64 16 8
6 9 37
54 66 11
22 65 72
93 47 99
89 81 18
3 1 66
3 55 76
30 47 48
79 15 23
59 43 97
32 71 95
54 68 32
29 86 17
49 87 66
76 4 45
29 16 70
84 10 45
67 33 4
54 79 8
9 15 59
32 61 70
69 38 48
89 29 50
26 60 0
42 4 23
80 71 82
66 71 76
6 98 93
10 8 48
62 61 82
37 0 69
13 16 4
5 48 70
39 77 19
25 18 45
80 44 88
56 84 54
4 72 51
35 74 10
55 49 64
69 35 7
86 45 28
89 12 70
45 35 17
6 35 21
71 54 35
38 53 82
0 92 35
61 93 80
61 9 98
13 3 60
9 63 17
44 74 31
64 30 27
54 23 71
90 60 83
68 97 79
1 83 11
18 20 62
52 93 86
98 55 87
53 30 74
85 73 89
14 24 19
10 66 67
37 45 95
70 80 88
81 25 29
77 33 57
73 94 23
17 4 27
38 15 62
16 97 42
23 42 72
90 70 84
44 40 91
26 71 81
38 91 40
11 42 20
83 15 99
46 57 38
78 55 72
68 22 45
93 28 92
0 54 67
66 95 93
27 23 15
92 23 82
0 99 51
41 39 34
34 11 21
52 52 34
63 58 73
58 66 96
47 2 98
3 3 26
80 15 38
65 52 56
55 90 69
98 71 71
45 10 52
61 66 88
90 54 0
57 61 39
47 82 87
49 87 52
45 10 17
84 16 53
23 90 44
98 81 42
61 68 10
97 8 57
7 79 79
36 14 8
68 57 7
47 9 26
10 84 47
72 42 49
19 75 7
64 56 39
30 37 43
49 84 56
40 91 72
73 17 14
7 93 49
57 56 98
87 50 48
84 96 56
46 13 58
69 44 72
69 2 80
44 90 30
69 43 27
12 67 0
31 10 1
83 12 32
58 87 15
63 32 36
31 60 25
7 39 66
64 38 28
85 95 80
55 36 3
40 88 55
4 97 90
41 29 9
37 80 88
60 38 57
51 88 48
42 32 11
34 5 64
54 73 92
27 56 54
43 38 40
7 77 87
59 34 46
32 97 45
48 11 69
35 73 20
75 48 81
41 15 9
41 96 44
56 75 17
1 29 46
58 57 98
54 12 64
31 75 58
95 31 87
75 15 52
85 91 23
15 44 53
13 57 44
70 13 3
2 47 22
60 63 55
56 9 48
39 90 83
85 73 42
44 26 30
26 48 20
38 20 30
59 3 66
70 27 27
56 46 4
70 78 75
10 70 58
4 42 78
70 27 42
88 41 81
30 57 95
17 20 53
86 49 70
69 81 75
88 93 77
74 57 49
62 76 60
86 39 23
74 24 63
65 24 45
15 80 26
53 58 20
35 6 28
15 79 94
58 82 34
1 86 62
15 81 56
35 18 70
21 90 19
94 8 60
16 31 59
20 11 17
33 86 3
91 45 76
16 82 76
25 93 98
45 32 26
98 47 49
56 32 35
46 18 88
22 39 87
46 67 80
9 57 43
17 15 18
7 4 19
51 1 95
13 41 37
20 53 99
30 69 65
33 35 1
74 59 54
86 3 37
48 55 61
11 18 28
73 17 44
83 35 1
16 25 22
2 73 86
44 7 81
40 79 33
70 32 32
93 53 37
7 52 52
91 3 51
15 3 82
63 78 2
78 79 22
4 69 61
29 99 0
10 32 68
17 78 59
8 70 64
73 7 90
66 64 48
75 62 52
90 63 65
41 92 29
84 4 18
59 80 85
42 59 50
19 24 54
18 57 21
37 40 52
78 46 48
28 41 67
5 97 30
96 80 98
89 77 79
68 23 58
65 19 76
19 13 15
70 60 10
26 16 30
88 87 81
61 5 48
5 17 0
12 32 21
54 51 87
50 66 43
29 74 69
68 24 52
74 24 10
16 96 81
10 48 18
8 4 91
96 26 25
57 78 86
16 49 44
12 80 47
97 27 36
27 13 72
63 49 24
26 33 25
6 17 32
75 98 52
75 8 13
72 48 94
61 36 69
97 80 43
67 60 26
63 52 18
61 62 79
7 26 36
34 18 70
72 29 95
81 59 61
73 87 71
22 6 27
64 28 24
35 28 91
80 78 5
20 77 66
28 85 92
97 86 61
83 5 98
4 57 57
0 33 92
25 23 50
93 63 98
35 20 14
12 34 18
41 81 54
45 44 37
47 36 90
88 56 94
68 16 91
98 9 53
29 36 51
69 17 90
24 71 61
83 51 5
20 89 59
86 6 46
30 32 50
12 15 55
82 72 24
41 65 51
60 82 80
31 81 18
66 49 60
73 57 59
14 13 37
51 61 61
18 85 53
46 31 80
38 54 21
31 67 74
51 4 17
95 74 58
37 36 87
30 58 35
38 50 53
11 61 35
87 49 37
29 7 74
5 71 6
53 50 19
31 71 83
68 81 90
27 53 4
5 33 70
32 31 76
70 16 58
82 77 72
11 62 75
40 60 48
4 61 35
42 53 51
41 37 45
6 9 25
65 89 27
94 97 99
45 13 0
5 13 95
38 92 39
6 33 39
33 23 75
89 83 55
73 91 88
4 11 11
91 88 81
44 51 31
42 75 64
72 76 17
63 91 33
15 38 11
61 83 34
73 54 4
81 65 37
83 7 55
67 34 31
72 83 16
88 46 46
37 50 9
95 69 76
22 59 71
91 44 57
3 86 59
71 34 17
76 81 60
5 49 88
52 41 67
4 24 12
99 94 71
43 99 72
84 65 32
1 0 71
96 43 84
89 27 35
79 87 16
37 55 87
79 3 37
38 45 23
95 29 32
37 37 97
38 58 27
26 12 51
70 74 42
71 19 47
89 30 70
45 93 32
54 12 11
86 69 42
9 26 32
3 78 77
19 50 20
56 53 93
69 88 1
96 31 41
66 10 23
27 21 18
87 14 40
47 84 64
91 89 97
53 73 19
98 49 76
61 77 15
20 42 55
90 40 13
55 21 42
65 23 53
49 54 71
43 20 51
83 23 64
79 45 13
43 16 89
27 2 48
37 30 30
79 85 83
10 53 77
9 19 46
91 2 52
22 71 80
90 25 34
46 45 3
3 7 5
27 39 29
51 99 57
