30 53 6
79 5 59
96 89 32
96 98 93
4 16 59
96 79 40
46 60 44
44 16 9
49 87 66
87 52 3
80 81 1
58 52 58
9 65 26
1 8 47
63 77 26
4 37 33
27 28 93
27 6 45
48 30 45
41 94 19
74 81 25
30 24 33
8 40 9
79 35 9
79 16 81
5 28 66
43 66 9
26 19 90
43 9 5
64 93 47
18 28 30
63 65 26
5 6 66
16 69 9
26 75 59
70 22 45
4 75 81
88 49 1
3 16 39
58 45 6
1 93 19
3 86 81
37 30 85
46 45 6
61 77 32
64 30 87
11 13 45
7 63 19
58 13 10
84 77 54
32 97 45
26 16 9
49 40 68
44 79 40
37 37 19
49 87 91
96 89 66
26 86 59
70 53 33
4 24 9
54 66 5
4 13 6
36 22 45
7 30 27
9 37 45
5 6 32
82 56 41
84 77 45
88 81 82
4 10 26
80 19 1
63 77 32
45 91 19
0 58 90
28 45 44
28 52 58
36 13 6
96 6 66
26 86 81
46 71 3
26 81 41
74 54 9
87 45 10
54 81 9
46 52 10
16 81 54
9 10 54
28 13 6
88 19 24
70 45 58
54 69 25
49 79 68
82 19 1
26 5 39
96 72 66
26 91 19
48 44 45
38 5 39
16 9 25
80 56 90
87 71 3
70 13 58
96 40 66
84 65 54
4 15 26
4 10 69
7 30 87
36 53 33
58 52 44
28 13 10
87 13 58
5 89 93
26 58 90
8 87 9
38 35 81
9 4 45
41 54 54
28 45 3
26 19 24
7 93 19
41 66 5
32 28 32
44 79 91
96 72 9
74 81 5
16 66 9
48 4 30
1 63 92
96 98 45
45 91 27
38 16 81
56 16 40
88 81 1
9 77 26
70 22 92
38 86 39
87 13 6
70 71 10
80 49 41
48 4 85
11 22 92
87 71 6
49 40 91
26 16 33
4 36 26
79 16 33
96 87 40
16 54 9
70 13 44
36 13 33
79 35 39
7 30 19
56 79 40
8 72 91
56 79 68
9 10 69
41 9 54
1 91 47
41 81 23
36 13 45
61 77 54
27 6 93
48 4 45
5 97 30
32 98 32
4 15 45
96 89 45
4 37 9
41 4 79
56 79 91
9 94 30
58 45 10
11 13 92
88 56 82
84 36 69
32 98 30
43 54 5
96 16 66
26 19 82
1 91 92
74 54 25
80 56 82
1 93 92
38 35 33
41 37 19
80 19 24
70 45 44
4 22 9
18 97 93
5 28 30
70 22 9
54 9 23
70 45 6
41 37 85
37 30 30
82 81 24
41 44 79
82 81 90
30 13 33
9 15 54
45 30 27
63 36 69
28 45 58
26 93 47
8 16 91
5 28 93
82 19 90
3 5 81
45 93 27
64 8 87
49 79 40
45 30 87
96 98 32
49 40 40
26 35 9
28 45 10
3 16 9
84 77 32
45 63 19
88 58 1
79 16 59
43 69 54
64 91 47
70 24 45
79 16 39
79 86 9
38 86 81
26 16 39
96 6 32
70 52 6
45 93 87
26 35 81
9 65 45
82 81 41
11 13 33
3 86 59
44 79 68
27 89 93
7 94 45
16 9 9
41 9 25
63 10 54
9 30 19
56 72 40
70 37 9
96 40 68
43 81 54
63 77 69
3 86 33
96 89 93
87 45 58
8 79 91
61 10 26
0 56 90
4 65 32
26 30 92
87 52 44
4 77 32
26 56 82
88 49 82
26 93 87
70 37 92
4 86 9
26 19 41
16 66 54
30 24 6
8 79 40
64 63 19
70 37 45
44 40 68
5 98 45
5 97 66
4 53 6
70 24 9
54 9 54
49 40 9
26 75 33
11 53 6
54 54 9
41 4 45
70 53 9
54 54 54
38 35 9
1 8 27
32 98 93
41 37 45
96 97 93
82 58 24
4 13 45
3 35 9
11 22 33
58 71 6
58 60 3
1 63 19
46 71 10
74 69 23
63 15 54
46 71 58
84 15 69
1 30 92
11 53 9
41 69 23
3 75 39
41 81 54
0 81 90
70 53 45
45 8 27
41 94 30
82 56 1
27 98 66
44 87 40
11 22 9
3 75 81
26 8 27
70 52 44
49 79 9
82 49 82
79 35 59
74 9 23
30 37 9
26 16 59
26 30 87
56 40 66
64 91 92
63 77 54
0 19 41
84 10 32
26 30 27
1 8 92
96 79 91
37 30 19
41 44 45
32 6 30
84 36 45
26 49 41
70 71 3
9 77 32
27 28 32
54 54 23
9 37 19
9 4 30
80 49 82
7 93 47
46 45 58
45 8 92
7 4 85
74 66 54
3 75 9
8 16 66
37 37 79
4 16 33
1 30 87
45 30 47
28 71 44
11 24 33
96 97 32
9 36 32
4 77 45
4 16 39
26 91 27
96 87 68
41 54 23
26 5 9
70 45 10
44 79 9
64 91 87
11 37 9
63 10 32
18 89 66
61 15 26
63 65 32
63 65 69
79 35 33
4 75 59
30 13 6
8 87 91
79 75 39
43 66 5
61 65 54
9 37 30
45 63 47
54 66 54
48 94 45
44 72 91
26 19 1
26 5 59
82 19 41
5 89 66
36 24 6
41 69 54
26 8 47
7 30 45
74 9 25
27 98 93
48 94 85
28 60 6
41 66 54
56 79 66
7 4 45
63 36 45
41 4 30
26 35 59
63 15 45
41 30 85
80 58 24
96 97 30
36 37 9
7 93 92
16 66 23
16 81 9
43 81 25
18 89 32
26 91 87
54 81 5
84 10 45
18 98 45
27 89 32
56 87 40
79 86 33
61 15 69
49 72 9
7 37 79
45 93 47
81 14 19
82 49 1
4 36 32
11 24 6
56 72 91
61 36 54
87 60 44
35 28 53
96 87 66
3 86 39
41 4 19
0 49 41
87 52 6
88 19 90
28 60 3
56 16 68
96 6 45
82 56 90
49 39 32
88 49 90
43 9 25
5 97 45
46 52 3
44 87 9
70 13 9
4 5 9
16 9 5
56 72 9
56 16 62
7 44 85
1 8 19
8 72 66
70 71 44
70 60 58
64 30 47
32 6 45
61 77 45
26 91 47
63 15 32
32 6 66
80 56 41
30 22 9
84 36 26
88 49 41
16 66 5
7 8 92
56 16 91
27 89 30
28 13 44
88 58 41
74 69 9
30 13 92
61 10 45
70 13 33
58 60 6
18 89 30
38 86 33
27 89 45
82 19 24
45 63 27
41 54 25
63 15 26
16 9 23
32 97 32
9 44 85
7 30 30
41 66 9
4 36 45
70 37 6
37 44 19
74 81 23
87 60 3
96 16 40
30 37 6
3 16 33
79 86 59
27 98 32
87 45 6
56 87 91
26 81 24
88 56 90
84 15 54
37 4 79
32 28 66
36 53 45
4 37 45
26 12 47
87 13 44
48 44 79
56 87 66
43 69 5
36 24 33
38 75 39
49 16 66
18 6 45
3 35 81
4 24 6
63 10 45
27 22 63
82 58 90
98 47 8
78 8 85
61 65 45
4 37 6
30 37 33
26 8 19
45 30 19
5 97 32
7 94 85
4 65 45
48 4 19
87 13 3
5 6 93
46 13 44
26 75 81
3 5 33
26 75 9
27 6 32
32 89 30
48 37 79
46 52 44
3 5 59
26 49 82
63 65 45
26 56 1
44 33 52
58 60 10
26 86 9
82 56 82
37 94 45
1 30 27
84 10 69
46 60 3
7 4 19
70 22 33
9 44 79
27 28 45
46 60 10
11 53 33
44 16 91
7 37 19
80 81 82
72 82 44
49 87 40
7 30 92
96 40 9
74 69 25
9 15 32
4 77 54
32 97 94
96 6 30
49 72 40
18 98 93
38 5 59
37 4 19
1 91 19
54 66 25
3 75 33
48 37 45
0 58 1
96 79 66
82 81 1
8 72 40
44 79 66
4 13 9
70 60 6
96 28 32
30 80 74
0 49 24
37 4 30
46 45 3
11 22 6
48 80 74
36 13 9
41 81 25
88 19 41
21 59 58
4 35 59
82 58 82
84 77 26
87 45 44
26 81 90
48 37 85
96 72 91
58 60 58
80 19 82
0 56 82
0 49 82
0 19 82
61 77 69
26 81 82
87 71 58
1 63 27
64 30 19
26 30 47
30 13 45
49 87 9
61 10 69
9 30 30
58 45 3
41 30 79
56 40 40
43 81 5
9 10 45
30 22 6
96 79 9
49 16 68
4 36 54
9 44 30
80 49 1
82 19 37
54 78 86
96 28 30
18 98 30
74 69 5
8 16 40
64 63 47
70 24 6
46 52 58
48 94 19
62 51 31
46 13 6
46 13 3
96 16 68
56 66 90
74 81 9
4 13 64
96 79 68
18 97 66
16 81 23
18 89 93
33 50 94
94 92 35
49 81 22
96 23 8
8 79 9
64 8 19
58 52 10
54 9 25
84 15 32
27 89 66
81 75 48
43 69 25
97 84 36
44 87 66
94 64 87
30 37 45
48 44 85
4 86 81
4 22 45
24 70 77
48 24 22
92 13 59
74 66 23
64 63 87
41 9 9
7 94 79
7 53 87
7 91 87
55 24 95
97 11 39
80 81 24
21 66 73
4 75 33
88 81 24
26 63 19
38 86 59
54 9 9
56 72 68
13 95 44
4 5 39
27 97 45
62 81 57
71 40 53
36 53 92
51 55 6
36 67 11
27 6 66
16 54 23
64 93 19
85 81 5
84 2 40
7 4 79
20 72 82
70 18 17
7 8 19
8 40 40
85 40 66
54 54 25
80 58 41
11 37 45
85 59 99
63 10 69
37 37 85
27 97 32
82 49 24
94 11 84
11 22 45
22 43 77
67 23 71
44 16 68
48 59 5
7 8 47
30 53 92
50 89 88
10 3 73
46 93 91
58 27 65
11 93 37
1 91 87
45 93 92
9 15 69
96 6 93
21 48 56
80 81 41
41 33 51
33 97 23
38 35 39
44 68 72
7 91 27
64 93 27
43 69 9
77 7 89
72 93 28
96 40 40
41 30 45
48 44 19
70 92 70
58 45 44
0 19 24
30 13 9
49 16 91
1 63 87
95 50 59
58 13 6
18 98 32
53 69 0
82 81 82
4 65 69
41 44 19
84 10 54
16 66 25
91 40 26
58 51 98
5 6 45
85 35 67
27 97 93
61 65 32
94 61 55
29 83 85
26 63 92
32 89 45
44 72 9
99 70 33
48 73 68
26 30 19
99 6 27
66 81 56
43 81 23
41 54 9
48 94 79
61 36 26
83 8 29
82 58 41
30 24 45
89 5 58
16 54 54
60 56 53
43 69 23
9 94 79
37 24 5
4 16 81
9 46 13
44 40 91
22 49 14
37 44 85
42 92 48
59 87 72
1 8 87
32 97 93
41 81 5
80 56 24
38 37 10
57 90 65
44 16 66
0 58 41
83 55 17
83 26 12
7 63 27
21 53 77
54 81 54
36 47 58
70 24 92
70 60 3
4 53 92
28 13 3
37 4 85
84 51 88
84 36 32
26 35 39
66 42 43
7 8 27
44 72 68
3 83 55
16 81 25
10 68 30
11 37 6
96 87 91
5 81 39
86 68 57
40 91 44
3 5 9
98 70 87
22 9 37
91 7 87
12 26 9
70 53 92
86 11 77
90 68 47
28 20 78
47 88 30
49 72 91
92 69 75
56 51 65
87 54 3
95 8 13
96 11 87
21 83 74
54 66 23
81 6 21
78 63 1
9 20 32
8 79 66
42 72 16
30 36 25
27 6 30
37 37 58
64 8 27
27 62 69
3 16 59
54 81 23
37 94 85
88 81 41
75 42 44
11 91 91
46 71 6
87 1 92
3 29 7
8 40 91
80 19 41
8 40 68
71 31 2
80 53 83
38 5 81
45 8 47
70 13 6
44 32 53
79 35 37
45 32 61
84 58 68
96 28 66
18 97 45
19 41 97
64 89 28
98 66 22
96 72 40
4 24 92
75 86 27
8 72 9
45 8 19
49 44 92
58 96 68
7 37 30
11 37 33
36 37 6
26 91 92
38 2 57
16 62 92
34 92 35
49 72 66
26 58 41
30 39 74
58 88 42
32 97 30
9 65 69
15 89 26
74 81 54
0 56 1
35 41 23
16 37 46
7 6 97
26 75 18
92 74 96
34 41 37
77 91 64
72 80 24
44 57 49
36 53 6
35 70 26
2 37 90
30 37 92
79 75 81
64 79 86
34 94 69
41 54 5
37 24 41
43 66 54
92 60 69
36 34 29
8 40 66
81 47 24
26 75 39
80 99 19
70 52 58
61 51 26
8 3 58
41 94 45
30 22 92
4 22 33
30 24 9
96 28 45
27 82 84
95 37 70
90 4 31
24 96 58
38 2 81
56 79 9
96 87 9
16 18 77
61 77 26
81 39 11
4 13 92
11 53 45
4 27 54
26 49 1
82 73 52
66 98 44
28 71 3
45 91 87
87 52 58
95 57 90
55 82 59
43 9 0
61 17 87
63 1 53
79 17 43
97 85 92
13 9 24
48 97 57
61 15 32
26 58 82
44 72 66
99 42 93
70 13 3
49 72 68
25 78 27
96 98 30
46 52 6
52 16 93
23 74 94
7 44 19
37 30 45
87 61 94
20 93 82
96 53 7
84 65 32
88 9 24
30 16 67
64 71 72
37 44 30
87 83 32
59 10 11
54 66 9
26 86 39
95 76 85
36 46 90
58 96 53
