27 98 93
36 24 45
80 19 82
0 81 24
45 30 27
4 86 59
41 66 5
80 56 24
38 75 59
74 69 54
7 44 85
96 97 45
1 93 19
36 13 9
16 66 9
88 81 90
0 58 1
32 28 32
18 98 93
7 63 47
3 75 59
28 71 58
38 86 33
44 87 66
4 36 26
9 65 69
4 10 54
48 30 79
96 87 9
44 79 40
48 94 19
41 69 25
82 58 24
87 71 44
70 71 58
82 19 24
26 16 9
45 91 87
63 24 77
28 45 3
44 40 9
28 52 10
4 53 92
63 10 32
74 54 54
70 13 58
82 49 1
26 8 27
44 16 9
9 10 26
45 63 92
32 6 66
16 66 23
26 19 1
0 81 90
43 54 23
9 10 69
26 75 9
4 5 59
46 13 58
26 63 92
9 77 54
26 19 82
4 10 32
26 86 81
3 75 81
38 5 33
2 80 7
80 81 24
56 79 91
43 69 25
22 64 40
56 87 91
1 91 87
82 19 1
44 16 91
27 28 93
68 90 3
21 5 10
3 16 59
87 24 24
79 12 82
84 15 54
41 30 19
7 93 47
3 5 9
54 69 25
35 52 3
58 52 6
49 87 91
69 56 98
41 37 85
18 89 30
7 91 19
9 30 30
18 16 68
89 33 97
61 10 45
9 10 32
49 87 66
4 5 9
27 89 66
83 62 6
75 48 34
23 11 7
49 79 66
97 3 26
26 8 92
3 90 20
3 5 33
4 53 45
52 46 63
38 86 9
80 56 41
18 72 86
38 5 59
15 75 83
36 22 9
84 10 45
30 37 33
26 5 39
41 94 85
30 37 6
43 69 5
3 86 81
32 89 93
82 81 24
26 5 59
9 65 26
32 35 10
48 37 85
36 13 92
7 39 83
4 35 59
9 94 19
96 89 45
56 40 66
18 85 53
41 4 19
7 37 85
61 36 32
36 94 88
59 2 75
90 33 76
7 30 47
16 54 9
19 90 80
58 23 74
46 60 10
49 40 66
64 49 1
0 56 24
13 2 43
72 83 84
45 52 41
43 54 9
50 87 98
18 28 66
4 13 17
39 79 16
28 60 44
2 90 40
18 6 32
96 98 45
45 56 79
45 87 77
0 4 47
44 16 40
96 61 83
87 48 65
57 35 79
63 13 67
37 24 51
33 61 51
4 15 54
74 58 65
44 50 46
26 16 59
38 16 33
61 10 32
24 24 73
38 5 81
95 66 26
70 24 9
80 98 82
11 52 60
41 54 23
96 87 91
28 26 22
44 89 53
75 37 53
1 8 19
66 5 4
62 58 47
41 44 79
28 60 10
83 75 76
30 27 76
18 1 19
87 43 22
28 83 15
92 0 18
64 63 19
36 58 39
29 40 26
5 6 93
76 53 30
64 56 19
1 93 92
57 54 6
61 19 99
87 13 58
74 63 96
82 58 90
63 26 9
35 11 33
37 68 54
86 2 48
16 81 23
56 63 73
74 81 9
96 79 68
37 80 38
72 67 67
38 5 9
38 75 39
8 68 94
40 27 84
9 77 45
70 13 3
8 59 34
85 85 80
53 87 74
4 16 39
59 33 52
55 44 74
15 12 46
18 6 45
76 83 76
74 81 54
5 6 66
43 69 23
99 79 1
53 43 18
7 30 87
36 37 92
79 44 45
83 19 26
56 79 66
32 98 30
36 53 33
19 8 61
26 10 52
80 49 41
44 16 66
74 66 23
70 22 96
94 70 96
61 63 27
9 79 54
25 22 24
44 79 68
80 58 82
31 70 6
95 5 88
82 14 68
48 4 79
67 11 66
57 31 60
97 53 47
87 3 14
88 7 53
38 14 8
43 39 90
18 97 32
85 72 93
4 13 33
43 9 25
4 22 45
58 45 10
16 39 30
38 5 39
6 30 50
41 55 5
9 61 90
55 17 57
64 86 81
36 24 92
9 30 79
26 10 78
2 66 84
48 53 88
74 66 54
53 64 41
62 89 79
41 76 51
79 69 99
4 5 39
59 44 77
30 37 45
19 21 18
41 37 19
38 35 9
80 18 8
21 55 27
71 5 71
8 41 13
27 40 37
45 18 58
77 88 90
46 60 58
50 36 66
98 13 92
75 77 89
92 86 39
40 1 4
96 90 58
67 2 44
37 20 64
74 40 81
23 94 61
58 60 6
26 86 39
16 9 54
94 52 10
58 80 94
72 5 40
63 15 54
0 30 49
84 33 62
22 46 93
88 56 90
57 34 61
56 90 5
38 41 51
73 89 36
70 94 5
27 89 45
41 37 13
64 85 84
44 87 9
49 40 40
29 24 28
58 31 2
48 30 85
87 71 3
16 9 25
28 70 54
26 93 27
80 96 74
9 81 33
46 52 44
53 79 48
23 68 84
46 48 80
20 44 3
3 86 39
27 89 93
90 82 30
11 65 16
88 62 77
19 43 82
87 13 44
51 28 72
73 1 97
4 31 68
0 58 82
8 6 99
64 90 67
93 59 54
95 96 51
20 60 92
84 89 84
97 10 21
21 77 44
76 88 45
56 16 66
12 52 71
99 18 62
87 35 34
7 94 79
7 59 22
82 6 41
38 86 81
41 94 45
29 75 6
20 34 60
25 87 48
0 52 59
20 90 29
87 68 77
59 83 7
61 65 54
63 87 59
8 87 40
7 91 27
84 36 54
76 3 96
13 1 17
12 57 92
23 90 68
58 8 54
19 39 81
57 61 83
31 75 58
67 91 42
76 92 25
79 84 78
95 45 79
0 56 41
70 24 45
26 35 33
4 24 6
43 52 36
47 75 84
41 66 25
16 69 25
85 1 92
61 56 12
59 67 52
27 6 93
9 17 61
82 18 32
13 30 49
83 74 51
91 26 50
82 23 87
47 9 6
98 96 88
76 54 71
67 6 87
96 35 34
35 84 85
84 66 83
23 45 97
87 13 10
70 35 86
74 25 15
56 87 68
57 16 40
51 50 33
45 35 59
87 52 10
9 81 13
35 70 71
29 92 43
98 84 37
99 73 0
54 69 3
52 77 79
10 93 69
88 53 43
27 28 76
32 47 27
96 1 79
17 27 27
70 71 3
9 31 63
10 78 80
98 11 7
94 32 84
31 56 91
89 32 47
2 56 44
19 88 7
33 65 18
64 30 19
37 44 45
77 81 93
63 84 68
90 83 64
92 39 71
20 70 15
43 92 38
78 98 14
9 44 85
51 0 76
84 65 69
31 27 39
89 29 69
36 72 32
79 5 59
32 43 3
30 5 99
43 66 23
14 77 41
80 19 24
67 82 47
54 66 23
36 9 9
59 69 67
97 66 71
29 30 37
65 91 45
87 23 0
75 86 16
30 65 19
52 44 19
46 11 33
4 24 33
78 72 22
95 9 13
85 2 73
29 76 74
64 34 5
3 8 10
28 74 1
58 79 75
22 27 42
84 13 39
92 90 43
58 18 46
16 29 23
46 7 23
41 44 19
34 70 99
39 31 11
50 0 21
45 10 21
79 35 59
90 57 30
72 24 88
3 38 30
46 60 44
87 98 99
71 45 90
53 32 93
85 99 68
36 13 23
26 0 99
71 1 86
25 12 74
0 7 75
4 48 3
56 8 18
58 60 10
0 47 85
5 57 3
60 0 39
81 93 8
99 31 35
21 46 21
0 58 90
58 36 66
18 94 0
74 47 98
60 12 75
30 13 9
32 98 66
58 45 3
0 44 49
59 73 74
88 58 90
68 25 79
64 34 80
15 80 20
39 51 13
46 52 3
1 54 30
38 89 35
5 3 53
75 42 51
32 6 32
92 52 65
88 58 24
95 88 39
88 27 86
84 28 77
56 35 56
96 61 6
80 83 97
68 43 68
26 93 92
43 75 67
99 96 73
80 88 77
16 92 86
10 73 36
7 4 30
80 58 24
95 89 24
68 25 24
88 33 90
48 46 36
64 91 27
96 35 56
63 51 61
4 77 54
23 44 90
0 55 69
4 78 44
2 5 69
77 9 92
88 27 65
80 54 84
86 38 84
59 98 41
38 51 91
79 70 20
44 71 8
63 64 57
97 55 85
74 29 71
84 22 43
53 31 22
87 52 3
18 89 45
73 9 41
92 7 22
10 31 54
22 65 32
96 47 53
78 1 29
36 28 93
37 15 32
6 23 7
87 61 20
7 30 92
84 77 54
41 52 99
83 59 18
26 96 67
46 78 23
14 74 64
94 11 41
73 5 33
87 52 34
55 80 48
8 87 66
76 35 39
75 61 74
10 1 12
48 4 30
45 31 9
27 31 55
28 99 70
26 87 4
93 17 42
3 35 33
76 42 14
12 77 69
8 56 46
58 50 35
91 44 36
31 32 74
10 73 68
35 99 42
29 96 26
75 43 68
53 5 40
63 10 26
45 18 82
12 70 72
4 89 47
38 91 1
2 81 85
12 65 18
78 30 46
29 50 64
72 25 56
27 30 66
36 8 94
12 39 28
61 49 20
51 8 60
60 2 11
42 76 79
38 55 53
29 77 77
40 2 1
23 1 75
91 88 12
4 65 26
37 79 3
75 19 90
32 55 13
70 37 33
30 40 38
31 97 17
50 16 82
17 95 90
94 79 16
87 28 0
64 63 87
93 78 88
88 49 1
21 66 55
9 36 54
76 49 90
72 26 55
86 34 80
17 52 94
91 22 17
7 48 17
68 46 99
58 22 38
24 83 82
4 86 39
15 17 34
61 36 45
36 93 15
57 68 82
27 16 83
44 53 3
13 3 23
42 86 45
0 60 65
9 96 48
57 10 48
61 20 48
20 58 54
75 59 14
71 90 7
35 68 29
52 66 12
26 49 2
27 6 30
24 33 17
21 93 8
2 89 23
85 56 54
5 77 18
8 87 68
70 26 75
47 94 85
25 15 42
45 12 69
6 57 4
84 20 79
90 13 70
42 93 79
88 56 82
82 62 12
1 68 36
25 35 8
49 87 68
61 77 32
26 56 90
12 57 1
18 94 70
37 25 12
0 19 24
40 63 77
61 37 69
49 79 91
13 60 73
5 46 61
30 93 39
4 69 11
16 54 54
90 35 2
35 77 86
8 37 97
63 49 68
97 24 44
30 73 96
15 19 40
4 15 26
42 92 7
0 81 82
43 61 68
29 77 99
45 8 19
73 93 45
6 85 43
51 54 71
65 0 25
65 6 30
33 53 10
83 95 84
88 8 37
79 86 9
44 37 15
89 50 11
36 53 42
38 94 73
1 13 13
22 73 79
63 15 68
13 60 61
64 59 11
28 45 6
61 15 32
12 28 65
76 79 69
58 45 6
82 14 40
96 97 32
66 18 63
88 55 88
86 89 76
11 61 21
30 22 92
90 71 50
16 61 81
26 47 17
3 98 93
35 37 17
27 75 20
6 4 38
79 76 67
87 51 89
1 91 19
44 17 50
92 31 62
14 28 48
61 3 12
96 54 69
50 44 59
75 97 14
6 28 39
1 48 63
56 23 45
96 46 42
32 19 50
37 20 24
17 54 48
99 84 97
15 31 2
17 6 16
23 36 6
66 12 9
13 51 73
44 79 9
10 47 72
13 25 13
55 16 94
50 42 71
59 16 63
2 26 29
25 2 5
45 30 47
26 35 59
77 57 40
25 99 33
74 54 23
96 89 32
98 21 97
16 71 50
44 49 72
69 62 11
14 26 8
48 52 78
6 3 7
19 23 43
56 87 66
64 63 47
43 84 40
30 14 66
93 83 52
4 96 33
9 10 54
75 91 36
7 70 43
33 87 79
1 8 27
32 92 44
78 59 48
78 73 58
68 27 29
64 7 84
40 84 81
31 97 40
8 57 0
7 68 86
94 3 80
63 24 21
81 16 84
46 71 44
4 77 69
33 32 26
32 83 70
44 72 9
89 58 22
4 75 39
92 27 25
36 22 45
20 70 20
80 21 45
72 25 48
71 87 74
76 31 37
53 9 5
49 12 73
3 65 93
38 60 47
30 70 51
51 76 62
62 5 99
80 25 49
40 70 19
38 50 21
17 96 98
79 53 67
98 5 11
2 71 55
51 81 12
45 52 33
63 70 82
31 72 12
62 21 28
90 99 27
83 8 26
67 75 78
27 31 49
26 30 47
26 72 83
13 73 25
55 69 44
2 97 94
41 54 54
66 14 8
28 0 62
49 43 6
87 45 44
87 2 58
19 46 56
62 1 86
63 41 32
70 22 92
5 39 56
3 18 64
82 68 45
24 97 91
35 91 47
87 51 81
68 17 25
79 22 5
81 73 59
43 51 51
97 59 75
38 24 28
90 68 60
37 78 40
93 95 5
10 17 10
47 9 93
68 35 53
85 55 86
32 42 32
27 49 52
62 92 92
15 87 91
92 81 44
17 57 11
63 38 69
61 27 89
99 47 56
53 49 34
93 81 39
53 18 35
54 9 3
18 81 65
61 36 26
47 72 28
67 97 94
0 56 90
53 83 9
71 7 78
58 8 66
5 99 37
97 58 27
99 17 82
70 59 90
63 7 75
3 65 60
43 13 65
8 73 16
96 68 5
94 17 94
4 53 49
88 5 86
65 68 95
81 17 20
26 46 77
56 73 72
44 79 91
64 11 42
10 36 11
37 24 12
6 26 70
41 94 19
93 64 85
84 79 44
26 76 2
45 91 19
9 48 60
16 16 27
87 90 76
65 23 51
1 32 86
1 68 9
30 16 42
63 87 30
99 1 46
15 5 87
94 61 87
33 98 58
52 88 73
85 13 78
