39 53 64
99 83 95
42 34 97
11 65 34
40 47 95
0 50 5
0 50 91
66 81 80
99 71 17
66 43 44
67 43 5
36 55 78
70 83 95
37 72 16
50 36 78
18 51 0
36 25 32
87 81 80
24 55 42
70 43 36
35 72 80
73 6 16
73 16 98
39 72 56
87 99 80
42 42 78
73 16 10
15 36 97
65 76 37
36 55 42
77 61 98
87 45 64
14 53 79
1 41 91
88 83 11
15 36 31
14 53 64
58 43 95
66 87 91
22 75 96
73 12 26
42 42 96
95 62 69
95 78 79
30 55 16
37 45 80
65 45 37
39 28 23
70 83 17
65 76 80
37 99 37
87 45 80
66 43 5
97 45 80
40 43 36
39 61 65
40 50 5
24 25 42
0 43 83
99 43 17
90 51 80
67 79 5
94 51 0
94 55 78
18 60 32
73 51 80
35 51 92
57 53 79
31 12 10
37 33 17
88 51 78
91 41 91
95 41 79
3 95 10
40 87 91
8 29 98
73 55 80
58 58 20
39 45 23
2 65 34
57 9 12
36 60 32
95 78 91
66 82 83
2 9 55
87 33 75
30 0 15
65 81 75
66 99 75
37 99 80
0 82 91
29 29 69
40 87 44
11 44 12
88 47 17
14 45 33
39 53 23
8 78 79
97 45 69
30 6 92
88 71 20
39 63 33
35 72 14
40 50 83
30 72 15
66 33 75
30 0 80
3 16 41
40 87 83
73 51 15
5 9 56
97 76 37
22 42 96
90 6 92
87 81 75
40 50 91
57 53 48
24 51 78
11 44 55
88 43 17
58 71 36
24 51 42
70 43 17
65 99 75
88 47 36
57 45 64
91 62 69
28 53 79
87 56 23
77 16 41
94 42 95
57 56 79
95 78 69
36 51 32
65 45 80
5 65 76
3 12 98
91 78 69
94 60 48
37 81 17
39 63 48
99 47 36
39 24 34
66 82 5
1 78 94
83 79 83
5 65 55
73 95 26
2 24 55
24 51 0
2 24 12
37 55 15
57 44 55
65 81 37
57 28 79
73 72 16
2 24 56
66 82 44
67 43 83
99 58 11
29 29 91
39 9 55
11 9 34
36 60 42
39 28 64
39 56 33
30 55 14
42 75 31
95 29 69
57 45 48
39 63 79
57 65 34
73 10 41
24 60 78
91 74 69
42 44 78
30 0 92
28 45 33
95 41 91
70 71 36
31 16 41
83 43 42
39 45 48
39 45 33
97 33 69
30 0 14
22 36 96
31 12 65
40 43 20
94 60 0
40 79 83
15 44 97
5 44 34
58 71 11
58 83 17
37 45 75
14 28 64
57 65 76
77 61 65
39 24 76
42 36 96
35 6 16
39 56 79
90 55 16
24 25 78
87 45 37
24 46 32
11 65 56
73 16 65
91 41 79
65 33 17
39 24 12
67 87 83
39 44 12
73 95 41
5 72 76
57 28 33
87 76 17
37 76 17
8 29 91
73 55 16
73 6 80
39 56 64
37 81 75
18 55 42
88 51 0
83 79 44
1 29 91
18 55 78
39 95 26
18 51 48
70 71 11
88 47 11
29 41 98
29 62 79
31 61 65
40 43 44
40 58 36
57 72 34
30 6 80
88 60 78
14 63 48
90 0 16
94 34 95
65 99 37
35 51 15
99 43 95
39 44 76
88 55 78
0 79 5
88 43 11
39 16 41
11 72 55
67 79 91
8 78 91
5 24 55
31 16 26
29 74 79
35 51 80
18 60 48
70 43 11
28 63 64
29 29 98
57 63 64
22 42 95
73 12 41
28 53 23
40 50 44
31 95 10
11 9 55
37 99 17
0 87 44
39 12 41
24 60 48
39 63 23
88 46 48
88 71 11
5 72 34
40 43 5
65 76 17
57 72 55
22 34 78
57 44 56
30 72 16
5 44 55
39 63 64
36 46 32
66 76 80
14 28 23
8 74 79
90 51 14
99 47 17
66 50 83
91 29 91
42 75 78
77 12 10
22 36 95
2 44 55
8 41 91
50 44 78
77 16 65
14 28 79
18 46 48
35 72 16
58 58 36
66 99 17
73 55 14
35 0 80
2 72 12
57 28 64
37 76 37
39 53 48
24 51 48
37 6 92
88 58 36
57 63 33
95 74 91
83 87 5
94 46 32
88 71 95
87 45 79
94 42 78
99 83 20
0 87 5
50 42 95
29 62 91
1 78 69
3 95 41
88 55 0
2 72 76
42 36 97
90 6 80
37 33 37
77 95 98
99 83 17
83 82 42
30 72 80
31 61 98
29 62 94
31 61 41
70 58 20
88 51 42
24 25 32
1 41 79
50 75 95
67 79 83
91 74 94
39 44 55
40 83 17
29 29 79
18 46 42
2 9 12
87 53 48
30 6 15
70 43 20
88 83 36
99 71 20
15 36 78
2 44 56
1 74 69
90 6 14
11 44 76
73 72 15
70 47 20
1 74 94
42 34 95
29 74 91
5 65 56
94 55 32
67 50 5
35 72 15
88 46 0
66 33 69
28 53 64
36 60 78
65 45 69
50 42 97
73 61 98
95 29 79
39 12 26
14 53 48
57 65 12
94 36 31
77 16 10
3 16 10
88 51 48
18 51 78
73 95 10
73 6 14
37 72 80
77 12 41
3 61 26
66 45 37
77 61 26
37 81 80
22 34 97
37 45 37
39 95 65
57 72 76
97 81 80
94 75 97
73 72 80
73 0 80
31 95 26
2 44 34
39 10 98
57 9 55
14 45 79
90 0 14
35 0 92
97 99 17
50 44 31
35 55 16
94 25 48
1 29 94
0 82 44
11 44 34
30 6 14
40 82 44
57 44 76
66 81 75
88 60 42
37 51 16
31 16 10
94 36 97
3 12 10
57 45 79
91 74 79
40 43 91
95 29 98
88 51 32
29 78 98
0 87 91
28 63 23
15 34 97
91 78 79
73 55 15
5 24 56
36 51 48
58 71 20
66 81 17
87 81 17
24 60 42
35 51 14
87 99 17
65 33 75
88 58 11
87 28 33
66 76 37
39 16 65
22 75 95
35 6 15
70 58 36
58 83 95
88 58 20
66 87 42
31 10 65
3 61 41
95 74 94
90 72 80
73 95 98
73 6 92
88 47 95
14 45 48
50 44 96
36 60 48
2 24 34
39 44 34
24 55 48
40 47 11
15 34 31
14 45 23
8 41 79
22 42 97
29 62 69
29 62 98
22 42 78
2 44 12
88 71 36
40 79 42
29 74 94
3 61 98
97 81 69
31 61 26
91 74 91
88 60 48
50 44 95
88 83 20
0 87 83
66 79 83
77 16 98
2 9 76
91 62 94
73 0 15
95 74 79
2 72 55
65 99 69
99 58 36
70 83 11
0 82 5
87 56 48
88 47 20
87 28 48
2 9 34
73 0 16
88 55 42
88 55 48
99 83 11
57 45 33
95 74 69
66 50 91
37 0 92
2 65 76
36 25 78
87 45 23
67 82 44
37 0 15
66 87 83
37 55 92
31 12 41
94 46 42
90 72 92
24 25 48
94 34 96
88 60 32
18 60 42
65 45 75
77 95 26
22 34 31
40 83 11
97 99 69
83 82 5
1 29 69
24 60 0
73 61 26
1 78 91
67 87 91
39 53 79
39 95 41
97 76 75
58 83 36
30 51 15
83 79 91
95 78 94
31 61 10
14 28 48
50 75 31
97 99 37
40 87 5
65 76 75
39 72 55
5 24 76
0 43 42
31 16 98
14 63 79
30 72 92
29 41 94
94 34 31
36 25 42
22 34 95
2 65 12
5 9 12
36 46 42
87 53 79
88 83 95
28 56 48
28 63 48
39 72 34
99 43 36
14 56 48
5 72 12
14 45 64
65 99 17
37 33 69
70 58 95
15 44 95
77 10 98
37 72 92
40 58 17
0 79 42
28 45 48
3 12 41
95 41 98
99 58 95
37 45 69
30 0 16
94 51 78
15 42 78
67 87 44
99 47 95
70 58 17
18 25 78
57 24 12
91 29 69
90 72 14
57 56 23
18 60 0
22 36 31
87 28 79
50 36 96
94 34 97
18 55 0
39 28 79
57 24 76
73 51 16
97 45 37
94 46 0
95 62 91
39 65 55
30 51 80
37 76 75
28 63 79
57 56 64
28 56 33
39 65 34
88 58 17
14 56 23
95 41 69
57 9 76
8 41 69
58 43 36
87 76 80
42 34 78
5 24 34
15 36 95
39 61 41
0 43 5
37 81 37
39 28 48
65 81 69
50 44 97
39 65 56
11 65 55
83 50 91
36 60 0
70 43 95
39 61 98
87 81 69
58 71 17
30 6 16
67 50 91
42 34 96
40 82 5
18 46 0
24 51 32
37 51 80
90 72 15
94 25 42
30 55 80
88 58 95
58 47 95
14 63 64
30 51 92
42 44 96
40 82 42
22 75 97
11 65 12
37 76 80
3 16 98
97 76 69
66 76 75
37 51 15
1 62 98
87 76 37
31 10 98
88 46 78
97 45 75
70 83 20
73 10 10
58 43 11
29 41 79
37 99 69
88 55 32
37 51 92
65 33 37
87 53 64
67 79 42
28 53 33
30 72 14
5 65 12
3 95 26
3 12 65
97 33 17
94 36 95
57 53 64
40 79 91
18 51 32
35 0 16
22 44 31
11 24 12
11 24 55
50 34 95
11 9 56
65 33 80
65 33 69
94 25 32
77 12 98
94 25 0
36 51 0
66 50 5
65 81 17
0 50 42
66 79 5
73 61 10
97 45 17
83 87 42
91 62 98
88 60 0
37 6 80
5 72 56
35 0 15
36 25 0
57 65 55
14 56 33
57 65 56
22 44 95
57 28 48
50 36 97
37 6 16
11 9 76
11 72 56
39 61 26
87 63 64
58 58 11
94 34 78
14 53 33
73 51 92
40 71 95
87 63 48
5 65 34
99 83 36
28 56 79
18 25 0
97 33 75
29 74 98
83 43 83
97 99 80
94 44 78
30 51 16
66 99 37
77 95 41
77 61 41
0 79 91
97 99 75
66 99 69
37 33 80
83 87 83
22 44 97
14 56 79
97 33 37
83 43 5
2 72 34
94 42 97
42 75 95
87 56 79
42 34 31
70 47 11
39 72 12
57 72 56
66 50 44
57 9 56
15 75 78
66 45 17
73 95 65
91 78 91
39 9 76
29 74 69
73 12 98
18 46 78
87 99 75
8 74 69
35 55 14
40 43 42
0 50 44
8 41 98
18 51 42
58 47 17
94 44 31
37 0 80
87 28 64
65 45 17
11 9 12
83 79 42
8 29 69
3 10 65
57 24 56
31 10 26
77 10 41
39 72 76
8 74 94
14 63 23
39 65 76
2 44 76
5 9 55
99 43 20
39 10 26
28 28 48
42 44 97
5 9 34
24 25 0
40 47 20
66 43 91
91 29 94
88 43 20
77 12 65
50 75 97
29 78 69
35 6 80
77 10 65
8 78 98
87 53 23
66 33 37
40 71 20
50 42 96
18 25 48
1 62 69
39 9 34
87 63 33
50 36 31
90 55 15
94 55 42
42 42 95
15 75 97
15 34 96
77 10 26
29 41 91
73 0 92
40 50 42
58 43 17
73 12 65
50 34 31
8 41 94
87 45 17
83 79 5
1 62 79
40 71 36
90 55 14
94 60 78
94 75 96
22 44 78
35 51 16
11 24 76
0 79 83
99 43 11
94 44 97
66 79 42
36 46 78
67 87 5
35 55 92
24 60 32
90 51 92
1 62 91
8 62 79
77 95 10
8 62 91
39 53 33
66 45 75
15 42 31
22 36 78
66 33 17
99 58 17
8 62 94
39 44 56
90 55 92
88 46 32
83 43 91
35 0 14
36 51 42
57 9 34
42 75 97
87 33 80
11 44 56
88 46 42
1 41 69
94 46 78
29 78 91
90 0 80
73 0 14
94 36 96
42 42 97
40 71 17
90 51 15
90 51 16
5 72 55
83 50 83
0 50 83
40 82 91
30 51 14
39 61 10
5 44 12
94 51 42
50 34 97
37 6 15
29 29 94
31 10 10
24 46 48
37 55 16
39 16 26
94 25 78
15 34 95
87 28 23
24 46 78
35 6 14
67 87 42
94 36 78
42 75 96
1 41 98
15 75 96
36 55 0
8 62 98
2 65 56
66 45 80
1 74 91
36 25 48
83 82 83
87 63 23
1 74 98
37 76 69
39 10 65
66 82 42
39 24 55
97 33 80
57 53 23
88 83 17
94 75 78
0 43 44
14 28 33
99 58 20
66 79 91
40 47 36
91 62 79
1 62 94
3 61 10
73 12 10
50 75 96
66 81 69
22 42 31
39 16 10
14 56 64
39 45 64
1 29 79
67 79 44
88 43 36
73 10 98
95 29 91
70 83 36
94 55 48
66 33 80
28 45 79
40 58 95
50 34 96
39 9 56
24 46 0
3 61 65
31 95 98
36 46 0
57 63 23
97 81 75
87 56 64
15 44 78
31 12 26
90 72 16
15 42 95
66 50 42
83 87 91
8 29 94
88 43 95
36 55 32
50 36 95
2 72 56
77 10 10
5 9 76
37 55 14
77 12 26
66 99 80
3 10 41
66 43 42
66 45 69
40 47 17
95 62 94
18 25 32
88 25 32
3 12 26
37 72 14
37 55 80
73 16 41
40 43 17
3 10 98
73 72 92
73 61 41
18 46 32
87 81 37
39 12 65
83 87 44
39 12 98
35 55 80
3 95 65
57 56 33
28 28 23
87 45 69
