11 65 76
39 9 76
12 1 62
11 72 12
39 45 49
11 9 56
11 72 6
2 24 34
74 1 94
1 29 79
12 20 63
30 28 1
37 84 40
63 45 87
31 10 10
40 9 3
34 36 79
65 73 33
83 72 60
63 27 42
21 27 56
70 51 58
39 61 26
94 25 78
62 24 28
99 43 36
59 29 15
78 76 51
19 77 68
50 89 59
55 32 33
21 36 41
19 72 53
11 9 12
94 74 50
66 70 93
95 29 69
93 91 18
52 12 33
47 72 49
31 95 41
63 10 44
2 55 40
6 31 74
50 46 60
4 51 29
22 36 95
57 76 7
94 45 63
32 71 75
96 19 81
48 47 53
97 24 46
74 5 75
69 75 23
20 48 74
61 27 21
95 18 75
86 62 55
15 30 82
20 66 58
57 28 79
3 52 90
20 25 68
66 82 44
50 75 97
36 49 23
63 20 34
30 1 79
5 24 56
23 51 12
2 4 10
85 42 42
37 0 92
57 9 34
50 84 79
73 77 51
58 76 80
99 24 96
21 17 29
99 30 2
61 85 6
99 58 20
48 77 33
12 53 83
34 45 0
39 37 40
72 3 79
39 9 56
4 57 52
95 48 27
89 88 51
58 58 20
95 32 30
10 5 3
31 46 72
74 16 85
84 48 99
81 46 53
56 13 90
4 86 82
0 79 42
81 21 8
68 5 72
42 34 78
94 35 19
37 82 3
25 42 13
22 51 1
11 65 55
82 61 30
97 33 80
24 51 42
97 9 86
15 67 6
40 82 5
75 49 19
29 0 82
5 73 41
36 46 78
10 40 7
86 17 10
51 92 35
48 74 52
54 34 34
73 72 17
54 90 70
81 56 2
37 46 28
70 58 36
6 41 77
88 98 30
28 90 34
2 40 90
45 0 96
34 8 28
63 48 62
95 82 88
89 83 1
50 46 70
50 2 90
61 7 78
40 71 11
34 51 48
2 63 57
56 10 82
92 47 86
98 49 63
51 45 25
39 53 60
7 71 83
57 41 55
91 3 50
87 81 69
45 22 36
91 23 51
29 29 79
68 97 7
93 82 79
28 1 93
69 46 29
23 6 12
13 33 57
16 46 78
95 41 69
14 56 51
87 82 86
76 14 26
87 76 46
99 11 26
34 53 6
32 6 38
3 69 45
1 29 69
72 21 63
62 81 30
74 70 11
40 79 83
28 81 15
18 39 83
27 16 65
14 35 28
41 81 61
53 4 94
80 50 68
81 92 65
46 38 55
10 1 99
80 43 42
23 14 87
5 83 37
6 2 78
63 45 69
94 42 78
47 73 76
99 63 42
73 16 65
59 64 57
61 42 67
65 69 36
53 2 41
67 70 36
62 50 25
72 83 73
82 83 62
25 3 99
12 32 54
4 86 56
89 47 39
37 45 10
64 42 16
19 73 48
98 38 84
87 99 75
0 44 89
28 65 29
93 60 40
60 42 10
69 64 93
66 45 80
58 26 2
1 71 63
14 72 67
23 6 13
95 27 67
40 20 22
92 82 68
53 70 39
42 73 33
96 32 10
99 47 89
31 12 98
12 20 18
97 95 32
8 29 98
77 95 26
4 79 86
73 51 16
98 68 29
37 99 80
80 65 36
6 29 19
11 37 93
43 32 42
94 18 86
10 56 56
16 16 6
13 10 40
19 23 54
31 58 66
52 80 31
24 68 8
48 75 78
51 11 47
24 5 72
29 13 81
19 66 75
18 57 1
47 92 42
96 14 59
77 26 31
73 52 45
53 58 75
38 61 87
94 5 11
32 65 67
6 8 76
62 78 49
87 63 82
33 32 67
73 6 15
31 53 26
22 23 9
94 36 95
56 35 59
41 45 52
28 3 18
88 24 32
51 21 81
16 15 71
83 27 28
96 52 67
56 31 6
68 40 93
50 16 31
17 93 9
53 24 96
29 29 94
31 95 98
5 15 7
98 45 59
67 16 21
15 93 16
41 39 52
37 81 37
52 29 29
51 13 73
16 44 96
86 77 77
87 39 13
95 30 26
29 57 15
83 16 47
83 2 73
91 32 15
35 64 61
34 98 98
6 11 46
0 87 5
96 49 27
1 62 45
31 62 86
42 75 78
40 79 10
23 71 63
0 50 80
45 69 53
64 13 73
64 47 88
66 66 66
97 18 16
24 48 22
83 19 77
55 92 28
74 98 7
88 18 21
14 73 9
39 53 48
20 95 75
18 46 42
66 43 42
32 25 38
97 72 72
84 39 89
91 74 94
75 63 48
90 7 46
30 88 80
68 36 53
65 5 76
39 51 3
84 70 84
22 57 8
8 36 8
25 73 20
16 4 22
27 37 45
71 2 20
79 14 88
47 34 64
6 46 73
24 64 70
35 53 43
16 25 82
26 96 42
79 27 26
40 23 29
65 22 70
46 42 7
26 54 4
98 64 26
94 44 97
20 29 47
66 31 29
99 70 79
43 85 7
18 23 20
52 67 44
34 13 22
42 35 50
10 96 81
14 61 17
91 25 38
87 57 82
31 45 40
66 45 17
0 27 45
93 98 81
5 26 6
65 38 69
25 52 5
80 26 63
40 55 20
85 14 41
83 28 5
37 23 58
37 49 34
79 49 84
85 80 66
50 44 78
20 39 23
2 28 47
61 44 59
28 20 29
70 31 46
36 64 44
63 76 82
16 93 69
46 16 58
35 58 42
64 74 98
70 2 85
35 64 96
92 50 42
0 57 57
52 93 96
12 69 12
19 58 61
40 17 4
23 67 16
83 8 0
51 90 88
57 92 99
89 80 19
24 15 53
50 2 91
56 76 18
69 36 3
62 54 23
14 70 51
41 87 44
87 24 30
55 18 11
2 8 22
34 82 7
4 53 88
83 37 71
64 74 18
38 28 9
54 85 10
78 62 39
33 57 74
68 47 48
36 46 48
61 0 66
3 61 90
12 20 51
39 56 64
32 19 64
53 80 84
14 90 81
17 77 31
6 81 49
89 31 28
27 70 3
72 13 38
8 33 18
7 93 19
40 48 84
61 65 75
97 35 13
39 12 88
37 81 17
26 43 7
72 14 1
2 43 81
94 34 31
9 99 53
22 90 83
4 65 14
13 36 64
5 89 3
92 27 0
15 84 20
1 89 10
19 9 31
80 62 83
15 58 12
8 10 42
35 55 80
6 20 51
44 61 59
77 14 89
88 16 74
68 29 61
73 96 65
37 69 64
49 11 35
15 59 75
25 24 31
67 24 27
94 55 48
64 10 74
76 49 58
11 55 42
58 27 53
60 46 44
40 24 4
87 31 53
48 62 30
11 24 35
13 53 4
49 1 66
89 91 72
92 41 59
65 33 17
36 51 42
95 53 62
46 24 25
42 15 28
36 79 43
46 72 77
38 92 51
65 71 36
64 19 74
62 69 82
11 9 76
91 22 25
71 2 41
82 17 39
28 15 57
17 5 94
15 61 65
91 28 97
77 43 48
31 66 55
0 70 50
88 92 9
5 27 54
20 55 9
3 7 7
63 71 0
79 25 27
52 22 22
34 85 28
51 36 24
29 82 99
63 4 73
58 92 77
4 71 83
52 17 53
96 75 85
4 32 4
89 24 68
73 91 82
43 15 97
8 42 0
65 38 53
60 23 54
61 49 27
21 76 27
27 95 2
46 78 75
37 67 75
21 3 71
8 8 13
13 0 85
66 29 4
65 93 13
65 25 53
66 41 92
59 89 75
99 87 55
81 89 6
40 90 67
11 60 33
48 7 10
91 14 23
64 58 29
44 45 82
39 95 69
6 17 63
77 71 85
78 63 68
17 67 24
63 29 5
5 89 51
66 17 33
12 26 35
34 41 50
40 70 53
52 26 32
42 66 3
21 80 63
70 83 95
37 32 70
17 91 77
84 99 19
39 50 36
92 77 1
17 81 3
18 29 41
69 76 63
20 43 69
67 97 21
65 49 39
4 62 66
75 78 6
8 66 54
37 32 55
49 9 34
88 21 83
67 13 30
40 22 51
38 86 78
27 39 4
74 44 93
88 58 89
64 2 89
40 3 12
90 84 95
38 20 35
5 83 73
29 2 91
34 95 96
78 41 38
30 75 75
95 35 28
83 48 98
65 15 91
5 67 22
7 32 94
58 15 49
84 19 98
7 77 59
93 26 54
42 33 64
87 53 9
26 38 12
11 72 34
57 16 61
78 56 62
78 30 5
60 98 0
92 39 18
90 85 40
90 28 70
64 94 5
61 87 16
4 42 94
24 34 66
84 5 73
89 15 80
81 22 96
99 81 96
12 91 65
36 6 85
99 64 38
5 90 33
76 11 93
66 59 59
95 16 20
67 66 46
62 17 0
21 29 23
29 98 36
58 31 58
66 78 21
35 6 80
46 45 47
24 6 89
62 38 75
9 22 98
54 97 62
60 94 73
61 17 89
59 20 59
3 7 27
70 21 12
97 71 40
75 86 86
93 34 14
21 70 21
20 99 25
43 73 49
6 69 30
85 22 10
82 46 50
53 94 87
2 55 34
73 5 40
65 35 95
2 60 3
11 73 66
44 85 88
7 44 26
31 94 90
66 83 24
82 89 12
37 51 84
21 12 62
51 61 76
95 98 59
71 81 93
36 66 80
6 53 91
69 58 42
69 79 26
74 5 87
78 23 34
48 85 20
21 6 72
12 53 71
56 69 75
27 42 46
68 85 82
84 32 95
23 77 90
63 79 95
77 8 95
35 88 15
92 32 20
39 97 99
35 26 20
19 48 28
28 74 21
94 46 28
27 93 85
13 17 86
44 40 87
18 96 83
42 36 96
28 98 17
54 88 21
88 51 2
10 39 75
6 29 9
99 19 74
52 50 59
3 61 65
0 46 66
78 10 49
37 11 81
72 56 3
42 44 78
24 92 86
21 73 90
52 52 80
15 51 75
81 14 9
38 12 24
22 32 98
90 45 34
11 4 51
89 97 9
1 44 22
88 68 8
59 57 41
96 16 60
41 31 54
47 35 52
97 42 58
34 36 2
1 69 22
66 9 54
42 34 20
2 43 40
74 0 31
67 59 40
43 71 89
34 51 5
79 3 16
24 51 48
93 96 93
68 28 99
92 97 83
8 45 3
59 87 33
15 42 78
91 69 42
74 47 29
75 48 2
70 31 44
39 16 41
94 5 93
32 12 81
39 89 21
11 86 61
11 27 41
23 48 62
53 64 3
93 50 84
30 28 3
44 37 22
66 81 69
75 70 79
79 26 56
38 8 86
9 51 11
90 95 66
72 26 67
89 74 97
93 46 31
17 62 70
46 6 67
4 23 67
41 34 37
23 10 40
61 18 91
60 97 87
66 87 42
41 85 53
49 79 11
74 68 35
20 36 53
87 35 67
63 31 87
84 28 71
51 1 91
3 75 40
8 58 76
87 56 23
94 37 1
50 68 68
5 78 45
95 82 73
31 30 11
50 29 28
81 37 3
60 16 31
42 30 81
71 7 98
40 35 74
55 69 10
57 61 19
14 60 30
6 75 93
53 18 33
33 35 30
18 51 98
56 62 44
52 98 10
27 23 53
26 91 39
21 60 80
22 44 96
35 60 21
4 81 18
18 96 78
74 68 32
20 84 44
99 84 32
7 20 50
17 70 17
99 91 51
92 9 65
30 72 53
85 8 53
78 87 57
57 63 97
24 63 20
1 74 82
41 77 27
94 41 69
30 14 98
97 30 47
52 87 41
54 48 51
96 65 14
96 28 26
72 66 83
2 68 61
4 29 96
59 40 95
6 59 32
54 61 13
52 19 7
56 57 51
20 25 41
66 43 83
22 88 12
28 53 89
22 61 9
57 75 80
33 0 30
21 82 17
14 59 6
18 27 38
79 17 98
52 74 28
52 36 98
58 10 26
25 26 92
70 38 36
32 92 47
74 44 3
85 74 75
97 68 70
74 26 49
56 41 32
60 29 8
42 18 82
48 27 4
7 28 59
29 70 28
94 42 5
47 27 18
50 47 3
96 62 59
6 4 64
84 95 46
30 7 42
83 7 16
9 10 85
86 19 34
74 63 75
28 2 98
8 52 95
75 65 2
13 46 80
17 80 14
60 78 89
9 76 20
17 16 83
87 73 66
80 85 47
81 54 86
4 12 13
52 0 34
88 79 35
9 41 99
31 5 73
62 17 37
60 18 91
75 43 62
61 68 43
78 59 30
81 23 87
49 23 67
68 35 54
9 9 9
34 92 96
12 88 51
83 19 75
66 50 91
2 61 93
54 21 84
64 6 12
4 21 92
51 80 18
16 70 81
32 29 1
88 20 67
44 98 87
23 95 90
97 92 3
25 94 40
28 78 46
87 65 42
21 86 65
30 55 92
46 15 48
65 40 65
67 70 11
23 92 29
8 22 94
48 35 52
69 67 44
13 92 20
7 57 90
85 99 68
83 0 62
57 41 99
36 71 33
59 99 8
19 58 53
87 26 96
46 23 73
71 17 63
26 93 59
87 11 8
96 13 67
69 21 27
66 79 5
33 18 39
48 51 43
35 64 10
9 11 11
83 6 28
35 19 24
4 30 53
95 17 28
67 8 55
17 4 16
79 55 23
7 60 59
40 29 0
23 14 82
84 75 48
14 40 5
79 69 94
98 67 76
57 52 27
50 72 63
80 50 24
43 75 36
63 41 88
75 38 63
74 8 3
89 3 86
14 56 93
48 23 78
3 50 28
21 6 73
96 7 10
89 39 83
76 15 83
7 12 88
75 65 85
34 53 75
