94 44 78
28 45 23
35 55 15
37 51 15
57 28 48
87 56 64
29 29 69
15 75 97
66 82 42
66 76 75
67 82 42
57 9 55
1 29 94
31 61 10
22 75 31
58 71 95
14 56 48
37 99 17
77 16 41
67 43 44
14 63 48
14 28 23
77 61 41
31 10 10
66 82 83
15 75 78
18 46 0
1 62 69
42 75 97
37 81 75
66 45 80
58 71 36
37 45 80
65 45 17
73 61 41
24 51 0
40 82 5
8 62 79
87 76 75
31 61 98
40 50 91
8 62 94
24 51 32
87 81 37
15 42 78
2 24 56
95 78 98
2 72 56
37 0 15
58 47 20
94 60 78
22 42 95
57 9 12
39 61 65
0 79 44
37 55 15
91 29 69
57 72 55
30 0 92
30 72 14
35 55 16
39 9 76
88 83 17
90 55 16
94 51 78
83 79 42
77 10 65
37 99 80
8 29 79
39 53 33
11 72 12
15 36 96
35 0 16
67 82 5
22 36 78
87 56 79
95 74 79
66 76 17
73 61 65
29 78 69
91 62 91
30 72 92
50 75 97
28 56 33
91 62 69
5 24 55
95 78 69
73 51 14
31 95 98
8 41 94
73 55 15
42 34 96
15 44 96
73 95 98
5 72 76
0 82 5
35 55 80
97 76 80
11 65 12
1 78 91
73 6 16
2 65 12
37 55 14
97 99 17
3 61 98
83 82 83
24 25 32
88 71 11
87 33 37
31 12 10
58 47 11
18 25 42
70 58 36
29 78 91
14 63 23
66 33 80
57 44 56
50 42 95
30 0 14
91 78 91
40 79 5
39 56 64
22 75 95
83 82 91
39 10 98
39 12 98
18 60 0
42 34 97
57 44 34
73 12 98
22 44 97
42 36 96
24 51 78
3 61 26
35 72 92
94 44 97
42 36 97
87 99 17
90 0 80
36 51 48
88 46 48
39 63 23
77 95 26
66 79 44
37 81 17
30 6 80
40 47 17
39 44 34
30 51 16
18 51 42
66 79 5
50 44 31
1 74 79
39 28 23
37 6 80
39 53 79
8 78 79
88 71 95
50 36 95
29 41 94
97 45 17
14 53 23
91 29 91
39 63 33
14 45 79
5 72 34
11 24 56
58 83 11
40 47 36
0 79 91
90 51 16
14 53 64
31 95 41
29 62 94
83 82 42
0 43 91
91 62 94
11 65 56
66 79 42
87 45 80
40 43 11
40 43 20
31 16 10
39 53 64
30 6 92
77 61 10
65 76 80
0 87 91
65 81 69
70 43 17
90 72 14
90 6 15
58 83 95
73 95 10
50 36 97
88 47 36
22 44 96
18 46 78
39 10 65
73 16 10
99 47 95
11 44 34
77 61 26
65 99 37
14 45 48
66 87 42
8 62 98
88 25 48
88 83 36
11 44 12
15 42 31
30 0 80
5 65 12
28 45 33
28 53 23
95 78 94
88 51 42
11 24 55
37 51 14
15 42 95
87 99 37
39 16 41
73 72 14
11 44 56
1 62 79
15 42 97
40 71 36
91 41 79
36 25 32
73 0 92
87 81 69
3 95 26
66 50 42
35 0 15
50 75 96
66 50 83
39 10 41
18 25 48
30 51 92
67 43 83
42 34 78
3 12 98
3 16 26
31 12 65
5 9 56
94 25 0
77 10 10
94 46 42
88 71 20
94 36 31
39 24 76
29 78 98
99 58 11
35 72 16
58 43 95
14 56 79
65 45 37
39 72 12
40 82 42
2 72 55
91 74 91
65 45 75
8 62 69
40 87 83
65 45 80
37 6 16
77 16 98
88 46 78
50 42 97
14 45 64
39 12 65
57 65 12
28 28 79
35 51 16
94 36 95
2 9 55
30 72 15
87 63 33
0 82 42
37 55 92
88 55 0
29 74 79
99 43 36
58 83 36
65 76 17
87 63 23
3 12 26
57 65 34
87 45 23
2 24 76
67 87 5
5 9 55
67 50 83
57 53 33
37 51 80
15 34 78
94 51 0
91 74 79
58 71 11
95 74 91
87 45 37
8 62 91
40 79 83
18 55 42
15 36 31
35 51 14
73 72 80
87 45 79
2 65 56
67 87 91
88 51 32
36 25 0
0 43 42
97 45 80
39 28 79
5 9 34
77 12 98
73 95 65
39 9 12
95 62 94
94 51 32
8 41 91
35 6 92
31 95 10
30 55 80
91 78 69
88 60 42
11 72 76
42 36 95
18 55 78
30 55 15
94 46 0
66 33 69
22 42 78
35 6 14
3 16 10
0 50 42
24 51 42
29 62 69
66 87 83
36 46 48
94 34 95
3 61 41
37 33 75
42 42 78
31 12 41
14 28 33
40 79 91
73 16 41
58 58 95
87 53 33
2 65 34
2 44 34
39 72 56
37 76 37
42 44 78
11 65 34
65 76 37
29 74 98
73 12 26
24 60 42
24 46 42
1 41 94
36 51 0
77 95 65
66 43 42
37 33 17
73 51 80
11 72 56
94 55 48
57 53 23
57 45 48
88 58 36
29 78 79
28 28 64
95 29 79
97 99 75
90 72 16
57 45 33
36 25 42
39 65 34
66 81 80
73 61 98
39 72 76
94 75 78
5 44 34
35 72 80
37 81 37
0 79 83
29 41 69
50 75 31
5 65 34
35 55 92
50 34 95
87 28 33
28 53 33
30 0 15
36 46 32
39 61 98
3 10 41
67 79 91
31 10 26
11 44 76
87 99 69
24 55 48
91 74 98
31 16 65
37 81 69
37 99 37
22 34 78
5 72 12
88 60 48
39 45 79
29 41 79
77 12 41
39 16 10
2 72 76
28 56 23
24 55 42
66 81 17
73 6 14
57 9 56
94 60 32
2 72 34
58 71 17
11 24 12
99 83 95
95 29 98
67 43 5
29 29 98
22 42 31
15 75 95
73 55 92
88 51 78
83 87 42
37 99 69
0 87 83
73 61 26
70 58 95
91 78 79
94 75 96
50 36 31
18 25 0
95 29 94
37 99 75
50 44 95
67 50 5
90 55 15
0 50 5
39 53 23
30 55 16
42 42 97
83 50 91
77 10 26
87 45 69
24 60 48
40 71 95
66 76 37
73 55 14
42 34 31
22 75 78
73 95 41
73 72 15
58 43 17
2 9 56
65 99 80
94 36 78
37 76 80
57 44 55
5 44 76
77 10 41
1 41 98
67 50 91
39 61 10
70 47 20
57 63 79
57 9 76
90 72 15
8 41 79
3 95 41
99 58 36
83 87 5
91 78 98
15 75 31
91 41 94
90 0 16
40 43 91
99 83 36
40 83 11
95 62 79
97 99 80
22 36 96
88 71 36
42 75 95
39 24 56
50 75 78
73 16 65
94 75 31
35 6 15
18 55 48
8 41 69
73 0 14
39 45 23
35 6 16
31 16 41
99 47 20
70 83 17
14 28 48
36 51 78
30 72 16
94 75 95
3 10 26
37 0 92
50 44 96
83 87 83
40 83 36
87 76 80
40 58 20
70 47 11
8 74 91
66 33 17
39 95 26
18 60 32
70 71 95
99 43 17
40 50 44
73 10 10
2 9 34
14 28 79
88 46 0
28 45 64
31 61 65
83 50 42
58 58 17
88 83 20
2 24 55
70 71 36
88 60 32
1 41 79
87 99 75
88 58 20
15 34 97
99 71 95
40 50 42
36 55 78
22 44 78
5 24 34
37 81 80
83 43 83
40 83 17
88 58 95
57 56 23
70 71 20
36 55 42
39 45 33
42 36 78
87 56 48
97 45 75
95 41 98
57 72 76
66 99 75
28 56 79
0 82 91
3 61 65
67 79 83
65 33 69
42 44 97
66 82 91
50 75 95
57 24 56
37 51 16
0 87 5
28 45 79
66 43 91
11 9 56
58 47 36
88 47 95
57 24 34
37 45 37
39 95 41
88 55 32
77 10 98
73 16 98
97 76 37
88 25 32
39 56 79
2 24 34
2 72 12
77 12 65
8 29 94
35 0 14
91 78 94
11 65 76
24 46 0
1 74 69
8 78 98
57 56 79
73 0 16
22 42 96
57 28 64
94 42 95
83 43 42
66 43 83
42 75 96
11 9 12
67 87 42
65 33 80
90 51 14
94 46 78
29 74 69
66 50 91
5 44 12
67 82 83
50 42 78
95 78 91
94 46 32
87 45 33
73 10 41
24 25 78
90 0 92
70 43 95
3 16 98
94 44 95
8 74 94
95 78 79
36 55 32
22 75 96
83 50 83
14 53 79
65 99 17
57 45 23
1 62 94
95 41 69
28 28 48
1 74 91
40 87 91
97 81 17
83 43 5
3 95 10
95 41 79
40 58 36
29 29 91
5 44 56
99 47 17
3 95 98
39 45 48
39 95 10
87 81 75
0 82 44
65 76 69
11 9 55
39 28 48
94 60 42
39 65 55
40 43 83
83 87 91
35 55 14
67 50 44
22 44 95
36 51 42
57 53 64
70 47 95
29 78 94
77 16 65
22 34 97
40 87 42
73 6 80
66 76 80
87 76 69
5 72 56
57 63 48
14 56 23
39 63 64
3 16 41
40 71 20
30 0 16
99 83 11
1 62 91
18 25 78
31 95 26
73 72 92
66 45 37
83 43 44
87 53 23
87 45 17
73 51 16
29 41 91
57 65 76
36 55 48
97 81 75
42 44 31
50 42 31
99 71 36
37 72 14
8 29 69
39 16 98
36 25 48
29 62 98
87 81 80
1 29 69
31 16 98
1 29 91
37 72 16
15 75 96
65 81 75
37 45 69
94 25 42
24 55 32
87 76 37
99 71 20
0 87 42
95 29 91
65 45 69
35 72 14
8 74 79
0 50 44
42 44 95
94 34 96
97 81 69
37 0 14
95 62 69
73 12 65
57 53 48
73 10 98
58 43 20
0 43 83
28 63 48
30 72 80
57 24 55
36 51 32
94 55 0
8 78 91
29 62 79
94 44 31
14 28 64
39 56 48
30 51 15
88 55 78
40 43 36
94 42 96
94 60 0
39 16 65
37 76 17
2 24 12
18 51 32
18 46 32
91 41 91
1 78 69
39 12 26
14 53 33
39 65 76
5 44 55
88 47 11
88 58 11
40 47 20
66 79 91
97 99 37
28 63 23
87 45 75
39 10 26
40 71 11
0 79 5
40 47 11
36 60 32
95 74 98
30 55 14
39 63 48
1 78 79
39 9 55
14 45 23
77 12 10
73 72 16
40 79 44
22 42 97
18 55 32
94 36 97
95 62 91
42 42 96
88 25 0
87 56 23
0 50 91
88 43 95
2 44 76
87 33 75
15 36 78
57 63 23
88 46 42
8 78 94
83 79 5
24 46 48
35 51 92
35 51 80
73 10 65
77 16 26
70 71 11
2 44 56
83 50 44
58 47 17
1 29 79
97 76 75
40 82 91
37 72 92
39 56 33
97 33 75
88 43 11
40 43 95
66 50 44
37 33 69
24 25 0
83 79 91
36 60 42
57 56 48
91 41 69
99 71 11
39 10 10
66 43 44
5 65 76
2 9 76
42 44 96
35 72 15
15 34 31
30 6 14
36 25 78
87 81 17
66 45 75
67 87 83
37 0 80
14 63 33
39 44 12
1 41 69
88 47 20
83 87 44
8 74 69
88 43 20
99 58 17
50 34 78
77 61 98
39 44 55
31 16 26
31 61 26
57 72 56
83 50 5
90 6 16
94 46 48
50 34 31
15 36 97
88 58 17
18 51 0
1 29 98
91 29 94
66 81 37
73 55 16
97 33 69
57 44 12
5 65 56
5 9 76
30 51 14
94 25 48
67 79 5
1 74 94
50 44 78
39 45 64
66 33 37
11 65 55
15 44 97
90 0 15
99 47 36
88 46 32
65 76 75
97 81 37
8 74 98
15 34 95
88 43 36
73 61 10
65 81 80
91 74 69
3 12 41
99 71 17
87 33 17
0 79 42
37 51 92
37 72 15
24 46 32
40 83 95
29 41 98
37 6 92
22 34 95
14 56 64
66 99 69
1 62 98
18 60 42
65 33 17
57 28 33
57 63 64
90 6 92
39 53 48
35 0 80
77 16 10
99 43 95
95 41 91
57 65 55
94 25 78
37 76 75
83 43 91
87 53 64
87 28 48
37 33 37
39 72 34
94 36 96
97 76 17
57 45 79
83 82 44
22 75 97
3 16 65
15 44 31
22 36 31
91 29 79
2 65 76
88 60 78
39 12 10
28 28 33
65 33 75
50 34 97
97 81 80
37 55 80
88 43 17
73 55 80
70 58 11
90 55 92
57 72 34
91 29 98
3 12 10
3 10 10
73 12 10
91 62 98
8 29 98
14 56 33
99 58 20
28 45 48
28 53 79
29 74 94
31 12 26
1 74 98
18 46 42
3 10 98
37 76 69
39 16 26
31 95 65
2 44 55
58 83 17
73 12 41
99 83 17
95 74 69
39 61 41
15 36 95
39 12 41
57 24 12
22 36 95
87 28 79
66 50 5
57 28 79
36 46 0
65 99 69
94 42 78
57 65 56
66 99 17
88 51 0
39 63 79
73 6 15
70 83 36
94 55 42
18 51 78
37 0 16
24 46 78
97 45 37
2 44 12
31 10 65
37 55 16
28 53 64
90 6 80
31 61 41
67 82 91
28 28 23
36 46 78
67 50 42
90 51 15
58 58 20
5 9 12
77 61 65
24 51 48
58 43 11
58 58 36
57 53 79
11 72 34
99 43 11
97 76 69
8 78 69
37 45 75
57 28 23
73 6 92
