14 63 48
39 24 56
14 63 23
58 71 20
8 62 79
37 72 15
0 87 42
42 44 95
39 45 33
8 78 94
66 79 91
91 29 94
88 83 95
50 44 78
14 28 33
14 56 23
97 33 80
88 51 32
40 83 36
39 72 34
24 55 78
28 28 48
39 95 65
87 99 80
39 16 10
66 87 83
24 25 32
90 55 16
39 63 23
0 87 83
15 42 95
73 16 41
2 44 56
88 58 20
24 60 32
35 0 92
40 82 44
87 56 48
66 45 37
66 79 42
1 74 98
36 51 0
15 34 96
42 36 31
67 82 83
73 55 15
50 34 95
1 29 94
18 25 0
88 60 78
50 34 31
18 46 78
39 12 41
39 61 10
65 99 69
50 36 31
18 60 48
24 25 42
40 82 5
11 9 55
57 45 48
88 71 95
95 74 69
87 53 79
50 44 96
15 36 31
87 45 80
28 45 48
39 95 10
5 9 55
14 45 64
37 72 92
67 79 91
40 87 5
0 50 91
37 45 37
24 25 48
11 24 56
30 51 15
65 81 37
94 44 31
3 12 10
94 60 42
83 50 44
66 99 75
5 9 76
90 0 14
28 28 33
8 29 94
30 6 15
39 12 26
88 43 17
8 78 69
22 42 97
67 43 44
58 47 20
40 79 42
29 29 69
88 46 32
2 24 76
94 44 97
40 58 95
58 47 17
15 44 96
57 56 23
37 51 14
95 74 94
99 83 36
66 76 75
83 79 44
14 56 64
37 6 92
30 6 80
36 51 42
8 78 98
29 62 94
65 33 17
57 53 33
88 43 36
8 29 69
2 9 56
94 55 78
11 72 56
57 24 56
70 43 36
57 45 79
66 82 83
39 44 56
18 25 78
1 29 91
73 95 10
73 61 10
5 72 12
97 81 75
88 51 42
29 62 69
58 47 11
28 45 64
65 76 75
31 61 41
66 33 69
87 45 48
36 60 48
14 63 79
11 72 34
37 51 16
11 72 12
87 76 80
57 53 23
94 60 32
22 44 31
70 47 95
58 47 36
57 44 12
73 51 80
65 99 17
31 12 26
66 81 75
40 43 42
73 0 14
99 43 11
37 81 69
40 43 83
87 99 75
73 95 41
36 60 78
97 33 17
1 41 69
97 45 80
31 61 98
36 46 42
91 78 94
2 44 34
2 24 55
18 55 42
91 41 79
28 53 48
99 83 20
70 71 11
87 33 80
39 56 48
0 50 42
99 47 11
18 25 42
99 58 20
73 72 80
87 28 33
1 62 94
2 24 56
8 62 69
39 65 55
37 81 17
65 81 17
11 65 76
77 12 41
67 87 83
0 43 83
11 24 76
14 53 33
3 95 10
0 82 91
87 53 33
37 81 37
91 62 98
66 87 42
40 83 20
35 72 80
3 95 41
40 82 42
36 46 0
29 74 98
3 95 98
50 34 96
90 72 80
67 79 83
29 78 91
22 75 95
5 65 12
2 65 12
95 41 94
66 33 37
5 24 55
70 71 36
0 50 44
94 75 78
35 72 15
39 10 26
57 63 64
88 55 32
1 62 98
1 62 79
2 9 76
35 6 16
0 87 5
14 45 23
22 42 96
3 16 41
94 25 42
77 10 98
0 50 83
40 47 11
97 45 17
83 50 5
90 6 14
94 34 78
39 65 34
94 55 42
58 83 17
88 47 95
39 12 10
90 72 14
91 29 98
31 10 65
0 87 44
40 43 95
29 41 94
66 79 83
11 44 76
70 47 36
22 36 78
40 50 83
18 46 48
35 72 92
88 46 48
30 6 92
39 16 26
39 9 12
94 46 32
30 0 92
31 16 41
35 72 16
11 24 34
37 0 92
66 99 37
15 42 96
39 24 34
0 43 91
57 56 79
35 6 15
29 74 91
39 9 76
57 24 55
58 71 11
39 72 12
30 0 14
11 24 12
11 72 76
91 41 69
29 41 98
70 83 95
37 72 16
97 81 69
35 6 14
42 34 96
22 42 78
24 46 42
58 83 36
70 83 36
1 41 79
79 30 84
40 43 91
66 76 69
40 82 83
36 25 78
73 12 65
66 82 5
95 62 98
99 43 95
95 29 79
88 46 0
57 44 34
57 9 56
24 51 78
8 41 94
94 55 0
18 55 48
57 28 23
90 51 14
3 10 65
94 25 0
83 50 91
30 72 15
83 79 91
24 51 48
66 50 91
37 55 16
77 61 65
77 16 41
73 51 92
77 10 65
95 62 91
73 12 10
88 25 42
88 58 95
45 99 46
37 72 14
39 9 56
18 51 0
37 72 80
37 99 80
0 79 83
77 61 26
67 79 5
73 51 14
91 41 94
97 81 17
66 45 17
37 55 92
94 46 48
95 29 91
70 83 20
14 28 48
50 75 95
40 47 20
91 74 98
40 71 95
95 74 98
37 76 37
87 45 79
31 12 41
22 44 97
11 9 12
70 43 17
39 95 41
40 50 91
29 62 79
40 87 44
57 72 56
39 56 23
97 81 80
0 82 42
73 61 41
40 83 17
73 51 15
37 81 80
8 62 91
87 81 75
66 81 17
87 99 17
77 61 10
90 6 80
58 47 95
94 34 95
8 74 94
37 51 92
87 45 33
36 60 42
87 99 37
15 44 97
70 58 20
11 9 34
2 44 12
67 82 5
42 75 96
42 42 95
15 75 96
94 55 48
66 50 83
88 55 0
87 53 23
14 28 79
24 60 0
99 71 11
99 47 95
2 65 55
95 62 94
8 74 91
40 43 11
67 43 5
95 41 98
15 44 31
35 0 16
66 81 69
97 76 75
39 44 12
66 33 75
42 36 95
40 58 11
2 72 55
97 76 69
42 44 31
94 75 96
0 82 44
73 10 10
42 34 95
97 99 75
35 6 80
99 43 36
99 47 20
30 6 16
40 71 11
28 53 33
29 78 98
94 42 97
2 61 96
40 79 91
97 99 69
95 29 69
36 46 32
31 10 98
18 46 0
37 45 69
40 43 36
57 65 34
22 75 96
50 42 31
62 84 11
37 6 15
65 76 80
86 19 31
99 47 17
73 72 15
58 58 11
5 65 76
6 61 32
15 44 78
73 0 80
30 0 80
50 36 78
30 0 16
40 50 44
73 10 65
87 56 33
39 24 55
73 12 98
66 79 44
67 82 44
29 78 94
78 37 78
95 29 94
91 74 79
15 13 91
66 99 17
39 65 12
30 72 80
39 56 33
50 75 96
66 43 42
40 83 95
15 42 97
0 82 5
40 50 5
24 46 48
39 44 55
67 82 91
97 45 75
24 60 42
88 71 36
88 46 42
3 10 98
58 83 11
70 47 20
73 16 98
87 45 37
3 61 65
28 63 23
58 58 20
22 34 31
99 16 37
88 43 20
45 41 88
50 42 96
42 34 31
81 98 34
88 60 32
77 12 98
37 99 69
40 87 91
91 29 69
42 75 95
42 75 97
66 81 37
66 45 80
31 16 26
70 58 11
90 0 92
65 81 75
94 34 97
67 87 91
36 25 32
57 53 48
14 28 23
39 12 65
91 41 91
36 46 48
90 51 16
5 65 34
87 56 79
77 16 65
11 44 34
66 50 44
87 76 75
39 61 65
31 95 65
3 61 10
50 34 78
49 64 95
70 83 17
94 36 31
14 45 79
37 51 80
39 53 33
46 42 39
36 55 0
67 50 44
0 79 5
5 44 12
66 50 5
94 25 78
73 0 15
83 50 42
37 0 15
39 65 76
15 36 95
88 71 20
39 9 55
63 92 3
94 51 78
87 33 75
88 55 78
1 47 17
65 45 80
66 87 5
36 51 11
39 95 26
29 87 33
3 12 98
2 72 56
35 72 14
15 44 95
58 58 36
28 53 64
91 62 94
57 28 79
40 79 5
65 99 37
94 44 78
36 60 32
93 19 30
5 44 55
95 62 79
80 88 43
15 75 31
88 47 20
97 81 37
94 42 78
54 61 30
28 45 23
73 6 92
83 73 80
42 36 97
70 71 95
15 75 95
35 0 80
94 95 20
90 55 15
2 9 55
99 22 6
67 87 42
0 43 42
84 82 18
87 63 23
11 65 12
15 82 48
5 9 12
29 29 79
98 47 16
95 41 79
73 61 98
39 28 33
14 63 33
39 10 41
8 41 98
57 72 12
28 56 15
18 60 32
5 44 76
73 51 16
22 36 95
58 43 17
66 45 75
35 55 15
3 16 65
18 55 32
3 95 26
92 58 15
66 33 17
34 22 32
57 43 57
28 56 79
35 7 83
87 45 69
39 63 33
5 72 34
88 55 48
29 29 91
58 83 95
11 44 55
78 72 55
94 75 31
67 50 42
77 95 98
39 53 48
19 55 9
17 12 35
79 68 41
29 78 79
70 83 11
2 9 12
99 71 20
57 72 34
31 10 41
47 91 33
91 61 60
3 61 98
65 99 75
37 0 16
42 34 97
76 25 12
15 79 9
88 83 17
29 29 98
57 53 79
83 99 5
51 55 94
65 76 37
95 41 69
34 74 74
97 76 37
53 28 42
36 60 0
85 65 55
36 25 0
31 95 98
5 72 76
39 44 34
45 47 86
73 55 80
26 23 50
54 66 46
42 36 96
97 57 15
96 32 46
93 57 10
50 75 31
43 89 57
67 79 44
99 43 17
58 43 95
22 36 31
0 79 42
36 78 32
66 87 44
18 0 50
20 13 86
29 92 60
83 38 95
74 16 34
57 85 87
87 56 64
5 65 56
87 67 84
91 78 91
3 10 41
99 58 11
82 93 9
70 47 11
42 75 31
31 12 98
77 12 65
81 59 89
33 42 35
67 15 19
99 58 95
18 51 32
83 55 61
37 55 14
74 29 8
0 82 83
31 38 23
30 55 14
80 77 1
88 43 11
94 46 42
88 60 48
55 74 53
39 56 64
5 70 31
83 43 44
1 74 69
77 61 41
65 33 69
40 30 95
36 51 48
28 31 27
57 41 53
77 10 10
8 29 98
37 99 17
77 16 26
94 44 96
33 6 71
94 25 32
30 72 14
36 55 78
88 25 0
5 55 1
41 73 16
57 69 67
57 53 64
61 23 30
22 42 31
97 45 37
57 24 34
53 66 45
18 46 42
70 71 20
49 22 35
19 74 89
83 82 83
35 77 35
11 9 56
37 33 69
42 42 97
58 71 36
14 58 20
28 45 79
27 61 57
42 34 78
25 54 51
70 3 97
63 42 55
39 45 79
24 18 84
3 7 51
37 0 80
87 28 64
67 87 44
1 74 79
70 43 11
48 18 55
41 85 48
35 0 15
7 27 9
65 45 69
92 39 99
89 68 10
65 45 75
95 74 91
28 63 79
39 54 94
1 78 91
91 74 94
8 29 79
53 79 42
73 16 65
66 43 5
68 93 80
93 79 4
35 51 80
39 45 64
5 77 75
94 46 0
66 81 80
30 51 16
37 76 80
66 50 42
97 33 75
91 62 91
37 99 75
81 80 90
47 94 38
28 56 23
70 33 13
77 16 10
75 50 70
88 47 36
43 83 70
91 78 98
36 40 84
60 64 35
22 36 97
89 37 88
99 0 7
11 35 71
39 72 56
51 48 92
88 58 11
26 39 93
67 43 91
80 30 8
70 43 20
83 43 83
20 9 73
37 69 53
30 6 14
95 34 40
37 45 75
56 69 10
33 0 53
88 83 11
72 95 59
40 99 68
78 61 90
39 53 23
1 7 79
62 23 3
91 40 35
87 53 64
43 15 67
97 86 75
39 24 76
32 51 43
22 75 78
57 9 62
98 36 19
67 60 58
40 47 17
65 45 37
87 63 48
93 85 44
99 20 87
89 9 5
66 45 69
73 6 15
88 47 11
89 12 68
37 87 46
40 58 20
5 65 55
73 72 92
65 32 77
99 42 80
37 6 80
24 46 32
8 41 69
8 41 79
19 26 37
88 51 48
57 63 79
60 62 88
65 33 80
1 41 91
14 51 27
63 5 62
28 53 79
20 69 36
17 7 32
49 70 33
3 16 98
5 44 34
57 9 12
37 81 75
88 25 37
77 95 41
36 25 42
55 10 1
97 61 55
1 29 79
70 47 17
23 38 98
17 35 67
50 38 12
77 95 65
21 12 5
91 74 69
3 88 39
87 28 21
50 4 51
87 33 69
66 82 91
94 51 42
39 95 98
47 30 36
88 25 78
52 42 99
67 8 83
57 28 48
75 8 69
81 14 34
10 90 35
99 50 51
18 95 3
48 73 83
5 24 56
31 95 41
31 18 28
92 16 32
63 60 66
31 95 26
97 76 80
93 66 36
35 51 15
61 97 75
68 64 43
88 14 25
73 27 13
45 24 38
30 2 74
95 74 79
94 60 0
90 51 92
22 34 78
26 62 11
5 24 76
29 78 69
69 18 41
79 79 36
40 83 11
0 0 62
70 46 68
99 71 17
73 16 10
47 36 26
42 39 62
94 34 31
50 42 95
87 49 42
42 64 75
83 79 5
18 51 48
96 81 46
21 91 16
2 44 55
36 46 93
97 99 80
64 95 60
12 9 17
95 60 26
40 83 24
44 85 2
88 71 11
28 81 79
82 62 25
69 4 67
0 79 44
32 94 49
77 10 41
53 59 61
39 63 79
23 82 78
83 43 91
28 56 33
87 24 25
6 56 23
96 72 37
85 19 18
45 54 55
83 50 83
8 99 7
15 51 89
0 3 43
57 72 76
92 91 51
28 28 64
19 0 70
3 66 67
91 38 76
4 15 56
32 35 49
