29 41 91
57 45 79
66 76 69
14 56 33
91 78 91
29 29 79
87 63 23
90 0 14
73 51 92
15 34 95
70 58 17
31 61 10
57 24 76
65 99 75
73 55 16
28 63 23
40 83 20
67 87 44
8 41 79
95 74 79
58 47 11
88 55 78
11 9 55
8 29 94
94 46 32
67 43 42
31 16 65
82 47 7
28 56 23
58 47 20
0 79 44
22 34 78
77 12 26
1 62 91
91 78 94
90 51 80
97 99 80
83 79 91
57 44 55
36 46 48
5 24 56
40 43 42
67 79 5
66 81 80
97 81 17
39 56 23
66 45 75
29 74 98
87 99 80
18 55 32
77 12 10
65 45 75
14 56 64
1 29 94
40 83 36
73 16 41
87 81 37
70 47 95
99 47 95
39 28 33
51 45 6
33 78 54
30 55 80
32 83 85
86 97 43
2 72 12
91 29 79
24 25 48
67 87 83
42 44 31
39 28 23
57 53 79
28 45 79
87 33 37
39 44 55
14 28 23
42 44 95
90 51 14
13 76 75
90 6 16
90 6 14
29 41 79
39 9 55
39 45 79
88 68 8
23 42 0
54 72 34
47 52 16
29 74 69
22 75 95
50 64 44
99 58 20
87 45 33
87 81 69
22 44 97
18 55 78
25 13 59
43 59 55
91 74 98
39 12 10
14 45 48
39 61 65
65 76 75
5 72 12
91 29 69
18 51 0
90 72 15
17 48 27
18 51 78
50 34 96
39 10 26
67 59 96
88 25 78
96 68 40
94 17 44
83 87 5
2 24 76
39 53 48
75 56 13
79 22 82
97 81 37
14 45 33
31 16 41
77 95 41
22 44 31
80 68 82
94 51 42
15 75 31
22 9 83
23 94 77
73 55 14
28 45 33
32 35 73
93 26 69
15 36 78
73 16 98
48 42 60
76 24 44
67 82 42
44 12 36
39 44 76
94 55 32
22 44 78
28 60 78
57 24 55
37 55 80
83 50 44
45 66 36
19 42 25
65 76 17
90 6 92
42 75 97
56 22 14
17 22 62
58 47 17
90 55 14
90 55 80
30 57 71
66 33 37
19 16 89
74 65 34
59 0 88
58 47 95
55 64 38
99 71 95
36 98 29
91 55 24
75 23 40
28 28 33
65 81 37
57 9 12
58 47 63
66 87 91
83 87 44
54 90 20
58 83 20
11 28 11
14 90 69
4 91 92
39 21 92
29 62 69
59 54 44
2 82 89
32 70 57
48 89 61
65 99 37
38 1 24
63 79 47
95 21 98
50 66 96
14 63 48
18 29 54
88 46 42
37 14 20
37 33 69
93 18 40
33 33 30
11 72 55
24 55 48
27 89 12
39 56 33
39 28 64
8 29 69
31 16 98
17 46 97
87 70 2
2 49 22
39 65 56
47 70 82
5 24 55
73 55 15
70 47 20
58 77 72
11 99 93
25 77 70
19 8 72
83 87 42
29 5 79
29 25 28
52 27 6
34 7 96
66 76 37
46 20 19
36 51 48
92 90 27
30 48 34
82 68 55
61 64 79
37 72 80
88 25 42
88 71 17
12 33 7
80 7 51
87 56 23
58 58 36
9 56 3
58 76 38
57 14 34
7 93 48
18 13 72
55 80 4
36 60 78
67 79 91
87 89 62
5 30 52
84 59 54
37 72 92
89 7 91
29 62 98
57 44 76
41 31 25
39 2 93
5 72 56
84 47 42
65 92 3
19 29 54
24 53 83
67 59 73
9 67 42
20 60 66
27 60 74
50 98 14
57 11 40
67 73 16
47 91 1
37 45 69
76 98 90
69 6 46
58 68 3
88 55 48
97 45 52
10 9 55
93 68 43
65 33 37
39 16 22
58 40 7
56 38 20
42 7 17
34 5 13
37 33 17
14 19 89
63 97 15
87 99 69
64 74 95
83 30 48
7 7 90
96 71 38
22 75 78
96 26 47
52 69 71
16 75 71
22 75 31
95 34 50
24 58 7
91 29 91
18 46 48
70 34 32
81 3 64
24 60 78
46 5 52
91 74 30
88 58 11
31 16 10
50 44 78
93 79 74
24 84 27
31 0 31
42 74 71
14 5 63
43 84 50
65 33 75
95 41 98
87 76 17
40 43 17
48 76 67
45 99 92
73 16 65
86 23 7
36 66 68
28 29 11
57 65 76
99 92 97
37 72 40
37 0 14
60 82 74
88 55 32
39 95 10
65 33 80
66 50 44
67 75 68
39 53 79
73 60 69
83 43 91
7 34 65
17 12 94
64 47 76
77 61 34
37 88 52
89 87 33
6 2 18
78 76 15
36 46 42
56 65 76
69 7 30
26 47 72
22 15 5
2 23 39
50 44 97
17 57 17
55 64 75
66 79 44
79 52 79
42 71 98
68 61 20
72 12 43
81 37 3
32 54 32
97 76 75
12 1 94
37 33 37
45 54 92
10 17 18
22 42 95
73 51 14
41 50 94
39 24 56
10 37 7
39 27 45
24 15 26
48 70 51
69 56 10
35 61 11
23 79 74
66 38 13
35 6 92
10 59 76
84 97 65
49 31 19
27 46 43
28 41 48
0 43 42
30 55 15
58 42 38
70 49 11
50 75 31
40 71 11
76 76 9
99 56 88
7 50 59
74 71 51
87 45 80
78 33 18
28 36 78
79 47 3
0 79 83
89 70 46
80 28 43
62 78 69
53 94 14
91 74 79
17 56 8
81 52 69
57 57 6
66 77 32
83 79 42
29 42 81
49 9 23
56 36 81
36 51 42
83 97 3
18 5 37
45 77 22
88 58 36
63 4 62
14 57 21
36 55 48
46 83 48
58 20 11
13 68 4
83 50 91
62 0 90
75 22 46
59 97 23
64 22 86
18 55 48
18 14 99
94 42 97
39 28 79
51 55 37
76 93 40
42 34 78
5 44 12
89 14 85
4 64 77
3 10 98
30 0 16
46 9 2
77 11 24
35 6 14
73 9 78
49 41 31
91 24 54
37 76 37
87 63 48
49 42 49
37 64 78
20 31 20
1 41 79
84 98 92
35 51 92
13 48 7
40 58 17
57 90 86
32 27 37
40 88 38
11 24 12
60 3 83
97 90 22
4 92 25
98 25 18
94 34 95
22 58 38
11 20 1
61 36 18
94 51 0
74 27 55
5 65 56
43 22 79
32 44 62
45 3 20
87 88 39
39 54 40
95 39 17
51 66 25
97 0 91
58 17 71
15 44 95
49 52 39
39 72 34
39 16 98
91 41 79
94 72 13
79 85 25
73 96 34
92 86 62
28 53 48
84 27 74
41 37 91
70 16 62
27 74 63
85 38 73
79 21 91
89 55 91
55 72 64
56 52 26
73 61 65
3 18 96
61 10 93
94 44 78
4 9 84
10 58 1
3 3 87
37 45 37
87 97 66
87 54 51
6 94 1
30 22 12
88 43 95
39 60 12
79 89 32
88 55 42
70 79 65
92 71 26
92 99 49
64 35 9
58 66 13
37 42 97
39 56 48
81 1 42
34 28 25
9 81 31
36 78 99
22 52 24
51 3 67
49 42 16
22 98 42
49 82 12
7 67 24
62 68 29
15 8 28
49 90 94
53 26 48
15 19 96
39 71 83
81 87 69
6 68 40
1 62 48
23 80 95
91 41 98
72 42 18
10 15 31
58 68 72
15 44 40
79 94 89
60 54 22
70 43 93
22 44 96
43 0 48
50 66 65
18 9 82
28 28 64
74 2 34
61 27 7
73 8 82
12 31 31
39 14 19
68 33 70
42 10 63
67 79 12
61 95 29
57 28 64
61 17 15
27 47 93
58 24 54
29 28 89
3 12 10
13 46 34
8 64 39
31 61 41
15 53 9
8 48 26
5 9 76
57 72 56
57 9 34
3 92 84
37 6 80
57 56 48
31 38 34
36 63 73
86 3 89
66 5 56
21 63 37
92 25 18
83 4 75
20 77 82
51 5 65
29 37 18
11 77 48
52 40 18
57 63 64
65 96 92
16 93 49
95 29 91
30 73 6
94 23 6
63 33 44
29 12 64
0 96 81
29 61 34
20 17 29
15 41 8
37 99 37
87 45 23
24 55 78
47 70 16
45 40 7
10 8 83
70 83 11
92 57 27
5 89 72
66 50 5
37 0 48
59 32 82
8 78 91
49 51 21
13 4 26
80 46 52
76 43 38
72 46 79
14 97 37
91 69 44
36 70 52
2 44 34
54 31 93
11 11 47
22 95 32
95 62 2
40 43 91
67 79 42
19 14 11
21 37 45
24 18 69
2 44 76
24 93 9
53 98 53
3 63 11
23 75 66
95 15 21
99 67 81
84 31 81
76 54 39
66 25 56
53 23 88
37 98 76
32 3 61
50 94 14
48 24 99
1 41 91
56 71 35
58 52 90
68 94 15
46 90 53
27 22 6
47 28 20
75 6 14
4 53 68
16 24 4
81 1 98
46 96 96
77 76 73
5 86 70
31 73 92
65 32 17
19 71 10
84 63 74
8 3 22
59 26 81
37 54 81
37 45 79
30 64 53
5 9 55
96 29 5
95 78 69
75 57 47
39 66 86
51 98 81
34 34 24
58 3 79
1 29 79
93 31 4
78 34 77
18 79 53
86 38 22
80 29 61
91 32 53
16 58 22
57 39 56
33 93 17
35 55 92
46 1 97
53 56 8
72 45 90
51 63 2
48 48 45
47 68 56
30 6 80
15 67 69
41 21 51
8 97 59
63 13 36
94 36 97
22 49 19
88 45 30
29 36 9
33 42 21
2 30 16
12 14 84
58 73 32
91 68 92
99 71 20
44 25 6
30 54 25
91 86 80
81 21 13
5 91 26
14 28 64
11 56 64
6 57 37
75 23 92
89 34 58
11 24 55
2 83 87
9 41 9
78 51 36
87 34 45
79 57 74
1 29 91
79 22 74
39 10 98
29 80 21
50 66 5
11 48 29
58 51 67
13 7 25
86 4 64
71 50 24
93 1 29
61 44 2
22 65 20
13 28 0
77 88 51
40 47 58
36 72 0
87 33 8
23 84 10
74 1 34
14 7 91
26 0 34
71 73 59
39 21 12
98 38 58
13 54 55
8 51 83
52 63 35
80 56 71
52 90 82
88 96 70
36 55 0
2 94 42
20 93 61
96 76 95
34 71 3
78 79 30
38 57 62
50 75 95
3 61 26
73 76 99
72 97 14
32 46 50
42 9 44
70 47 17
75 42 32
28 35 14
94 44 95
30 93 89
83 11 42
17 30 62
94 38 49
37 60 57
56 29 22
89 41 89
44 46 25
5 36 84
73 12 75
88 47 96
94 23 84
41 36 59
25 87 74
94 41 14
40 58 36
60 62 20
22 35 58
23 72 86
38 67 27
84 9 80
70 61 60
96 38 96
31 12 65
35 44 75
91 16 89
65 45 17
32 89 9
72 3 61
17 0 43
99 44 65
65 76 93
98 68 91
8 77 27
99 71 11
4 1 1
80 57 74
47 8 68
5 58 5
93 42 11
16 18 72
80 91 86
37 55 92
12 57 30
47 98 31
95 29 37
69 76 18
51 91 1
65 15 71
25 78 98
30 4 24
35 0 15
1 78 98
24 45 68
36 96 4
32 67 90
95 78 98
71 72 61
19 59 23
65 75 8
22 1 8
21 67 79
74 88 12
15 84 96
31 36 10
25 88 92
33 87 27
80 77 50
50 73 62
38 99 10
43 33 16
22 48 37
74 9 49
5 58 18
78 10 13
79 40 3
50 5 96
35 77 12
15 34 44
64 41 67
63 63 41
47 50 47
84 59 29
10 34 86
7 76 25
22 18 20
32 12 78
82 53 77
18 75 92
89 0 90
16 67 21
10 60 89
98 61 41
54 48 12
40 96 9
54 99 89
93 48 21
5 85 97
18 57 15
11 44 12
32 47 88
82 47 19
53 19 67
76 68 12
24 3 30
24 60 73
72 98 32
38 96 92
56 74 85
55 16 48
88 58 24
15 0 62
0 33 74
75 3 39
33 5 26
81 35 85
79 82 36
74 0 55
7 40 41
26 45 34
11 84 3
19 15 41
63 3 96
58 50 77
70 85 37
7 68 91
36 60 42
65 37 66
57 26 99
90 74 14
34 50 8
39 72 76
62 76 85
87 56 33
2 9 34
65 93 2
8 91 10
90 41 4
99 31 46
18 49 70
59 3 78
73 64 64
63 4 18
73 75 2
53 99 64
94 28 98
34 10 35
20 20 15
10 83 34
9 14 73
27 43 5
0 50 5
42 96 40
24 14 64
10 87 62
48 86 54
88 17 47
50 69 40
51 85 58
99 58 11
13 11 36
32 13 97
63 16 13
44 77 90
54 7 32
99 71 17
31 61 98
60 81 46
10 36 10
59 89 29
56 78 89
49 76 10
11 65 76
87 63 33
67 83 68
43 74 1
60 72 70
77 10 26
35 4 18
64 11 73
54 46 33
47 61 75
9 62 85
78 76 37
28 77 22
22 18 46
41 8 53
95 31 47
3 95 98
14 38 37
31 23 66
99 47 17
28 83 49
61 2 36
50 69 67
24 60 0
2 59 28
95 65 40
87 22 49
76 24 94
90 76 27
8 29 58
13 18 26
57 31 57
65 80 98
53 11 36
18 96 11
65 38 14
42 66 31
32 32 70
11 41 52
52 20 6
46 91 77
19 58 30
13 82 25
77 95 26
99 12 22
87 53 48
61 61 72
12 20 33
19 38 84
86 33 83
22 34 95
28 14 12
63 91 64
65 4 83
