65 1 63
83 12 78
68 93 33
78 1 3
78 47 3
5 93 79
84 85 23
20 59 62
81 42 70
6 20 23
70 1 26
20 35 83
70 47 26
78 74 60
78 74 24
15 32 99
91 33 57
13 83 63
95 35 28
93 13 5
70 1 24
65 1 61
86 89 26
57 83 87
65 35 62
28 1 26
91 0 31
98 30 44
6 20 15
26 90 43
77 58 61
68 51 79
18 76 56
61 71 28
8 67 15
77 51 61
83 30 87
68 38 10
82 64 66
58 42 55
56 1 63
29 11 62
56 47 61
68 93 79
83 30 78
65 90 62
98 83 16
93 90 40
57 83 78
6 67 15
95 59 74
62 18 10
60 1 84
2 60 55
29 59 28
68 66 66
85 66 10
29 14 99
20 59 68
61 29 68
56 51 41
58 60 55
77 58 41
95 90 74
70 47 60
29 59 62
83 1 78
78 4 24
61 76 84
29 29 90
13 30 16
17 32 43
91 18 31
81 71 28
93 13 14
69 35 74
65 1 46
65 14 61
86 6 10
6 67 7
7 29 56
20 35 62
58 33 14
3 64 79
15 29 43
53 89 15
56 47 41
91 0 26
46 2 24
8 1 46
93 13 55
2 60 14
56 58 20
8 58 20
78 4 60
49 58 63
69 1 63
98 83 44
29 19 20
15 19 46
18 71 84
7 93 84
8 67 23
78 47 60
65 58 63
83 1 63
49 1 41
65 11 68
49 58 61
49 51 41
84 89 21
15 19 20
58 13 57
17 32 46
8 1 61
86 6 80
86 0 80
8 51 20
82 51 10
26 14 99
65 33 15
20 90 57
18 29 28
57 1 87
49 1 46
62 89 80
2 42 55
84 85 7
93 33 40
3 93 79
65 51 61
77 47 41
2 13 57
69 90 62
95 90 28
77 1 63
15 19 99
57 30 87
69 59 68
65 89 7
61 71 68
17 14 20
68 66 10
29 11 74
84 32 20
70 4 3
93 90 55
59 0 31
28 47 60
85 66 79
49 1 20
61 42 56
69 11 62
29 32 20
46 1 24
8 85 23
2 60 5
68 64 66
95 11 74
57 12 16
7 42 70
65 85 15
5 51 10
20 33 55
8 47 41
20 42 14
83 83 44
91 33 14
86 18 26
78 74 84
8 51 41
77 58 63
3 38 10
18 93 56
56 76 28
68 93 66
56 76 70
56 76 56
56 76 84
53 67 7
82 66 63
53 85 61
5 93 63
77 47 20
20 11 28
86 18 31
6 85 15
29 29 46
29 90 74
61 93 84
86 0 10
49 1 61
82 66 79
56 1 46
98 12 78
83 12 44
57 12 78
6 85 23
86 6 26
20 33 5
29 29 99
61 76 28
62 0 31
85 38 33
59 70 60
69 30 16
84 20 21
2 42 14
65 20 7
85 38 66
28 74 24
85 93 33
91 42 14
8 58 46
26 29 99
56 29 56
84 20 23
62 89 60
58 90 55
69 59 62
70 2 26
65 90 28
91 13 5
17 14 46
20 45 62
3 38 66
70 2 84
65 85 23
49 51 61
84 33 21
83 83 63
57 12 63
69 11 74
17 14 99
69 12 63
5 93 66
83 12 63
81 29 56
26 14 90
98 73 63
81 29 84
68 93 63
69 30 44
84 19 99
17 90 90
59 6 80
69 73 87
17 19 99
86 0 60
57 1 78
28 70 26
46 47 26
28 74 26
56 42 70
65 20 23
93 13 40
28 89 60
7 76 70
56 51 63
65 58 41
49 58 20
29 59 74
3 93 63
49 14 46
69 45 74
58 42 57
13 1 78
69 90 68
98 30 63
91 0 60
68 51 10
65 11 62
91 70 31
28 1 24
61 71 70
53 33 7
2 33 40
98 1 78
6 85 7
8 20 23
65 47 61
81 71 84
7 29 28
53 33 15
26 90 90
59 6 26
20 42 55
2 60 40
13 1 87
60 47 84
82 38 33
58 60 5
8 1 63
7 42 28
91 42 57
26 32 90
62 18 31
8 67 7
8 47 63
78 4 3
86 89 10
8 1 20
91 18 26
2 13 40
91 18 10
58 90 14
86 70 26
13 1 16
65 59 62
29 32 43
65 59 68
56 42 28
77 58 46
46 47 3
7 71 70
84 89 23
59 0 60
65 89 61
53 85 23
58 13 5
60 4 3
5 64 33
78 2 60
58 60 14
20 13 5
13 73 63
29 90 46
20 13 40
69 83 16
77 51 20
46 74 24
20 33 57
68 66 63
95 35 74
28 1 60
83 1 16
86 18 80
91 90 5
60 2 84
46 1 26
13 83 44
26 32 99
20 59 83
77 47 63
8 85 61
69 90 28
3 64 10
62 6 31
13 12 44
20 11 68
7 76 56
98 73 87
91 89 10
91 33 40
20 60 40
56 1 61
58 13 14
57 73 78
6 33 23
56 58 63
57 83 16
28 6 10
60 47 24
93 13 57
28 6 80
61 29 56
81 76 56
29 14 90
86 6 60
26 32 43
69 1 16
56 93 70
3 51 79
85 93 79
82 66 33
26 19 90
5 64 79
46 74 26
84 29 20
59 89 10
13 30 87
3 51 63
77 58 20
8 20 61
5 66 66
85 64 10
5 66 79
84 90 99
77 14 63
64 40 36
84 33 61
69 73 63
84 67 61
65 67 7
28 0 26
78 2 24
6 20 61
98 83 78
62 70 60
85 51 63
83 30 63
69 11 28
20 35 28
2 60 57
68 66 79
46 1 84
28 18 26
49 14 63
26 90 46
56 51 61
69 35 28
49 51 20
57 73 87
7 29 84
8 33 61
17 32 90
85 38 10
60 74 84
7 71 28
3 66 66
93 42 55
93 42 5
46 2 60
70 4 84
29 19 99
85 51 66
60 47 3
93 90 5
85 93 10
69 11 68
93 22 67
15 29 99
15 14 43
46 4 84
7 71 56
7 93 68
53 85 21
95 35 62
62 0 80
2 42 5
28 74 3
26 19 43
81 71 56
95 90 83
3 51 33
20 90 28
70 76 81
49 14 61
69 11 83
20 35 74
82 64 10
13 12 87
18 29 70
7 42 68
28 0 31
60 4 24
68 38 33
60 74 24
28 2 60
65 33 7
26 29 43
28 2 3
46 1 60
37 11 57
56 14 46
2 90 57
56 51 46
5 51 66
85 66 63
62 45 21
69 9 92
49 58 41
57 30 44
60 9 91
29 45 83
91 70 80
70 47 84
82 93 66
95 59 28
20 13 55
83 30 44
8 58 41
69 45 83
13 73 87
29 45 62
5 38 63
28 18 60
56 93 68
24 80 27
47 32 22
81 93 68
77 1 20
93 42 40
84 33 7
8 89 23
68 38 79
60 2 26
13 30 78
64 73 92
19 86 92
8 89 61
79 11 40
69 30 78
98 1 16
60 2 60
83 30 16
62 6 26
28 89 80
84 32 46
53 20 61
3 38 63
8 33 21
61 42 84
69 83 87
20 90 62
28 70 31
81 71 70
56 29 70
65 47 46
6 67 21
61 29 28
91 33 5
58 33 40
18 29 56
5 64 63
29 19 90
15 32 20
29 59 68
28 2 84
65 14 41
65 58 61
85 38 63
95 45 62
95 35 83
15 90 46
59 6 31
65 20 21
28 4 26
2 33 57
20 45 74
29 90 62
86 18 10
20 59 74
18 42 56
29 11 68
17 29 43
8 89 7
8 1 41
67 36 54
29 90 83
6 33 61
69 73 44
29 14 20
83 1 87
62 0 60
84 89 7
65 51 63
18 71 28
13 1 44
8 47 20
53 85 15
70 99 15
91 42 5
69 12 78
77 47 46
78 47 26
91 90 40
4 92 63
8 33 23
49 47 61
33 79 56
46 4 3
68 64 10
77 1 61
28 4 24
6 89 23
5 51 79
57 73 63
28 1 3
56 71 68
47 24 16
59 33 12
28 98 83
75 5 58
57 83 44
2 33 14
29 59 83
84 20 7
42 57 56
65 47 41
17 14 43
65 14 63
23 25 24
18 42 84
69 45 62
20 13 14
69 59 74
13 83 87
29 45 74
28 0 80
64 19 66
78 47 84
15 32 46
70 1 84
70 4 60
83 73 16
65 85 7
81 76 68
98 12 44
93 28 57
60 4 60
24 30 31
17 90 43
70 74 60
60 2 3
46 47 24
26 19 20
7 76 28
84 29 46
58 33 55
95 11 68
81 42 84
65 81 27
64 76 43
82 46 98
98 83 63
81 42 68
68 51 33
20 45 68
91 89 26
8 14 41
75 25 96
29 90 68
46 2 3
29 35 62
49 51 63
2 90 5
13 42 98
7 93 70
72 41 17
15 16 76
15 14 99
98 1 63
28 70 60
2 33 55
65 1 20
86 89 31
49 47 46
58 60 40
83 83 87
78 74 3
70 74 3
16 1 79
95 59 62
68 38 63
93 60 40
59 18 31
68 20 66
20 60 57
65 90 74
3 66 10
65 67 15
68 34 28
8 33 7
64 18 71
95 45 28
41 56 65
69 12 44
49 40 25
20 11 74
96 28 10
91 33 55
11 5 29
21 2 57
83 12 16
85 93 66
60 45 68
3 64 21
58 13 40
65 45 28
65 14 20
95 59 83
83 15 36
20 90 74
91 60 40
46 61 62
44 39 39
57 1 44
56 44 15
82 64 33
7 95 45
13 12 16
69 30 87
89 38 16
20 60 55
34 63 19
59 70 31
79 98 18
24 4 4
95 45 74
70 47 24
28 6 31
42 7 32
21 1 45
23 40 83
47 3 97
26 18 13
74 55 44
65 90 83
15 14 46
29 32 90
8 90 2
15 41 61
84 14 90
15 92 96
69 35 83
28 4 60
88 25 57
48 97 86
77 14 61
77 51 46
65 90 68
33 48 6
91 42 40
60 45 28
85 51 10
7 71 68
13 83 16
91 60 57
28 44 47
10 12 45
84 9 70
83 73 87
6 57 26
17 32 99
54 42 14
15 32 90
21 3 85
54 41 35
84 32 43
65 33 61
69 14 96
85 51 79
65 59 74
29 29 20
65 59 83
74 39 41
6 17 16
62 18 80
28 12 58
6 89 21
81 42 28
53 20 7
90 17 45
7 76 68
17 29 90
82 93 33
65 51 46
6 85 61
60 4 84
7 29 68
8 85 21
98 30 87
56 6 87
37 83 20
78 68 63
62 18 26
85 64 63
91 13 14
54 68 62
27 94 78
83 73 78
65 51 41
14 54 25
21 74 47
59 6 10
11 18 50
84 14 43
28 4 84
85 17 68
61 76 68
86 18 60
53 89 21
8 82 55
16 32 83
57 22 64
3 12 52
37 72 48
52 8 0
82 51 63
97 87 7
68 46 5
79 38 43
48 82 54
27 66 86
70 44 33
26 90 20
29 90 99
92 15 60
5 38 10
5 64 10
71 76 10
74 92 73
33 15 91
56 29 68
68 69 57
81 29 28
15 90 43
77 63 47
59 0 10
94 51 13
29 90 28
82 66 10
58 90 5
3 38 79
85 64 66
80 23 87
84 19 43
91 6 26
9 12 10
28 18 31
78 7 64
3 66 33
60 74 26
29 30 65
58 13 55
46 1 3
37 46 53
81 76 28
93 60 14
4 25 49
94 85 35
2 42 40
91 0 80
3 21 78
60 1 24
91 21 15
1 61 83
50 91 16
30 47 55
81 76 70
68 51 66
18 71 56
64 52 85
49 14 20
61 29 70
65 11 74
81 32 80
77 53 11
47 17 67
63 20 4
53 39 23
67 58 6
91 70 10
66 33 14
93 60 5
94 47 65
74 49 12
84 90 46
43 99 69
11 79 94
17 20 17
44 94 25
6 99 8
65 35 83
18 87 11
25 37 97
82 51 33
49 26 61
34 81 56
0 95 99
78 1 24
18 56 47
94 82 25
81 63 76
70 4 24
18 42 68
2 81 35
75 61 68
80 30 68
91 18 80
26 19 99
76 41 2
26 14 20
36 68 9
90 46 86
61 16 14
76 51 10
65 64 97
37 14 59
74 73 58
15 49 55
61 71 84
17 90 20
89 73 49
37 11 56
11 65 81
18 48 84
61 76 56
51 61 4
87 60 73
48 27 15
34 19 82
89 5 67
11 71 80
38 51 84
57 30 63
84 85 15
35 41 1
41 82 25
1 47 0
32 68 47
26 29 20
22 62 18
65 20 15
3 38 8
8 20 15
93 61 94
77 14 41
59 93 15
98 12 87
62 65 12
60 1 60
65 47 63
50 23 57
28 6 60
68 21 39
18 93 70
29 89 14
5 42 72
71 58 66
53 85 7
96 85 74
8 67 21
65 89 23
8 58 61
13 73 44
71 67 9
65 35 74
80 4 90
3 64 33
82 64 63
28 93 88
48 35 81
37 18 59
75 73 98
95 11 28
72 27 86
28 86 66
60 47 60
14 37 91
5 94 52
30 55 22
32 93 6
87 51 76
27 58 2
53 36 16
47 38 95
13 28 78
64 74 93
1 10 22
46 74 3
15 39 82
18 16 24
94 36 65
83 83 78
88 50 57
24 30 8
81 55 13
72 63 94
3 38 33
37 72 59
65 89 21
96 14 92
91 89 31
36 14 0
69 35 62
29 97 80
8 67 61
48 53 26
57 1 63
29 98 97
78 74 26
95 15 45
7 71 84
70 74 26
59 18 80
94 81 7
46 4 26
26 14 43
83 83 16
4 23 61
10 91 25
69 1 44
81 15 73
12 20 29
72 36 93
72 3 3
49 62 79
84 19 82
