65 45 74
91 42 55
28 74 26
15 90 99
84 90 90
91 70 10
69 30 44
28 4 84
86 18 10
59 0 10
69 59 28
70 1 26
95 45 74
65 14 63
18 42 68
2 90 40
13 1 16
78 1 3
61 76 28
69 12 44
65 67 23
29 90 62
13 83 44
65 20 7
18 76 28
85 38 10
28 70 26
81 76 56
2 33 57
86 89 60
26 32 90
86 0 31
17 90 99
15 32 90
68 38 33
91 90 5
29 59 62
20 60 57
65 58 20
7 71 84
68 64 33
26 19 46
86 70 60
17 29 99
29 59 74
5 64 66
6 20 23
65 51 46
77 58 46
20 11 83
26 29 90
91 18 10
7 42 84
91 60 14
77 1 46
28 47 60
58 42 14
53 85 23
8 47 61
78 2 84
69 12 87
68 93 63
60 47 84
8 47 63
93 90 14
53 33 23
59 70 10
82 93 10
65 33 7
26 29 99
93 13 55
28 47 24
46 47 3
6 85 7
82 93 33
18 93 70
61 29 28
65 85 61
69 1 63
62 89 60
62 70 10
69 73 16
68 66 33
85 93 63
84 20 23
8 14 61
29 19 43
17 90 90
57 83 16
6 67 23
13 73 63
49 1 41
91 60 5
56 42 56
57 30 16
69 12 63
5 51 63
77 14 20
56 47 46
17 19 99
98 1 87
93 13 14
98 30 63
59 70 26
57 12 44
82 51 63
6 33 61
7 42 28
68 66 66
70 4 84
8 89 61
5 38 66
20 90 40
18 29 70
56 71 28
61 76 68
7 29 84
68 51 79
65 45 83
3 66 63
62 18 26
81 42 56
85 51 10
57 12 78
91 70 60
62 70 26
78 74 60
29 19 90
57 30 87
56 58 20
13 30 63
20 35 83
6 89 23
95 90 68
84 32 20
8 51 61
6 89 21
95 59 68
84 20 61
20 13 40
8 85 15
46 1 3
65 59 83
56 47 41
3 38 66
58 13 14
26 29 43
20 33 55
8 51 41
49 14 61
7 29 28
56 51 63
20 11 62
2 33 40
81 93 84
69 45 74
65 59 68
65 33 61
65 58 63
70 2 24
29 35 83
69 12 78
61 42 84
60 4 84
29 45 68
98 83 44
29 35 28
69 73 87
57 1 87
7 76 56
15 29 46
83 73 44
26 19 43
84 33 7
20 90 57
17 32 99
78 1 26
58 90 57
83 30 16
6 33 23
8 1 63
29 29 90
60 4 60
59 6 80
7 71 56
6 20 21
29 19 20
8 51 20
49 58 20
83 12 44
98 1 78
83 73 78
91 6 60
69 11 68
59 89 31
17 29 46
91 13 55
3 38 33
86 70 31
29 14 90
56 42 70
86 89 31
77 14 61
65 90 62
69 90 68
98 83 63
69 73 44
18 93 28
84 33 21
53 33 15
84 32 46
8 33 15
56 14 63
98 83 78
85 38 33
91 60 40
84 29 46
49 51 41
78 74 26
20 90 62
62 6 80
91 18 60
29 59 68
6 33 7
7 42 68
84 85 23
2 60 40
81 93 68
70 74 60
20 59 83
65 45 62
56 29 56
13 12 87
81 76 68
84 19 99
26 32 99
84 32 99
8 51 46
28 1 26
28 4 26
65 14 61
60 74 3
20 45 83
46 1 26
28 2 24
93 42 14
2 90 55
53 67 21
85 51 33
53 67 61
98 83 87
84 67 7
85 66 10
46 1 24
49 1 20
69 59 68
77 1 41
56 1 46
86 70 80
53 33 21
84 14 99
65 47 46
61 42 56
86 0 80
29 35 74
59 89 80
46 2 24
85 93 79
57 73 63
69 1 44
18 29 28
18 29 56
68 66 79
46 74 26
46 2 26
60 4 3
85 51 63
65 45 28
15 32 99
61 42 68
93 13 40
77 51 46
91 0 80
60 2 84
57 12 87
29 45 74
7 93 28
61 76 84
84 19 46
85 93 66
86 6 60
7 93 68
61 29 84
59 89 10
95 45 62
7 76 28
58 13 40
60 74 60
98 12 87
20 60 14
20 33 5
85 66 79
8 47 41
98 30 44
20 45 74
6 67 61
84 67 21
65 33 23
58 90 55
56 76 68
59 0 80
2 13 55
91 89 31
28 70 31
83 83 16
29 14 99
56 47 63
13 83 87
3 66 33
93 90 5
91 13 57
93 33 57
81 93 56
53 89 15
61 71 70
53 89 61
56 93 56
58 42 5
20 59 62
29 90 74
28 70 60
28 89 80
82 93 79
93 33 40
62 18 60
18 71 84
60 2 26
62 6 26
70 47 3
98 73 44
3 64 79
18 71 70
65 35 28
8 14 20
77 47 41
2 60 5
65 1 61
70 74 24
7 71 70
81 29 70
49 1 46
26 32 46
2 90 5
56 42 28
29 32 20
17 19 46
84 33 61
3 51 79
60 47 60
59 6 31
13 30 16
86 89 10
5 64 63
91 89 26
28 1 24
18 42 70
61 42 28
29 90 90
17 29 90
8 89 23
59 18 10
46 2 3
8 33 21
91 42 40
6 20 15
65 51 41
15 19 46
77 51 41
98 30 87
49 51 61
77 14 63
84 33 15
2 42 5
81 93 70
8 58 63
5 38 63
56 51 46
2 42 14
5 38 79
28 2 3
77 14 41
29 32 99
3 51 10
78 1 24
20 90 5
56 14 61
29 11 68
15 29 90
84 67 61
65 47 20
69 90 62
15 14 20
84 29 20
46 1 84
18 93 56
8 14 41
65 67 61
70 1 24
20 11 28
28 18 26
81 29 84
56 29 84
86 0 26
81 42 70
65 1 63
84 14 90
29 90 20
83 1 44
56 58 41
29 90 99
98 1 44
62 0 80
86 18 31
95 59 62
15 90 20
8 47 46
28 47 3
65 90 28
95 35 68
84 14 43
15 14 90
62 6 31
68 51 63
13 1 78
59 0 31
18 71 68
56 29 28
61 29 68
57 73 16
60 4 26
15 19 43
59 18 26
20 11 68
60 2 24
46 47 26
53 85 61
57 83 44
3 93 33
91 0 60
69 45 83
5 51 10
78 74 84
85 51 79
68 64 63
46 74 3
46 47 84
56 93 28
6 85 23
81 71 84
69 11 28
65 89 61
58 90 5
84 20 15
95 59 83
78 2 60
3 64 10
49 51 63
61 93 28
17 14 20
70 1 60
5 93 10
98 12 16
8 20 7
46 74 84
2 90 14
77 1 20
82 93 66
59 70 60
93 90 57
60 1 3
82 38 66
78 47 3
20 59 74
20 35 62
28 70 10
6 85 21
15 32 20
77 14 46
2 13 40
59 6 60
82 51 66
56 42 68
93 13 5
8 20 15
28 47 84
20 45 68
84 90 46
84 33 23
93 60 55
58 90 14
20 13 14
84 29 99
53 85 7
8 51 63
93 60 5
28 74 60
65 14 46
6 67 21
57 12 16
91 6 80
82 38 10
53 89 7
58 60 5
20 90 14
65 85 15
95 11 62
98 1 63
69 35 28
8 1 46
6 89 61
17 19 43
18 42 28
60 47 26
56 51 61
58 33 55
65 20 23
91 90 57
58 33 40
20 33 57
56 71 70
84 19 90
60 2 3
70 47 60
29 29 20
15 90 43
28 89 31
84 85 61
20 11 74
65 89 23
13 12 44
81 76 70
53 67 15
15 90 46
85 64 66
29 32 43
85 64 33
81 93 28
7 29 68
91 6 10
57 83 78
62 0 60
46 47 24
56 51 20
56 93 68
56 76 28
26 14 99
2 90 57
8 33 61
8 85 21
17 19 90
7 71 28
61 71 84
13 30 44
68 93 33
69 30 78
5 93 66
29 11 74
8 67 15
56 14 46
70 4 24
60 47 3
81 71 70
84 89 21
69 30 87
91 0 10
65 47 41
95 45 68
6 20 61
56 14 20
58 33 14
68 93 10
84 90 20
91 89 80
65 85 7
53 85 15
2 33 5
82 64 66
84 32 43
91 89 60
70 2 26
85 66 63
83 12 63
78 4 26
29 14 43
85 51 66
6 89 15
57 73 44
70 2 60
70 4 26
62 6 60
77 51 20
28 4 3
65 35 68
85 93 33
65 59 62
58 42 55
86 18 26
82 51 33
91 90 14
62 70 31
95 59 74
81 42 84
7 71 68
13 1 87
85 38 66
49 58 46
57 73 87
15 29 99
69 59 62
46 74 60
49 14 63
3 51 66
61 29 56
29 45 28
98 30 16
82 66 79
29 45 83
65 1 41
7 42 70
78 74 3
77 47 46
65 47 63
57 73 78
78 4 24
13 73 16
62 89 26
69 45 68
83 12 87
59 89 26
84 89 15
57 1 16
93 42 55
3 93 63
65 11 28
3 66 79
93 60 14
61 42 70
29 35 68
91 18 31
26 90 20
91 33 40
68 38 79
8 14 46
68 38 63
98 73 78
8 58 20
57 83 63
5 51 66
56 58 46
69 35 68
93 33 5
70 47 24
3 38 63
8 89 15
98 30 78
84 32 90
60 1 60
84 85 7
65 85 23
69 1 16
28 18 10
56 71 84
83 73 87
81 29 28
56 93 70
28 4 24
82 38 63
6 85 15
77 1 63
77 58 41
65 90 74
20 35 28
49 47 41
8 85 61
65 33 15
53 20 21
3 51 33
20 42 14
85 93 10
56 93 84
53 33 7
58 33 57
2 42 55
8 58 46
65 1 20
65 67 21
13 73 44
49 51 20
8 1 41
86 6 10
98 12 44
56 51 41
28 89 26
20 90 74
61 93 84
65 33 21
20 13 55
95 11 68
28 89 10
91 70 31
6 89 7
82 93 63
91 13 5
56 76 70
28 0 31
85 38 63
83 83 44
61 71 28
69 83 63
65 11 74
28 74 3
28 1 60
84 19 20
84 29 90
5 38 10
29 59 83
15 14 99
61 71 68
82 66 10
5 66 33
69 30 16
5 93 33
69 45 62
59 6 26
8 20 21
65 58 61
8 1 61
59 70 31
46 2 84
18 42 84
65 1 46
83 12 16
6 33 15
78 2 24
82 51 79
83 12 78
65 11 68
82 66 66
5 38 33
69 90 74
91 13 40
65 85 21
85 38 79
62 18 31
49 58 41
59 0 26
28 74 24
59 18 31
69 1 78
46 4 24
82 66 33
91 0 31
18 42 56
84 67 15
13 73 78
95 35 28
13 30 78
95 35 62
95 90 28
93 90 55
82 66 63
5 51 79
91 42 14
5 66 66
28 18 31
83 83 78
49 14 46
69 35 83
85 66 33
91 60 55
5 51 33
6 67 15
3 64 63
56 58 63
56 71 68
2 42 40
65 89 15
98 1 16
91 6 26
20 35 74
84 20 21
98 83 16
29 32 46
53 67 23
58 33 5
53 85 21
78 74 24
70 74 26
17 29 43
69 83 78
28 0 60
17 14 43
56 47 61
93 42 5
29 90 43
84 14 20
62 0 26
5 93 63
58 13 57
78 4 60
26 90 46
84 89 7
17 14 99
8 67 23
26 32 20
65 20 21
82 38 79
29 90 46
98 12 78
20 90 68
29 11 83
58 42 40
2 60 55
3 93 10
93 33 14
93 60 40
77 51 61
93 42 40
65 35 83
61 71 56
83 1 78
98 73 16
58 60 40
58 13 5
8 58 61
77 58 61
68 38 10
57 1 44
17 90 20
95 90 62
65 67 7
13 12 63
61 76 70
28 2 26
93 90 40
17 19 20
7 93 56
82 64 79
83 83 63
13 83 78
69 83 16
13 83 16
93 33 55
13 12 16
6 33 21
5 64 33
70 74 3
49 14 41
68 66 63
86 18 80
2 33 55
98 73 87
91 18 80
68 64 66
82 51 10
68 93 79
49 51 46
62 89 80
46 4 60
20 35 68
93 13 57
46 1 60
20 45 28
15 32 46
20 45 62
70 74 84
28 2 84
85 64 63
61 93 56
5 93 79
57 1 63
29 90 83
81 29 56
84 89 61
29 14 46
7 76 84
65 59 74
28 0 10
91 33 5
58 60 55
56 76 84
7 29 56
69 73 78
17 32 90
60 47 24
98 73 63
70 4 3
26 14 90
15 14 46
95 35 74
69 90 28
29 19 46
28 6 26
53 89 23
28 0 26
3 64 66
46 4 84
5 64 79
65 45 68
84 90 43
8 47 20
17 90 46
65 67 15
69 11 74
62 89 31
8 20 23
28 1 3
53 20 61
86 6 31
18 76 70
49 58 61
13 73 87
56 47 20
18 76 56
57 83 87
57 30 44
18 93 68
65 51 61
13 83 63
29 29 99
65 35 62
46 4 26
15 29 43
15 19 99
70 47 26
28 4 60
29 90 68
59 0 60
61 93 70
49 14 20
83 73 16
83 30 78
49 47 63
6 67 7
77 47 63
29 11 28
56 1 63
29 32 90
5 66 10
69 30 63
18 93 84
82 38 33
91 60 57
28 2 60
20 59 68
29 59 28
59 6 10
70 1 3
68 93 66
17 32 46
78 47 60
69 83 87
26 14 20
82 64 33
28 70 80
28 74 84
91 70 26
69 12 16
29 29 46
15 29 20
68 51 66
8 67 61
78 4 84
61 93 68
83 1 63
60 4 24
83 73 63
59 18 60
29 19 99
69 35 74
69 11 62
57 30 78
65 47 61
13 1 63
2 13 14
58 42 57
91 33 57
84 14 46
69 73 63
60 74 84
81 71 28
20 33 40
65 89 21
18 71 56
7 76 70
28 0 80
20 59 28
7 93 84
77 47 61
28 6 60
