7 42 56
59 6 80
29 14 46
15 29 99
84 85 21
65 51 63
13 73 87
49 1 61
83 12 87
87 59 48
53 85 15
3 51 33
60 47 3
5 93 66
26 29 46
28 1 84
70 1 24
82 93 33
83 83 63
29 45 83
46 2 60
8 67 61
84 33 7
81 42 56
69 83 78
77 51 63
6 89 21
62 89 26
77 1 61
62 89 31
82 51 66
70 47 84
53 20 23
20 35 68
98 73 16
68 64 33
80 2 2
56 58 46
85 66 79
42 68 3
15 90 20
88 93 25
29 59 74
18 93 68
8 89 23
55 88 26
57 83 63
71 44 74
20 42 57
69 45 74
78 1 24
18 42 68
8 33 23
28 2 60
65 85 21
69 30 44
6 33 21
65 35 68
91 90 57
56 76 84
14 43 93
91 70 26
83 12 44
59 89 31
6 85 23
70 2 60
65 45 28
17 14 99
91 60 5
53 67 61
93 48 45
70 50 92
5 51 10
69 11 62
70 78 51
70 47 60
34 46 16
69 90 28
57 12 44
65 20 7
84 67 61
81 29 84
77 14 63
65 47 63
63 29 92
93 33 14
91 33 14
7 29 56
49 51 61
82 51 63
47 26 10
0 36 35
8 20 7
65 67 15
84 14 43
93 90 14
15 29 43
3 93 66
91 33 55
6 33 7
14 75 94
84 32 43
63 8 55
7 93 84
84 85 7
2 13 57
84 32 90
48 68 30
47 92 12
59 0 26
29 32 46
78 74 60
2 60 5
7 71 84
77 58 20
95 99 24
20 45 74
91 18 60
19 14 72
69 30 63
85 64 33
84 89 23
46 78 99
13 1 44
53 89 15
91 33 57
28 70 60
69 45 68
13 25 99
56 76 68
57 12 87
10 87 9
18 93 70
47 65 87
51 17 88
90 40 61
61 42 68
28 74 3
56 29 84
91 33 40
66 96 64
68 66 79
5 93 10
8 67 15
28 18 80
20 59 68
25 66 38
84 85 61
47 77 74
18 39 83
86 31 28
11 36 89
66 97 90
46 96 28
96 67 70
48 99 15
29 33 38
58 7 46
17 90 20
2 52 56
8 47 63
79 10 64
84 29 99
22 84 31
40 58 66
26 29 20
69 90 83
10 63 64
96 31 14
5 62 73
2 90 40
44 13 47
20 11 68
60 63 75
57 92 13
81 42 28
72 79 32
84 33 61
95 19 41
94 56 64
17 14 20
62 6 10
57 83 87
98 58 97
70 4 84
57 30 16
89 32 99
26 22 35
27 6 69
84 14 20
18 71 84
5 95 23
98 42 34
53 51 98
90 37 92
68 93 10
66 89 55
56 40 28
33 88 32
84 85 15
87 31 57
81 11 81
76 25 26
77 72 27
65 11 62
85 89 42
61 76 84
66 52 26
65 59 74
53 85 21
74 5 67
75 5 91
29 14 43
13 14 87
39 51 68
84 89 15
68 93 66
7 55 71
86 21 58
37 97 96
5 68 63
53 50 29
45 27 90
60 22 18
13 83 87
14 92 13
5 51 79
99 40 93
16 29 44
38 50 78
60 67 25
65 15 29
26 32 43
16 6 10
83 73 63
40 30 66
78 4 3
15 54 58
15 90 43
26 13 57
27 48 84
85 85 43
9 3 6
69 30 87
28 4 84
31 83 43
83 73 44
53 89 61
58 42 55
2 42 5
19 94 19
23 90 53
82 63 64
74 59 57
11 94 6
2 90 55
69 12 16
43 32 67
10 6 25
48 14 46
92 63 1
15 14 90
28 67 46
97 91 29
95 74 95
2 11 90
86 13 5
9 56 76
6 47 20
44 25 31
22 24 60
40 83 72
8 70 75
31 42 48
82 92 71
5 91 26
86 0 60
6 89 61
56 84 71
10 31 44
83 30 63
73 81 87
49 62 11
48 36 50
23 10 18
91 25 31
20 71 46
61 71 28
64 0 17
66 33 83
84 67 21
99 52 2
56 42 68
65 35 83
7 44 44
68 19 42
81 90 20
18 46 35
95 52 53
19 69 53
61 8 60
76 41 83
22 22 94
70 21 58
6 82 94
39 38 97
83 47 10
4 9 49
46 41 77
81 5 97
14 22 65
79 99 51
3 66 10
47 51 77
91 44 85
41 63 28
44 89 76
59 70 80
52 57 38
74 61 8
5 15 39
6 20 7
52 35 60
28 18 31
91 6 31
48 75 27
92 61 64
92 20 34
49 14 20
65 1 20
31 65 49
57 26 13
5 25 47
69 33 90
29 70 78
43 67 28
95 69 19
68 64 79
80 81 56
82 46 87
35 19 78
88 81 96
6 93 29
91 58 36
9 83 39
69 1 63
84 60 86
67 50 73
67 97 98
7 29 68
71 90 3
92 14 14
49 58 61
47 19 69
60 71 88
73 4 4
43 83 46
54 36 15
62 41 13
68 51 79
56 47 20
63 72 39
65 85 7
89 55 64
92 22 35
23 72 45
76 81 3
17 19 20
66 98 48
50 10 91
65 20 23
86 18 31
85 85 71
30 85 76
65 46 0
54 17 2
44 88 72
72 54 81
75 32 32
69 32 45
44 10 69
79 97 26
23 19 50
87 30 80
43 41 36
40 15 79
28 70 26
22 3 47
53 89 7
69 80 82
11 15 10
38 0 17
1 74 32
5 51 33
49 18 9
25 95 29
70 62 82
42 47 89
96 15 13
78 47 26
64 80 75
59 0 10
7 23 5
64 50 83
16 6 97
20 35 28
71 50 65
56 51 46
52 53 83
33 31 31
65 14 41
32 64 68
77 51 20
73 78 87
80 9 83
29 31 44
59 18 26
45 54 68
71 48 3
79 53 77
49 47 61
42 52 92
26 86 72
90 27 84
94 7 50
82 81 52
80 54 18
47 95 56
80 93 29
51 88 28
8 5 96
2 13 40
77 1 41
65 5 57
24 14 33
1 11 8
81 76 84
61 19 59
24 0 42
20 90 57
21 0 73
26 24 25
5 69 60
94 20 55
75 80 79
69 56 11
6 88 84
68 5 98
22 15 50
51 27 84
34 77 40
65 20 56
43 1 88
26 18 8
26 90 44
81 12 86
83 1 44
97 78 9
59 46 3
71 49 15
67 27 66
75 73 8
95 59 74
53 85 23
56 61 93
91 80 3
68 99 32
49 44 56
36 20 25
56 37 36
26 29 90
75 73 36
6 85 7
56 51 42
5 7 48
34 79 92
73 73 90
93 60 5
65 1 41
47 71 99
88 61 4
42 7 41
95 90 82
13 83 78
38 39 79
85 38 66
19 38 4
46 41 83
36 21 33
41 2 81
1 14 50
86 69 17
13 87 51
52 28 79
16 26 62
28 70 80
73 46 16
14 38 78
69 93 89
2 47 46
91 89 26
5 64 63
42 59 96
24 67 1
70 4 3
46 80 10
9 13 4
17 70 94
64 63 22
37 64 33
48 69 66
84 5 92
47 69 64
18 12 79
18 89 97
43 75 28
83 1 63
84 95 62
60 1 3
65 33 23
25 92 27
56 14 46
98 1 87
7 94 95
22 79 14
41 31 61
59 84 74
89 27 33
50 76 85
64 54 8
88 97 97
0 86 71
82 36 23
81 2 82
26 60 94
57 73 78
20 42 44
91 70 10
57 50 54
17 29 20
46 1 24
2 76 61
79 79 19
57 83 76
83 22 88
19 80 17
10 18 53
93 63 50
83 5 46
95 74 25
6 67 15
56 88 43
28 6 26
17 16 66
48 45 29
49 93 16
56 70 66
59 89 26
7 93 28
13 28 36
56 14 63
17 16 78
67 52 9
81 71 56
26 61 34
87 90 87
28 15 51
3 29 66
95 80 66
89 39 81
46 55 7
96 76 48
45 25 20
91 90 40
98 83 63
64 56 98
3 47 22
83 83 78
93 42 14
34 69 26
29 80 37
65 98 9
49 58 63
4 97 4
63 44 61
79 74 61
17 83 37
95 93 75
47 74 17
79 46 64
25 70 78
9 90 24
77 77 50
36 26 61
83 25 95
57 25 96
30 44 85
62 71 0
21 96 37
65 8 2
29 19 30
1 21 75
20 33 40
29 93 2
89 7 87
3 75 21
85 1 29
81 76 70
69 26 59
46 2 3
8 25 94
49 57 42
15 35 72
39 7 33
90 25 62
27 50 9
5 82 95
85 39 86
65 67 7
53 36 50
18 42 28
79 69 7
83 3 76
84 31 94
80 79 79
12 93 91
16 64 98
29 20 83
92 14 5
31 18 12
57 63 77
82 24 38
54 39 85
96 80 27
72 8 16
5 19 61
90 86 87
66 56 57
84 2 36
93 29 99
8 5 87
75 36 2
48 49 95
91 89 31
79 92 40
49 64 62
46 4 14
72 98 87
91 18 31
51 46 39
86 0 26
56 30 44
74 99 43
3 77 49
14 92 23
66 32 88
3 57 32
9 42 35
87 8 79
57 12 97
75 91 64
92 18 86
90 23 78
63 5 26
8 89 15
15 97 5
95 90 74
76 57 86
5 81 39
72 36 49
33 39 52
50 15 0
7 78 13
42 19 8
73 89 36
75 4 40
84 14 10
64 38 18
0 30 35
14 40 18
61 71 84
81 63 28
84 19 99
64 2 88
13 90 69
28 37 82
91 86 55
19 73 94
60 47 24
19 96 33
89 43 76
54 47 48
15 82 89
82 38 10
57 30 44
59 73 1
57 69 69
81 76 68
78 21 8
70 48 84
79 78 34
23 72 68
13 94 69
42 96 28
75 76 53
65 90 83
11 13 81
86 67 8
45 27 55
55 16 18
77 95 95
90 62 71
72 73 41
9 21 92
40 80 26
15 32 90
84 75 15
11 64 84
86 65 14
84 14 46
46 17 9
48 82 4
63 28 35
56 99 64
52 64 51
56 14 20
27 31 50
39 80 95
91 98 99
28 29 56
68 44 41
85 64 66
34 10 62
39 5 81
9 93 99
21 29 78
64 73 80
23 82 22
78 62 41
77 62 50
68 61 37
60 2 3
61 71 56
93 76 36
14 31 10
69 11 28
71 23 53
9 24 36
36 26 54
64 73 57
74 0 82
90 37 39
82 65 17
65 86 77
14 43 97
89 36 38
75 14 42
9 58 43
38 22 15
15 24 23
28 2 84
59 63 21
27 57 33
30 90 2
21 28 78
39 94 11
5 46 72
57 52 16
62 15 26
82 5 89
45 0 36
65 4 75
91 60 40
6 90 45
70 4 60
53 68 22
97 23 93
71 78 62
7 58 77
45 58 67
99 95 86
95 59 35
86 18 10
17 79 81
56 58 63
82 1 30
57 83 78
2 33 40
17 32 43
56 51 63
39 31 72
42 72 0
62 0 26
36 14 37
37 99 56
35 0 4
82 66 79
22 58 9
40 40 7
6 89 23
14 81 4
70 42 85
57 44 81
22 43 74
26 14 20
27 19 51
38 50 42
18 45 93
37 26 28
79 81 37
49 30 10
58 13 74
54 85 20
92 69 43
60 12 56
88 22 46
59 66 16
85 33 18
91 53 96
34 65 35
20 24 43
88 93 44
64 71 51
77 20 21
38 89 24
7 98 80
40 50 52
53 75 30
99 75 83
1 5 20
15 31 62
2 73 80
66 9 22
63 77 2
82 59 39
37 72 32
53 20 21
58 60 29
46 94 37
82 32 66
82 24 66
50 56 39
4 26 53
26 61 4
96 93 32
60 15 70
4 48 92
2 26 6
61 89 39
83 83 44
65 65 15
61 25 92
4 3 10
81 66 87
33 56 2
72 7 93
12 59 24
43 81 56
62 73 94
86 70 80
72 77 85
88 70 40
12 23 21
84 32 38
8 11 91
6 98 57
2 33 57
51 8 98
5 94 56
95 2 98
99 70 5
2 53 94
7 76 82
40 36 19
28 19 15
33 7 86
44 42 2
42 0 47
67 17 66
90 27 94
89 31 2
24 61 74
17 90 46
99 78 39
59 6 7
68 33 53
82 13 29
8 56 64
22 76 69
80 86 44
54 43 2
81 37 32
78 59 37
39 66 49
0 39 15
53 90 0
68 66 66
51 81 85
16 17 65
6 54 34
39 83 5
77 99 15
96 21 21
4 56 71
1 80 29
43 28 15
24 16 42
73 65 70
8 4 26
3 38 63
6 30 19
73 13 62
49 93 39
29 10 10
47 98 31
61 8 49
39 92 55
56 19 87
1 55 67
55 3 97
35 19 1
50 43 42
42 97 39
29 30 53
9 84 4
25 9 93
1 53 1
6 67 23
12 0 42
38 9 39
38 62 96
17 32 20
43 60 0
55 60 63
37 44 20
85 38 63
15 11 63
22 66 61
99 17 68
74 1 9
74 10 46
85 1 2
9 37 34
78 37 33
94 61 96
28 0 26
60 56 49
13 84 56
4 4 23
37 42 87
10 20 95
71 1 5
49 99 8
33 13 46
55 23 26
8 58 46
85 59 66
98 94 91
41 96 94
8 57 15
24 72 34
88 19 40
57 73 44
35 70 40
90 67 51
84 80 41
64 73 84
94 95 96
20 90 83
46 10 76
39 45 9
52 62 27
58 67 89
8 1 61
68 64 30
72 65 90
49 58 41
86 43 1
93 13 40
14 20 17
33 80 29
97 17 13
53 89 21
42 0 22
54 68 9
7 2 4
12 23 20
26 19 43
43 31 73
59 65 10
98 30 87
50 67 43
75 45 35
91 27 69
71 13 84
66 6 31
59 0 60
84 62 37
58 54 19
5 14 23
