81 76 28
15 90 90
90 37 13
7 29 28
2 70 13
38 73 45
58 37 73
20 45 62
19 53 66
45 66 53
0 38 28
2 92 45
10 26 39
31 61 7
91 75 43
49 84 76
84 92 87
18 96 52
53 68 99
15 29 24
98 88 25
58 83 60
47 77 80
94 12 54
36 84 44
18 29 68
40 0 81
10 97 42
41 81 86
20 8 13
30 47 67
30 30 73
42 86 66
35 68 61
53 74 75
36 36 37
34 27 72
63 88 57
89 64 28
55 2 21
34 30 96
7 69 97
25 36 13
62 89 31
63 25 49
54 99 72
5 99 6
21 56 69
74 32 58
99 84 88
13 51 59
3 55 67
3 38 92
52 45 7
43 58 46
52 3 47
38 9 66
91 19 15
71 91 4
76 18 47
81 81 30
63 87 32
52 94 49
80 26 76
83 24 14
73 95 60
39 7 3
95 36 63
53 67 15
85 99 89
82 11 27
46 2 60
30 81 42
57 96 24
70 74 84
52 57 37
21 79 74
52 98 47
70 74 60
53 42 32
8 26 93
22 98 76
67 88 89
43 72 86
73 65 59
54 26 0
61 84 45
67 65 11
73 39 14
40 80 40
65 1 20
66 10 64
60 83 50
30 8 21
70 2 60
2 0 0
39 5 34
85 97 85
56 19 99
48 72 7
89 65 64
13 1 44
91 97 22
15 14 46
64 32 47
85 55 10
10 75 33
81 53 24
46 26 98
89 70 64
82 39 38
38 61 9
13 77 95
15 95 64
45 59 59
1 60 5
80 21 21
0 63 10
52 75 12
74 45 84
45 4 12
60 78 97
94 59 48
24 45 35
8 89 38
98 95 23
31 59 41
26 90 43
37 25 27
12 6 2
75 65 35
41 65 40
67 90 0
60 77 54
72 28 4
59 42 44
25 85 11
58 42 55
33 31 95
87 36 47
54 92 27
28 90 6
99 80 14
79 50 12
70 61 61
6 41 31
63 48 89
56 47 41
6 34 94
87 22 54
97 88 45
23 29 68
72 16 93
97 50 14
29 35 30
83 7 33
6 19 0
5 25 37
64 0 44
62 17 18
67 20 40
76 78 80
41 21 61
69 72 70
93 60 57
50 31 3
89 28 83
86 34 62
42 25 53
21 53 16
97 32 63
81 60 5
21 50 16
23 87 87
62 0 31
7 7 7
97 95 93
42 62 14
87 74 18
29 35 9
88 88 34
62 23 11
72 94 74
25 15 31
69 79 86
88 33 78
50 11 72
96 28 85
88 63 12
91 24 66
80 25 0
19 19 42
50 77 99
11 43 91
2 17 68
95 11 83
6 67 21
28 47 91
64 68 38
54 16 64
69 91 38
9 40 47
54 49 39
50 42 60
56 71 70
92 97 9
96 46 24
36 87 40
71 65 70
77 85 74
72 43 76
26 72 92
57 47 23
81 8 70
30 87 90
35 63 57
89 43 16
64 43 77
19 23 96
34 37 97
71 31 3
86 51 80
62 60 11
6 1 6
45 64 91
43 70 81
11 55 98
52 64 46
68 99 83
12 97 21
19 39 4
44 99 71
42 53 19
31 74 77
8 16 15
43 78 31
13 21 29
58 98 34
70 77 4
75 86 22
21 67 52
99 68 43
55 79 48
63 16 98
1 24 99
47 58 77
84 77 64
86 58 93
13 72 42
17 90 8
94 2 10
70 47 60
65 21 34
26 24 52
7 42 63
35 76 49
30 25 57
32 2 3
77 35 55
1 59 80
82 86 1
11 38 21
37 98 70
15 28 21
20 42 10
33 23 80
15 95 26
66 23 34
71 45 23
51 31 51
51 35 19
85 77 97
68 72 93
6 33 7
35 46 52
29 39 10
64 45 71
74 92 84
23 44 15
2 56 65
75 58 88
69 51 86
82 54 97
66 23 0
52 31 66
74 58 54
91 72 12
4 51 48
46 2 84
9 43 22
54 36 95
63 58 29
19 19 91
35 46 35
96 70 29
42 34 19
92 61 56
83 25 95
24 92 77
31 56 24
61 99 99
91 97 96
28 30 57
94 50 57
19 23 32
8 86 40
91 41 67
94 32 88
0 37 96
48 39 99
61 50 94
29 35 74
0 99 68
42 84 47
56 30 48
81 23 80
7 60 42
12 41 30
31 28 14
19 53 96
27 44 72
77 65 28
91 6 31
60 84 66
91 96 60
20 60 33
42 68 77
29 96 44
82 58 50
93 59 44
89 72 28
62 21 26
66 14 80
65 89 7
97 18 60
3 92 22
86 64 86
8 32 66
50 91 76
26 0 82
40 96 17
97 11 1
68 24 6
33 16 78
91 46 75
11 90 95
20 27 80
66 35 61
86 41 74
86 85 32
52 78 43
70 55 14
70 94 87
67 34 56
31 50 72
9 52 67
75 34 50
6 5 63
91 85 24
87 76 66
70 60 11
38 31 13
17 14 90
41 82 27
28 3 3
68 70 35
36 71 74
66 35 88
61 58 25
10 96 84
22 37 90
46 98 63
81 4 54
49 97 62
58 32 37
32 37 55
55 56 22
69 45 83
8 24 16
26 31 80
51 69 59
53 66 95
46 29 97
75 34 20
97 37 4
51 86 20
45 7 67
37 14 82
58 89 68
91 85 40
70 84 85
29 60 98
63 52 54
75 86 8
8 58 61
28 6 26
32 78 82
58 92 99
63 99 55
43 77 94
13 14 26
82 64 91
81 3 58
13 94 70
55 19 82
31 31 89
78 85 7
31 70 32
53 85 24
27 54 22
0 66 88
66 95 40
20 16 7
63 13 25
3 45 19
59 89 80
16 8 59
88 77 64
83 20 99
49 32 51
21 98 13
83 22 99
93 40 84
91 96 34
83 18 58
34 30 93
77 31 22
5 64 33
71 98 13
38 42 85
18 79 46
39 72 86
13 45 23
56 7 10
53 47 73
17 70 76
41 96 42
5 24 43
67 15 10
76 95 4
2 27 85
70 85 90
92 98 36
34 49 71
10 25 64
87 36 30
37 2 82
31 20 52
84 33 21
32 16 13
48 77 93
55 43 62
79 65 3
89 43 70
78 59 94
54 54 54
51 59 88
78 61 2
73 16 74
33 86 4
4 31 7
91 58 27
65 45 68
37 87 17
29 90 62
57 12 78
66 29 81
26 96 40
53 11 41
27 29 27
85 43 2
8 53 26
98 37 28
36 2 18
45 72 76
35 29 29
63 73 72
87 0 57
79 17 75
35 31 62
80 60 23
19 22 52
20 61 0
98 89 44
80 89 72
57 30 30
55 78 65
94 0 33
95 35 28
4 55 76
73 97 72
50 6 30
96 5 65
73 62 83
7 94 95
68 67 52
12 81 53
69 54 94
19 26 78
43 79 99
6 64 91
51 64 45
36 41 52
95 48 77
93 17 54
58 43 94
28 66 7
92 87 47
74 12 66
92 30 78
36 21 89
84 83 38
94 37 9
95 15 41
32 74 15
57 4 25
82 44 24
35 98 53
16 15 59
97 29 29
2 36 41
74 14 89
97 86 96
46 8 68
80 5 82
10 75 92
49 35 55
13 12 63
46 29 61
49 85 75
39 31 28
63 48 96
27 71 72
1 59 67
74 54 32
35 64 97
70 31 70
49 25 14
78 97 69
18 54 74
14 52 62
70 59 92
43 22 38
18 29 84
40 62 49
24 32 31
23 32 1
88 20 43
84 1 50
8 81 36
97 84 46
87 80 83
85 5 70
80 42 4
14 89 27
6 76 24
35 87 39
17 23 31
33 80 81
3 55 50
89 59 73
79 60 57
68 69 3
35 42 43
74 14 78
5 21 44
66 59 70
48 10 71
5 9 7
96 34 94
28 0 80
37 78 31
61 86 1
79 83 38
18 3 61
98 87 13
8 1 46
15 57 44
60 59 3
79 91 25
79 83 16
10 79 4
37 65 29
85 22 40
24 0 66
44 31 20
25 83 26
54 84 67
53 36 69
73 87 9
54 18 52
43 95 51
51 0 81
7 41 9
49 25 95
5 34 31
96 32 65
64 13 42
25 11 94
41 57 75
78 72 10
78 92 52
80 31 60
91 36 15
1 30 15
60 50 95
56 50 50
29 36 0
30 31 75
55 15 90
78 47 26
73 62 57
10 58 35
90 37 86
72 96 20
41 94 12
77 80 65
65 58 77
55 70 83
21 26 27
26 29 43
94 10 35
81 74 3
91 15 7
7 42 56
84 77 90
14 51 6
5 75 80
53 75 68
8 96 46
58 43 44
82 52 42
51 0 97
76 41 37
4 68 50
31 17 23
42 87 47
86 42 76
80 39 80
88 34 94
36 40 87
3 53 79
59 30 93
83 1 15
54 42 58
11 0 11
17 83 12
83 89 26
89 27 83
52 37 40
19 67 28
57 49 6
36 60 50
19 64 63
59 24 98
21 58 54
7 92 89
70 0 58
25 25 87
27 84 32
55 80 87
9 59 19
15 21 21
57 71 86
93 32 41
10 55 8
33 70 1
33 60 94
11 85 92
17 13 78
16 59 17
48 20 40
46 54 43
65 51 46
67 79 58
41 0 37
17 72 27
12 46 71
86 87 76
42 65 98
76 8 19
53 81 44
77 58 41
57 63 25
22 37 5
60 1 3
81 4 21
57 99 37
82 56 54
83 90 30
56 67 76
48 13 90
62 15 59
87 4 70
88 21 86
40 70 96
30 85 32
58 54 35
80 59 5
82 14 80
11 65 22
3 71 50
18 51 54
77 54 64
35 32 21
56 47 61
77 14 25
91 63 82
86 6 31
88 92 84
91 13 5
6 89 42
44 58 96
61 63 98
97 57 54
57 93 50
62 6 2
58 42 40
66 30 39
36 9 48
2 57 29
59 86 5
16 10 29
44 47 10
35 58 68
70 67 36
31 50 3
54 1 24
25 32 11
48 11 50
16 31 64
97 12 69
70 97 4
77 44 54
32 8 8
11 90 5
53 50 46
73 0 57
8 44 63
12 24 45
80 61 98
6 83 41
81 78 93
19 41 11
29 10 99
89 33 10
92 3 42
22 56 28
43 15 69
52 41 75
3 64 66
76 61 55
65 21 5
71 67 32
84 81 73
30 15 2
33 88 13
88 39 43
70 1 26
38 81 53
7 54 51
78 2 84
37 60 50
95 50 6
57 86 58
15 20 62
85 12 75
59 10 42
91 48 41
20 2 93
6 77 62
27 39 47
76 99 37
61 51 95
99 56 44
23 50 54
58 60 4
0 29 80
76 48 67
5 93 66
89 7 10
65 82 79
63 74 50
74 47 11
54 83 15
93 53 87
66 33 80
41 82 77
43 28 17
21 62 68
70 59 22
31 87 67
43 36 1
65 41 97
59 25 99
7 56 6
19 23 61
48 79 27
91 65 31
50 38 70
55 15 73
71 28 60
88 87 44
40 93 26
76 95 29
53 58 34
46 95 50
38 71 94
29 37 88
91 60 92
45 91 4
25 65 30
28 50 39
65 58 46
77 41 44
41 70 12
25 66 69
75 11 22
21 91 84
66 35 85
41 55 44
65 47 41
16 29 53
76 4 1
78 96 49
23 84 73
76 88 29
13 56 31
35 43 27
49 54 15
43 74 15
6 72 62
92 10 38
52 49 61
17 40 1
37 4 47
34 24 34
49 26 24
28 68 46
59 42 57
95 86 89
51 40 81
34 45 29
28 19 60
36 53 74
8 81 28
26 54 3
54 98 57
4 75 5
35 27 21
81 5 17
30 63 62
81 3 35
20 97 27
11 8 47
72 2 54
82 66 33
72 7 67
53 67 26
26 50 26
8 9 20
26 14 46
92 75 79
65 55 97
75 6 69
28 76 54
43 9 52
54 43 54
58 71 50
3 80 76
42 21 25
57 30 16
29 6 19
68 6 37
85 38 43
99 50 99
5 4 43
96 86 71
12 68 33
36 64 59
14 44 26
15 15 58
33 50 50
77 84 58
30 57 62
25 98 60
73 8 78
43 92 40
25 86 50
74 99 58
14 64 42
72 75 61
97 75 22
69 86 76
19 48 32
88 21 70
74 46 28
91 31 54
83 1 87
96 6 58
38 10 4
81 32 33
58 91 11
25 93 22
2 63 67
48 23 52
95 46 67
86 95 7
46 16 35
14 80 83
2 10 83
93 12 27
49 26 22
46 94 57
64 86 40
94 2 33
13 73 63
9 99 8
64 1 54
32 73 98
77 45 98
90 30 24
82 71 79
40 85 11
30 30 34
67 73 76
42 44 0
27 57 53
20 50 49
99 2 0
27 12 41
76 99 0
54 89 20
74 22 18
5 14 65
66 22 60
53 43 8
38 13 85
24 16 87
17 78 97
1 50 27
38 47 13
22 50 42
18 83 3
98 95 50
17 87 82
19 88 82
18 2 96
58 59 95
78 18 79
73 92 5
41 80 12
72 37 44
52 33 85
91 33 1
89 84 55
85 64 55
54 27 76
22 19 77
30 24 23
42 73 28
67 7 34
89 87 19
9 38 50
11 55 53
56 3 51
21 79 14
82 38 63
29 93 94
53 28 1
23 40 83
63 6 85
41 50 5
98 17 95
55 87 68
82 17 80
89 28 77
46 4 26
90 86 36
96 37 5
23 22 28
50 31 17
25 79 45
81 1 44
15 14 57
91 82 79
56 84 86
65 78 61
46 6 42
98 31 72
23 16 70
39 43 50
50 25 25
34 39 7
89 89 34
55 86 61
56 30 23
97 47 8
76 91 90
27 1 63
