77 14 61
56 47 46
28 74 84
84 29 46
91 42 57
91 18 26
84 29 43
85 38 10
98 83 63
2 42 14
20 33 55
8 89 7
20 42 55
49 1 61
17 90 46
26 90 90
65 47 20
6 33 15
26 32 46
8 58 61
77 14 46
7 93 84
53 33 61
93 90 55
28 2 3
77 58 46
26 32 20
2 90 14
20 33 5
61 42 70
59 70 80
5 66 63
2 42 40
62 6 80
56 29 28
68 51 33
3 51 63
98 12 87
29 35 74
69 11 68
85 64 10
46 74 84
65 35 74
65 59 68
91 90 40
17 90 90
58 42 40
56 1 63
8 89 61
61 29 68
8 67 15
81 29 56
93 60 55
2 60 57
85 38 63
93 42 14
3 64 66
62 0 80
57 1 44
69 73 63
3 38 63
85 66 33
15 29 43
65 47 46
13 73 44
98 12 63
93 13 55
56 51 20
68 66 79
20 13 5
65 85 7
91 70 26
5 66 79
53 85 15
28 47 26
56 1 46
91 18 60
57 73 63
20 33 14
46 74 3
65 1 41
28 70 10
8 51 63
65 33 23
20 13 57
29 90 46
15 32 99
82 64 79
69 11 74
93 90 57
86 18 60
86 89 26
83 30 78
98 73 87
6 85 7
60 2 60
59 6 10
56 71 68
60 74 84
70 74 3
93 42 5
61 93 68
84 90 99
85 66 63
91 60 57
70 47 3
2 13 14
91 0 60
83 73 16
68 64 66
29 35 28
56 47 63
29 29 43
59 0 31
46 47 60
58 13 57
81 42 70
60 2 84
8 20 23
83 83 44
91 70 60
61 29 84
84 90 46
60 1 60
20 42 14
18 76 84
58 90 5
5 38 63
83 30 87
60 4 26
5 93 10
18 93 28
17 14 99
2 90 57
17 32 46
59 89 31
13 83 63
8 47 61
56 47 20
68 38 79
83 1 44
46 2 60
8 1 41
65 47 41
69 30 16
59 6 31
81 93 68
65 35 28
85 93 66
91 90 55
68 51 66
98 73 44
98 83 16
78 74 24
3 66 66
46 2 84
84 85 61
6 89 7
65 1 63
91 42 14
59 70 10
70 2 26
70 4 84
61 93 28
91 6 80
91 60 5
13 30 78
49 58 63
7 71 70
15 14 43
95 11 68
93 13 57
29 19 99
77 51 61
3 66 63
62 6 31
98 12 78
86 0 60
29 11 28
69 73 78
29 29 20
86 70 31
65 90 28
28 1 3
28 2 84
95 11 83
29 29 46
2 90 55
58 13 14
70 47 24
58 33 57
84 33 7
53 85 61
58 33 55
93 13 5
57 30 44
15 14 46
86 18 31
70 1 24
15 90 20
59 18 26
57 73 16
58 90 40
7 93 70
95 11 28
81 71 68
29 59 62
98 30 63
3 38 66
70 4 24
81 42 56
85 38 79
68 51 63
17 32 20
83 12 78
95 90 62
56 76 28
26 29 99
26 19 46
93 33 57
29 14 90
93 60 40
78 74 84
81 93 56
15 90 46
13 12 87
81 71 28
28 89 10
28 47 60
69 30 44
98 12 16
84 67 21
3 38 10
8 51 20
15 29 46
78 47 60
28 18 60
68 38 10
78 2 26
78 4 84
91 6 60
84 20 15
77 51 46
65 89 23
82 64 63
28 6 80
82 51 33
57 83 78
95 45 68
2 60 14
17 14 90
91 13 5
98 30 78
91 0 31
7 29 70
8 85 23
8 1 20
84 19 20
2 42 55
7 71 68
13 1 63
28 1 84
18 76 70
62 70 60
60 47 26
70 47 26
65 51 63
70 1 26
95 59 74
53 67 21
8 67 61
18 42 84
26 14 46
69 90 68
82 93 33
15 32 20
65 90 74
93 33 5
82 93 10
69 35 68
93 33 14
5 64 79
85 93 63
69 90 28
5 93 33
65 67 21
86 6 80
20 90 68
65 20 61
17 32 99
84 33 21
49 58 61
93 60 14
56 93 70
6 20 7
68 38 66
61 71 28
65 35 62
8 20 15
13 83 16
69 83 87
56 71 70
17 29 90
81 29 68
69 35 28
5 51 10
77 1 61
65 45 83
86 89 60
69 35 74
17 29 46
65 85 61
78 1 60
13 73 87
56 14 46
62 18 80
46 47 3
91 18 10
8 89 15
29 45 74
17 29 43
8 14 63
65 33 21
7 76 84
93 13 40
61 76 70
53 33 7
46 47 24
98 12 44
49 51 61
29 29 90
84 85 21
17 32 43
83 1 63
77 1 63
20 90 5
57 12 44
84 32 43
65 20 21
78 74 3
29 11 83
28 89 31
95 11 74
15 19 43
28 2 60
61 93 70
98 73 78
65 35 68
93 90 40
20 60 14
6 20 15
69 59 83
8 85 7
98 30 44
28 74 26
6 20 61
65 11 83
60 2 24
95 45 28
70 74 84
59 0 10
59 70 26
6 89 15
83 1 16
5 38 10
6 33 7
2 42 5
86 89 10
6 89 21
2 33 40
69 59 62
91 90 14
49 51 46
26 19 99
20 33 40
91 89 26
15 14 20
77 47 41
78 1 26
85 66 10
69 45 74
57 1 78
28 1 60
86 0 10
13 1 16
65 14 20
7 93 56
6 33 61
28 6 31
8 1 61
68 64 33
20 45 62
49 1 41
77 58 63
53 20 21
91 18 80
91 60 14
7 76 70
28 0 10
78 2 60
5 64 33
65 14 61
17 29 99
62 0 60
28 1 24
6 67 7
78 2 3
84 67 7
7 42 56
46 1 60
78 4 3
93 13 14
17 29 20
84 90 43
82 64 33
3 51 33
57 1 63
20 60 40
29 11 74
68 66 33
29 35 68
61 42 68
5 51 33
49 51 63
68 93 10
8 67 7
56 76 68
62 89 10
18 29 84
70 4 60
29 35 83
29 32 20
5 93 79
91 13 57
56 93 84
20 11 62
65 58 41
83 83 87
62 6 26
59 70 60
65 85 23
69 73 87
58 90 14
13 83 44
65 14 63
20 35 68
18 93 56
65 67 7
78 1 3
65 33 15
65 1 20
29 90 28
53 33 15
5 64 63
85 51 10
60 4 24
58 42 55
65 51 61
59 0 80
98 30 87
13 12 44
95 59 28
85 51 63
56 1 41
53 20 23
3 38 79
57 12 63
26 19 20
62 70 80
91 0 26
91 33 40
93 33 40
56 47 61
5 64 66
20 90 62
5 38 33
2 13 40
13 12 78
46 47 84
68 93 63
8 33 21
26 14 43
53 89 23
77 47 63
20 45 68
62 70 10
61 93 84
81 76 84
82 66 66
6 89 23
57 83 87
17 19 43
18 42 70
81 29 28
65 59 28
26 14 90
61 76 84
83 12 44
81 76 56
8 33 15
84 85 23
28 0 31
91 13 55
13 1 78
57 83 44
46 74 60
28 4 60
70 74 24
49 47 41
84 14 46
65 47 63
69 90 83
82 38 63
78 4 60
85 51 79
59 0 60
49 47 61
18 29 70
53 20 61
69 90 74
28 4 26
20 59 68
58 42 5
13 12 16
3 93 66
28 18 80
5 51 79
6 67 23
84 29 20
13 73 63
86 70 26
49 58 20
20 90 28
18 93 84
61 93 56
60 4 60
17 32 90
69 11 28
98 1 63
18 71 56
58 60 14
58 13 40
98 83 44
58 42 14
29 59 28
68 64 10
56 76 56
68 51 79
57 83 63
28 70 26
53 33 23
85 93 10
56 42 56
93 90 14
69 12 78
91 70 10
82 38 10
70 1 3
83 12 16
70 74 60
85 93 79
82 38 33
91 60 40
56 29 56
77 47 61
46 2 26
15 19 20
56 14 63
91 90 57
84 32 99
56 14 61
13 30 63
53 85 23
18 76 56
65 45 62
70 1 60
49 47 46
3 51 10
28 4 84
91 33 5
81 71 70
86 6 26
58 13 55
86 70 60
8 58 41
26 14 99
65 35 83
77 58 41
65 20 15
57 12 78
13 30 44
69 30 87
61 71 70
13 12 63
98 1 78
56 93 56
65 58 20
46 4 84
18 42 56
13 83 78
20 60 5
60 4 3
83 83 16
3 51 79
70 4 3
57 12 87
77 51 20
7 71 84
29 90 62
5 51 63
56 51 63
65 85 21
20 45 83
26 32 43
26 19 43
7 76 28
53 85 7
56 14 20
57 30 78
6 67 15
84 20 7
17 19 20
84 20 23
62 0 31
86 18 10
91 18 31
70 47 60
69 90 62
26 29 43
20 35 74
81 42 68
95 45 62
26 14 20
95 11 62
65 47 61
93 33 55
56 1 61
69 83 16
46 47 26
60 1 26
26 19 90
82 93 63
86 70 10
85 64 79
82 51 63
29 90 74
85 66 66
86 18 26
8 51 61
65 20 7
69 1 87
91 33 14
77 14 63
29 90 83
78 74 60
95 90 83
65 90 83
57 83 16
8 47 63
82 51 10
29 90 43
3 66 10
29 45 62
93 60 5
85 64 66
57 30 63
46 1 26
5 66 10
84 20 21
59 18 60
84 90 20
65 90 68
56 93 28
59 18 31
61 71 56
46 4 24
91 89 60
57 30 16
8 1 63
85 51 66
77 51 63
70 2 60
18 71 70
28 6 10
13 30 87
17 90 20
8 67 23
68 38 63
91 89 80
18 71 28
69 30 63
17 90 99
60 2 26
78 47 84
84 19 90
78 47 3
5 38 79
86 6 31
62 70 31
49 14 63
59 89 26
62 6 60
65 89 15
26 90 20
81 71 56
17 19 99
65 11 68
69 73 16
56 71 56
8 20 61
28 0 60
60 74 26
69 12 44
18 29 28
8 58 46
65 67 23
28 47 84
69 45 62
20 13 14
98 73 63
84 14 43
3 93 79
15 32 43
65 20 23
17 14 46
65 1 61
56 58 41
15 29 20
20 42 57
2 60 5
84 19 43
15 90 43
91 90 5
84 89 21
15 90 90
60 2 3
98 83 78
20 42 40
59 6 80
57 30 87
5 64 10
8 85 21
5 93 66
29 32 90
57 12 16
81 93 70
28 74 60
8 58 63
65 51 46
28 1 26
86 0 26
15 19 90
8 89 23
56 51 46
56 29 70
69 1 78
62 18 60
65 33 61
29 59 83
69 59 68
7 93 28
53 67 15
57 1 87
62 6 10
65 89 61
61 42 84
3 66 79
59 89 60
46 4 26
15 32 46
8 14 20
7 29 28
18 71 68
28 6 60
65 67 15
3 93 63
46 1 84
5 51 66
28 6 26
3 64 63
20 11 83
91 6 10
58 33 14
18 42 68
56 58 63
61 71 84
57 73 78
65 1 46
20 13 55
8 85 61
26 90 99
49 58 46
91 33 57
61 71 68
82 93 79
6 20 21
61 76 28
56 51 61
65 58 63
84 19 99
58 60 57
82 38 79
28 89 60
20 60 57
93 42 57
57 73 44
7 76 68
20 59 74
29 19 20
61 42 56
8 14 61
20 11 74
84 33 15
93 42 40
65 59 62
69 83 78
53 89 61
60 1 84
20 11 68
61 29 56
20 90 40
84 33 23
95 90 68
95 45 83
68 66 66
82 66 79
95 90 28
82 66 63
2 60 55
7 71 56
58 60 40
8 1 46
49 14 41
62 89 60
84 14 99
5 66 66
8 47 41
82 38 66
53 89 21
29 19 46
13 1 87
69 59 74
5 93 63
15 29 90
53 89 7
86 89 80
58 42 57
18 71 84
84 89 61
69 35 83
17 19 46
5 38 66
98 30 16
6 33 23
65 11 62
49 1 46
93 60 57
49 51 20
29 45 28
65 45 68
84 33 61
56 42 84
56 93 68
2 13 5
56 29 68
2 60 40
2 90 40
8 51 46
56 14 41
2 90 5
8 20 21
28 18 31
29 59 74
8 51 41
58 33 40
95 35 83
62 0 10
2 13 57
53 20 15
20 90 74
8 58 20
81 93 84
29 59 68
49 14 20
15 19 99
29 14 46
60 1 3
59 70 31
57 73 87
20 90 57
20 45 74
29 19 90
15 90 99
70 2 3
28 47 3
49 51 41
91 89 10
91 70 31
28 18 10
7 42 84
78 1 84
98 73 16
83 12 87
81 29 84
49 1 63
28 0 80
98 1 87
58 90 55
95 59 83
7 93 68
60 74 24
84 67 23
18 93 70
69 45 28
83 1 78
28 89 26
84 85 15
85 38 33
95 35 74
56 29 84
20 35 83
3 64 33
65 58 46
26 29 90
77 1 46
60 4 84
91 33 55
29 32 99
77 14 41
85 93 33
69 83 63
28 74 24
65 59 74
28 70 31
53 67 23
91 0 80
8 33 7
69 59 28
98 1 16
29 45 83
3 51 66
8 85 15
26 32 90
60 74 3
26 32 99
56 76 70
91 60 55
68 93 33
29 90 68
6 67 21
29 11 68
95 35 62
6 89 61
83 73 87
56 51 41
68 38 33
3 93 10
65 11 28
77 58 20
83 30 63
6 85 61
15 29 99
15 32 90
49 14 61
84 89 7
57 1 16
56 42 70
13 73 78
6 67 61
60 47 60
58 33 5
65 33 7
84 14 90
58 13 5
49 58 41
81 76 70
49 47 63
28 89 80
69 11 83
78 1 24
81 93 28
85 38 66
84 32 46
77 47 20
7 42 28
62 89 31
8 14 46
61 29 28
56 58 61
70 2 24
8 47 46
77 1 41
20 35 62
61 29 70
83 83 63
13 83 87
83 83 78
77 14 20
29 11 62
59 6 60
