41 60 35
31 52 78
31 59 67
78 0 31
40 70 83
70 51 70
21 37 37
21 44 37
56 85 5
21 22 85
24 76 68
44 78 64
56 79 36
83 92 16
16 52 99
69 8 35
31 60 15
76 4 69
4 79 1
26 22 5
4 71 40
79 69 30
84 79 37
3 69 65
21 92 37
8 54 44
74 74 7
74 49 14
80 75 85
97 43 65
47 60 95
79 61 11
16 82 16
8 54 43
24 54 7
19 50 54
79 69 64
22 53 95
31 53 78
47 60 78
97 78 38
3 82 89
74 70 16
49 60 67
74 70 20
94 69 27
4 71 1
46 0 20
46 0 14
40 0 83
25 45 15
92 42 45
8 53 7
49 20 83
97 94 14
9 50 75
4 35 92
24 74 7
37 43 65
37 82 30
83 74 63
31 61 11
8 11 68
44 11 68
21 90 39
97 78 65
21 92 68
30 65 35
55 62 57
84 37 37
44 94 0
67 25 73
56 79 15
8 11 63
47 59 9
51 68 61
3 82 38
16 98 11
80 22 85
20 73 75
79 43 38
31 68 47
74 11 44
56 3 15
74 49 20
87 90 62
6 37 1
32 17 48
37 68 92
46 0 16
49 60 35
58 26 78
58 45 78
58 23 86
70 51 36
84 17 86
30 3 36
26 85 5
79 82 47
26 3 46
44 43 30
46 70 16
74 0 16
4 79 57
24 85 46
6 66 39
46 31 49
97 15 31
9 26 32
97 82 65
49 60 33
97 18 30
18 9 75
5 79 40
53 89 16
56 51 36
69 8 5
48 13 82
6 71 1
68 95 41
78 86 51
20 40 71
98 36 0
74 1 4
37 53 46
5 90 39
16 88 96
22 59 95
24 79 46
8 53 63
25 59 95
29 92 85
2 73 79
3 18 38
47 59 78
56 85 46
86 18 3
97 15 20
5 79 33
41 96 33
76 26 54
78 94 83
74 29 50
17 26 75
17 26 13
11 65 62
5 90 57
34 68 99
12 3 59
37 20 21
12 64 61
17 4 69
91 8 33
79 52 11
76 26 69
37 43 89
15 46 54
55 36 59
47 37 93
26 77 7
56 22 5
69 70 18
84 71 57
17 26 54
34 68 11
79 98 78
37 69 64
83 30 68
16 82 99
20 44 13
88 4 81
97 43 64
5 66 39
47 18 88
21 27 33
54 34 69
69 60 35
22 97 51
41 8 35
3 2 94
17 91 34
14 2 93
37 98 99
17 44 54
20 73 69
34 98 47
22 63 64
40 49 20
26 22 36
11 42 16
89 31 47
76 3 76
23 69 80
1 82 95
52 48 64
76 90 41
19 50 13
55 85 67
34 98 11
46 70 20
48 27 7
54 93 25
83 74 43
41 96 35
46 15 16
83 11 43
82 72 80
24 47 2
30 85 15
19 44 32
35 56 80
49 96 5
6 79 1
37 69 38
56 99 68
63 8 83
41 8 67
44 78 38
83 11 44
96 64 48
96 18 61
55 18 46
26 22 46
62 65 89
84 66 1
92 97 63
40 49 16
6 30 92
56 47 48
26 85 36
31 9 26
99 45 65
9 4 75
9 36 63
5 79 1
84 66 39
99 37 33
40 41 84
11 53 53
26 26 71
65 75 5
29 22 16
37 68 11
54 93 68
22 2 6
35 74 39
60 56 32
78 49 31
69 8 83
49 14 33
93 13 27
22 26 67
71 70 96
63 52 23
24 11 7
27 23 88
34 52 99
74 97 54
65 24 46
23 19 67
58 53 15
83 75 68
76 88 46
63 14 84
22 59 15
80 44 90
37 43 38
39 69 30
31 82 11
96 61 48
4 96 49
70 85 70
38 69 85
46 14 82
33 73 61
21 66 57
78 15 14
41 14 5
31 6 88
46 95 25
74 49 16
10 84 16
12 76 88
94 21 60
58 60 95
40 70 16
70 79 5
21 92 16
41 20 33
84 37 57
5 58 70
78 49 16
69 95 16
98 95 70
88 44 76
22 60 9
82 55 52
31 56 79
58 60 67
74 49 31
38 60 83
9 44 54
66 27 61
85 82 6
23 35 58
2 15 11
26 22 15
72 70 25
64 0 43
21 90 1
65 82 4
27 82 81
44 82 38
83 11 68
96 38 82
96 76 14
2 38 16
65 98 75
24 7 21
57 44 34
7 33 11
37 59 72
30 7 25
74 53 68
77 14 19
58 64 77
91 20 1
79 68 47
70 25 20
9 73 54
25 28 41
56 56 27
58 58 22
67 23 40
70 41 10
55 13 6
46 94 16
19 26 42
3 27 41
36 42 76
70 85 36
89 79 40
84 32 99
21 71 37
7 7 38
42 41 1
21 10 69
6 90 1
29 22 68
37 82 89
12 45 30
72 90 90
37 52 16
95 55 94
32 0 31
26 72 9
69 17 6
26 51 36
92 47 51
46 9 44
72 36 5
26 79 5
81 94 5
80 58 34
38 83 55
50 86 77
44 69 53
86 0 80
76 54 49
44 19 68
53 47 22
22 62 92
71 42 26
48 26 54
14 40 96
13 37 60
39 96 64
24 85 15
32 87 30
88 13 37
50 43 28
46 19 97
19 62 60
76 44 69
68 72 45
75 26 33
31 60 67
95 38 3
83 47 31
45 0 7
31 59 9
69 7 95
28 22 55
74 10 44
46 85 35
75 74 38
26 24 59
56 27 76
42 39 30
63 20 83
91 96 33
57 43 22
27 58 90
84 85 39
69 96 33
40 19 69
69 96 67
11 45 53
1 59 12
44 69 89
69 85 96
12 38 99
80 88 9
83 30 16
20 42 76
25 29 96
12 73 85
80 44 16
23 25 86
62 61 6
76 73 69
64 64 58
2 44 48
47 60 15
43 70 76
94 3 79
34 84 83
84 66 57
6 79 57
95 16 78
86 64 1
91 8 83
57 70 26
28 39 99
69 8 56
25 11 97
70 65 21
62 86 55
69 20 83
77 11 0
18 45 68
22 97 28
87 37 33
46 99 66
99 50 71
37 82 47
1 85 94
23 20 25
63 45 11
52 96 15
29 86 61
76 44 54
8 34 1
76 14 98
77 65 7
24 51 70
26 32 74
27 23 45
17 73 69
74 71 37
18 34 82
58 50 57
53 25 45
82 48 86
21 37 40
13 21 86
61 17 92
30 5 1
76 24 62
24 79 70
37 52 47
20 4 32
99 91 38
53 40 18
50 18 38
69 17 15
41 60 83
63 64 47
68 42 13
61 29 62
12 21 58
90 87 4
78 29 23
46 72 80
78 74 15
40 0 14
53 37 63
79 32 49
48 23 18
42 40 92
57 28 78
74 1 82
21 78 65
98 35 47
30 51 5
16 60 93
29 20 91
33 91 52
57 92 88
3 38 64
29 22 85
14 59 30
65 76 85
27 57 8
44 87 77
58 59 15
76 18 0
63 21 30
67 39 70
65 81 85
59 55 41
83 86 74
3 56 5
16 52 47
85 85 33
1 24 51
13 55 49
71 24 27
51 71 48
67 30 14
7 76 96
58 26 9
97 69 89
92 95 80
78 47 2
4 11 66
27 21 34
18 32 58
13 81 35
49 8 35
70 61 81
40 70 20
47 49 83
1 43 47
80 18 1
97 77 3
93 33 22
62 65 57
66 16 90
83 91 45
34 30 95
30 45 46
25 85 28
24 53 68
74 74 68
52 81 41
40 46 54
53 78 6
81 86 41
23 31 65
5 66 40
16 59 56
21 75 85
63 60 67
2 37 74
79 69 89
35 35 24
44 10 25
30 31 69
93 89 3
15 34 35
49 24 37
29 57 2
42 70 26
65 4 14
4 0 4
56 1 87
31 93 94
21 79 39
47 24 53
44 84 68
74 54 7
80 92 68
40 37 65
11 1 89
61 14 16
36 83 25
65 66 42
85 86 66
12 89 74
3 57 48
4 20 88
4 49 25
20 56 2
35 23 28
43 92 93
34 81 40
74 98 24
21 65 95
94 5 59
24 86 13
34 30 85
6 42 10
86 71 95
87 51 89
83 75 37
34 74 97
30 86 11
77 24 62
92 25 43
69 98 54
89 93 47
91 14 10
54 72 31
46 70 83
30 85 70
16 17 73
16 77 52
5 2 11
12 77 39
79 88 74
14 80 69
88 5 6
97 71 8
42 60 27
87 64 11
1 18 35
92 48 82
93 89 56
89 11 85
25 43 26
20 20 22
5 97 45
41 71 9
80 30 85
56 11 46
31 68 70
68 97 95
57 41 85
9 50 32
59 61 87
34 52 11
38 3 67
73 62 50
80 30 90
31 7 32
76 4 75
24 22 15
33 16 3
90 49 82
7 11 35
74 49 83
34 82 78
15 15 15
22 41 22
1 49 26
81 92 78
72 66 0
79 82 38
72 66 84
31 59 78
11 66 7
99 2 8
73 32 19
59 23 40
29 98 42
97 39 25
68 20 39
18 93 7
14 94 5
81 87 32
37 98 16
44 27 23
2 74 52
22 34 38
71 81 65
92 13 59
80 98 38
74 94 31
10 49 82
66 69 22
76 60 22
34 26 22
41 5 69
34 23 11
24 45 54
71 34 67
63 79 23
76 69 91
27 60 15
74 82 91
19 4 54
70 22 70
22 16 44
35 84 12
39 2 62
42 44 6
31 52 99
9 43 55
42 8 87
71 87 92
76 26 93
37 18 75
62 33 76
15 12 58
7 65 10
0 47 58
54 44 15
79 87 38
71 79 1
44 82 89
18 35 15
82 13 74
26 17 72
98 18 78
40 72 32
69 58 52
5 92 23
84 60 51
96 97 15
26 54 15
67 12 2
51 89 51
32 30 96
58 31 60
37 69 11
69 14 35
25 6 78
33 18 27
24 77 47
79 82 64
52 11 55
97 48 20
27 61 28
21 9 74
58 44 14
49 91 69
3 63 80
57 91 73
40 37 4
10 15 26
58 64 30
1 55 63
97 79 54
77 13 96
71 63 29
64 37 2
6 66 40
82 92 45
78 18 33
8 74 43
79 3 67
83 53 68
44 6 91
94 98 60
61 66 80
88 73 56
46 18 70
4 37 37
97 28 79
58 89 67
24 11 10
19 50 69
0 13 53
54 74 11
99 57 15
13 47 37
63 61 81
37 16 59
74 15 16
23 67 66
61 25 51
24 44 72
92 77 56
86 22 17
95 20 33
84 99 38
55 77 80
87 27 29
82 52 71
38 53 67
21 1 14
25 50 96
10 19 90
16 42 3
87 19 17
16 63 30
16 67 39
35 17 44
30 38 76
35 85 20
75 10 33
16 90 40
10 58 7
92 56 61
61 45 19
78 70 16
69 47 6
13 90 89
26 11 30
46 60 48
36 86 47
84 90 57
9 94 77
28 30 10
23 85 38
5 65 68
56 5 10
2 42 28
16 22 82
2 17 2
50 59 63
44 54 29
61 0 69
82 38 64
44 35 10
1 83 22
72 10 22
9 71 97
5 39 99
79 51 71
41 1 14
37 71 16
1 15 32
10 66 2
42 7 39
76 4 54
16 70 82
70 39 1
37 68 78
96 82 97
33 16 31
17 73 75
30 7 96
93 11 55
96 7 1
19 28 95
51 98 2
91 95 59
10 48 13
4 94 36
82 54 82
70 67 86
95 13 71
19 31 3
27 72 67
0 52 18
58 86 77
35 51 69
22 15 29
80 5 29
53 64 0
93 42 37
13 85 47
96 46 71
71 34 68
6 36 77
79 61 47
54 5 4
58 38 5
56 81 28
68 81 16
32 20 83
21 17 25
49 81 18
2 31 63
3 18 30
13 53 43
3 58 30
47 28 92
72 82 72
43 72 74
98 99 72
79 10 81
44 86 62
3 15 82
25 81 68
75 1 38
60 92 2
61 51 94
94 9 0
81 82 38
8 36 61
6 88 81
4 72 95
72 18 57
50 88 39
1 68 93
29 44 11
20 34 64
72 40 25
88 59 58
29 92 37
64 95 86
36 92 69
5 6 37
21 0 8
3 17 66
79 77 22
69 33 88
64 57 12
90 45 45
17 57 79
95 37 94
14 96 1
18 52 6
9 26 75
50 27 29
26 79 36
56 61 15
26 23 7
93 2 86
96 63 22
9 90 96
47 26 9
77 72 60
5 68 42
23 59 84
25 64 71
57 12 39
17 62 58
21 92 90
29 22 37
33 79 75
58 45 9
44 18 89
33 40 61
34 92 68
74 73 14
21 30 37
66 86 55
31 61 78
95 52 55
89 8 34
92 72 46
14 54 11
70 35 58
74 39 9
47 83 72
78 75 85
8 74 7
47 18 24
39 48 82
5 54 68
68 85 59
54 38 90
89 82 95
23 8 57
59 31 26
80 59 18
45 20 35
50 78 31
68 19 11
29 30 90
20 34 86
99 83 95
83 44 16
96 83 68
1 73 67
37 81 19
45 5 62
6 16 57
18 55 80
16 51 63
26 84 19
58 6 72
24 87 90
16 99 72
30 93 39
40 81 66
76 31 76
66 70 69
21 71 57
87 22 53
22 95 64
42 94 11
31 81 16
73 55 57
56 98 77
75 78 73
10 16 95
33 35 3
8 42 5
1 97 40
18 33 72
59 91 45
11 4 26
26 27 58
18 92 75
63 71 65
89 16 34
10 15 55
47 14 22
14 22 95
25 24 41
4 95 70
60 84 72
96 30 28
6 37 37
42 64 32
41 20 5
9 13 99
37 14 21
58 29 95
29 14 59
5 83 37
42 72 44
58 43 83
73 19 41
9 50 47
