49 96 67
31 98 99
24 53 63
24 22 70
91 60 67
41 14 35
34 52 78
5 90 37
21 37 39
76 26 69
40 49 20
6 37 37
40 70 16
40 15 20
8 76 43
20 50 69
37 78 64
26 3 70
34 68 16
83 75 16
74 0 83
58 60 67
31 60 9
20 4 32
3 18 30
30 51 70
80 30 16
69 60 5
25 45 9
58 45 15
6 79 57
58 45 9
31 68 78
46 70 16
37 78 89
20 73 32
16 61 78
21 44 68
74 76 44
56 85 5
5 54 44
83 53 68
37 18 38
5 11 68
24 76 43
83 22 90
44 69 89
5 66 40
79 98 16
56 3 36
79 68 47
74 94 16
63 60 33
34 82 78
47 60 15
74 70 31
22 53 95
21 44 16
31 60 67
24 51 70
26 85 36
47 45 78
83 74 7
9 44 13
21 44 85
44 78 64
79 52 11
79 78 64
46 70 14
30 3 46
46 49 16
97 78 38
84 37 40
21 79 1
37 61 47
25 60 78
17 73 75
76 73 69
25 59 95
37 82 78
69 8 83
5 37 40
8 76 7
34 98 11
21 75 37
4 66 1
49 20 35
9 44 32
21 22 85
9 50 69
34 22 85
37 61 78
74 53 43
16 98 47
46 15 83
19 26 32
49 96 35
97 70 16
21 71 40
46 0 20
97 18 89
4 66 37
70 3 36
34 92 16
83 11 43
8 76 44
63 14 5
40 94 83
3 69 38
34 30 85
46 94 16
26 51 70
37 69 64
40 94 14
29 92 16
79 82 78
70 22 5
20 26 13
5 71 40
34 75 85
29 44 90
6 90 57
97 0 14
44 69 65
24 54 7
6 79 39
5 53 68
84 79 1
9 4 54
24 3 46
24 51 15
76 4 69
40 0 20
83 22 68
34 92 68
21 22 37
17 44 75
37 68 16
5 74 43
25 45 67
24 85 36
5 74 7
91 14 35
31 52 47
20 73 13
63 20 5
29 75 68
97 82 64
17 50 75
30 3 5
49 8 5
17 50 54
5 54 43
40 70 20
4 37 1
19 26 54
83 44 90
76 4 54
24 79 70
26 85 15
79 61 16
47 53 67
8 53 43
20 26 69
17 50 32
5 54 7
24 53 44
41 14 83
3 69 65
19 73 75
91 96 83
56 51 46
24 76 63
3 78 30
21 90 1
49 14 35
79 78 65
47 26 15
97 43 65
97 78 64
46 0 14
21 79 57
41 8 5
20 50 75
4 79 1
78 49 31
5 74 63
97 15 14
4 37 57
34 68 11
83 76 43
9 4 32
56 79 70
37 82 99
5 71 57
49 20 67
25 53 95
74 70 14
31 45 9
24 22 46
34 22 37
30 3 36
25 26 78
76 73 13
47 60 78
84 79 39
83 54 7
70 51 5
9 26 69
37 78 38
80 75 16
34 98 47
83 53 7
79 61 99
24 11 63
58 60 78
78 70 16
69 14 67
5 11 7
97 69 64
97 49 83
20 50 32
78 0 83
69 20 33
83 30 90
74 15 14
29 75 85
83 75 68
22 53 15
3 43 65
34 75 16
24 85 70
8 54 7
9 44 54
58 45 95
80 22 37
40 0 14
25 26 9
91 60 5
31 61 11
74 49 20
24 3 15
31 53 67
3 82 30
83 92 68
69 8 35
20 26 75
31 98 11
47 59 9
22 60 78
16 52 16
79 98 99
80 75 68
3 43 30
20 44 69
21 90 39
74 15 16
19 26 69
31 68 47
25 53 15
34 30 16
5 11 43
79 18 30
97 43 89
31 52 99
34 98 78
70 79 36
21 90 57
78 15 83
37 82 38
34 30 90
21 90 40
17 50 13
40 94 16
76 50 13
83 54 44
79 61 78
49 20 83
97 18 30
84 66 40
21 92 68
34 68 99
5 79 39
19 4 75
5 79 57
74 15 20
24 11 44
16 98 16
47 45 67
69 20 5
9 4 75
63 60 83
44 78 30
8 54 44
6 90 40
5 54 68
58 45 78
31 52 11
31 59 67
31 59 15
83 74 68
4 71 57
40 0 31
9 73 32
6 71 39
80 75 90
78 0 16
19 26 75
83 75 85
34 75 90
20 26 54
17 4 69
34 98 16
9 50 54
26 3 5
76 73 75
37 82 64
37 52 78
9 26 13
91 8 5
58 53 67
97 49 16
9 26 32
4 66 57
24 51 46
21 71 37
78 49 14
31 53 78
21 75 68
5 37 57
70 22 36
83 53 44
31 59 95
41 20 35
17 44 32
74 15 31
44 43 38
9 73 75
70 79 15
74 76 63
30 85 46
17 26 75
37 61 11
37 68 11
22 45 95
83 76 68
49 60 35
97 0 20
74 53 68
97 94 14
20 4 13
30 85 5
17 44 54
22 60 67
84 66 37
46 0 83
21 66 40
97 78 65
31 53 15
56 79 36
79 82 99
5 76 68
3 43 38
83 44 16
37 18 30
70 51 36
74 0 31
20 4 69
21 75 16
37 69 89
41 20 33
21 90 37
31 98 47
21 22 90
5 90 57
40 15 14
8 11 7
80 22 16
41 60 33
34 61 47
34 44 68
9 50 75
30 22 5
74 49 31
8 53 7
24 85 15
97 0 83
46 0 31
74 0 20
5 71 37
4 71 1
79 69 30
26 3 15
44 18 64
5 76 44
6 37 39
76 44 69
5 74 44
58 26 15
5 71 1
24 74 44
21 75 90
78 49 83
80 92 37
40 15 16
17 4 75
34 92 90
25 26 95
29 30 37
4 37 39
84 71 57
37 68 47
37 43 38
69 60 35
3 18 89
3 78 65
21 92 16
74 76 43
97 18 64
34 52 47
31 59 9
24 85 46
40 70 31
91 20 33
41 8 33
79 43 30
91 8 35
79 78 30
26 3 46
74 94 83
22 26 95
9 26 54
21 30 16
21 79 39
80 22 68
84 37 39
24 79 46
46 15 14
31 45 15
74 11 63
37 43 65
70 3 46
24 76 68
24 54 44
8 11 63
84 37 37
49 8 35
34 44 90
69 60 67
37 69 30
63 96 33
37 78 30
16 61 16
97 94 20
29 22 90
8 74 63
70 85 70
74 74 7
16 68 16
4 79 37
74 94 31
29 44 16
56 3 46
30 51 5
31 82 99
58 26 95
30 79 5
40 70 14
47 45 15
31 53 95
80 92 85
30 79 36
79 61 47
21 37 37
41 96 5
84 79 37
70 85 36
79 52 99
44 18 89
47 53 95
8 54 43
76 44 75
70 22 46
74 53 44
21 44 37
56 3 70
69 60 33
20 73 69
26 85 70
84 66 1
19 4 32
79 52 78
97 15 20
19 44 69
63 8 5
83 44 37
37 98 16
44 82 30
41 60 35
63 96 5
29 44 37
79 43 65
6 79 1
46 49 31
70 51 15
31 26 9
26 79 5
22 26 15
31 45 67
22 59 95
34 68 47
16 61 99
31 60 78
17 26 54
70 22 15
41 60 67
30 22 15
44 78 65
56 79 46
63 60 5
78 15 16
24 3 5
79 82 89
4 79 57
5 66 1
79 82 64
24 3 70
83 44 85
74 49 83
16 82 16
34 44 37
31 82 16
44 43 65
46 94 31
21 30 90
9 4 13
80 22 85
24 53 43
44 43 89
84 90 1
80 44 90
79 82 65
69 96 5
3 82 89
34 44 16
21 37 57
79 68 16
91 14 83
84 90 39
20 26 32
30 3 70
84 71 37
83 74 44
24 11 68
24 11 43
79 43 64
79 43 38
4 71 39
74 54 44
5 76 7
16 52 11
63 14 83
34 92 37
91 14 33
78 94 16
37 18 64
74 54 63
25 45 15
58 59 67
24 54 63
79 69 64
44 82 64
19 73 32
26 22 46
46 94 20
6 37 57
24 53 68
30 22 70
56 85 36
40 15 31
63 20 67
47 59 67
26 22 5
91 20 5
56 3 5
24 85 5
24 74 63
21 92 90
79 82 11
37 82 11
79 43 89
47 53 78
22 59 78
19 44 13
63 96 35
41 96 33
30 51 15
29 22 68
31 98 78
31 61 47
34 52 99
31 68 99
31 60 15
63 14 67
46 15 20
91 96 67
21 37 40
37 98 11
24 53 7
4 79 40
83 11 68
74 74 43
29 30 85
41 14 33
40 15 83
97 70 20
80 30 37
31 45 78
69 96 83
5 37 1
31 98 16
9 73 54
76 4 75
46 49 83
83 53 43
19 44 32
29 30 16
80 30 85
74 11 43
29 44 68
79 68 11
37 78 65
37 68 99
16 82 99
91 8 83
16 61 11
97 15 83
21 71 39
83 92 85
26 3 36
5 53 7
83 54 68
74 94 14
80 44 16
44 43 64
21 22 16
56 22 70
25 60 95
83 75 37
37 43 64
74 53 7
19 4 54
34 22 68
97 69 38
76 4 32
44 78 38
31 60 95
19 50 75
25 45 78
97 49 31
58 60 15
34 61 78
84 37 1
8 74 68
70 3 15
26 79 15
8 76 68
22 45 15
79 69 38
25 45 95
70 79 70
5 76 43
26 22 70
17 73 69
20 73 54
47 59 15
5 37 37
37 61 99
34 30 37
44 69 64
34 30 68
17 4 54
17 73 54
76 26 32
47 45 9
34 82 99
56 51 70
91 60 83
4 90 40
21 44 90
83 92 16
26 22 15
40 94 20
24 79 36
37 43 30
74 74 68
3 18 65
19 50 69
41 60 5
74 94 20
37 82 89
22 26 78
41 96 83
20 44 32
69 96 33
56 22 5
70 85 5
83 22 85
9 44 75
63 14 35
49 14 5
24 51 36
30 22 36
79 52 16
79 82 30
97 94 31
29 92 68
22 45 78
74 54 68
19 73 13
6 66 1
5 11 44
26 79 36
79 69 65
31 68 11
56 85 15
91 8 33
79 78 38
21 92 37
76 50 54
4 71 37
97 70 83
34 75 68
49 60 33
8 11 43
63 96 67
46 94 14
78 70 20
6 71 37
25 60 9
83 30 16
8 54 68
69 20 83
83 30 37
31 26 15
25 53 67
76 73 54
29 92 90
80 75 85
97 0 31
24 76 7
26 79 70
34 92 85
84 90 57
74 49 16
5 66 57
26 85 5
24 54 43
47 26 67
6 90 37
29 22 16
16 82 47
83 53 63
22 26 9
29 75 16
34 75 37
9 50 32
69 96 67
79 78 89
70 3 70
97 94 16
79 68 99
46 70 31
24 11 7
49 96 5
84 66 39
84 71 1
9 73 13
97 69 65
63 8 83
6 66 39
78 94 83
34 61 99
41 14 5
58 26 9
97 82 38
76 4 13
19 44 54
83 92 90
30 51 36
70 51 46
9 73 69
4 90 1
22 53 78
78 49 20
5 53 63
83 75 90
31 52 16
5 71 39
16 68 47
49 60 83
24 22 15
69 96 35
6 37 1
8 53 63
84 90 40
21 30 85
41 96 67
41 8 35
24 3 36
76 73 32
58 60 95
3 18 64
47 59 78
21 30 68
21 22 68
22 53 67
5 79 40
31 82 47
4 37 37
56 51 5
58 45 67
9 44 69
17 73 32
5 37 39
3 43 64
47 26 95
79 61 11
44 18 38
78 70 31
80 92 68
78 0 31
76 26 13
3 78 38
16 68 99
30 85 15
19 50 32
26 51 15
37 52 11
46 0 16
74 11 68
58 53 15
58 60 9
4 66 40
21 37 1
58 59 78
6 79 37
37 98 78
6 37 40
5 74 68
17 44 69
47 60 9
78 94 20
25 59 9
17 73 13
37 82 47
83 54 63
41 96 35
21 92 85
25 60 67
31 26 67
78 15 14
26 51 5
97 49 20
24 79 5
74 53 63
21 30 37
21 66 39
34 98 99
19 44 75
79 18 38
79 18 89
25 53 78
31 52 78
97 43 64
8 74 7
80 44 85
84 71 39
16 68 11
22 53 9
3 78 89
80 44 68
47 45 95
19 50 54
63 8 33
79 52 47
78 15 31
37 69 38
63 20 33
79 69 89
19 73 54
37 82 30
80 92 16
47 53 15
31 59 78
21 71 1
49 96 83
5 90 1
17 4 32
83 54 43
76 44 54
70 85 15
34 52 16
8 53 44
46 49 14
80 92 90
83 22 37
16 68 78
91 60 33
40 0 16
31 61 78
56 3 15
41 20 83
74 15 83
83 11 63
31 82 11
6 71 1
74 76 7
97 70 14
4 90 57
3 78 64
5 66 39
29 75 37
37 69 65
70 51 70
24 79 15
4 79 39
30 3 15
24 74 68
29 92 37
30 51 46
63 14 33
22 59 15
30 85 70
63 8 67
37 98 47
29 92 85
41 8 83
16 52 99
37 98 99
78 15 20
4 90 37
16 52 78
20 4 75
74 0 16
40 49 31
91 20 67
40 94 31
44 18 65
97 43 30
5 79 1
69 14 35
74 54 43
58 59 95
97 49 14
56 22 36
34 44 85
69 8 33
63 96 83
25 59 15
4 66 39
21 75 85
3 82 38
83 76 63
22 60 15
69 8 67
25 26 67
79 82 38
22 60 95
44 82 38
5 53 44
34 82 16
29 75 90
20 73 75
56 51 15
6 66 57
29 30 68
26 79 46
40 49 83
91 96 33
3 69 64
31 26 95
70 22 70
40 49 16
31 68 16
97 69 30
80 30 68
16 98 78
49 96 33
16 82 78
37 18 89
46 94 83
74 0 14
80 44 37
41 14 67
78 49 16
63 60 67
44 82 89
19 4 69
30 85 36
