19 50 13
30 22 46
37 61 78
78 49 16
80 44 68
31 61 16
8 74 63
72 55 40
30 3 5
9 59 64
92 19 42
74 0 83
26 3 46
74 74 68
16 52 47
50 22 30
32 86 43
34 68 99
71 69 81
12 89 28
60 70 59
20 95 90
82 37 57
11 1 96
97 17 19
34 29 63
68 81 39
4 90 37
46 15 20
46 4 48
45 93 24
91 48 96
64 51 91
37 79 68
31 85 5
30 85 15
76 52 12
78 61 55
32 44 20
74 0 12
80 30 16
64 1 16
53 49 57
91 37 28
25 14 73
58 92 1
70 2 69
14 15 70
41 8 33
10 62 58
75 65 44
76 85 51
74 94 16
69 60 83
94 75 26
66 53 66
88 58 98
98 93 34
0 3 55
84 20 24
89 24 81
38 87 66
40 48 51
29 22 90
39 69 36
99 87 67
66 53 48
65 93 91
82 82 49
29 48 12
0 87 85
21 11 1
67 41 78
11 49 27
86 84 53
62 27 31
7 52 33
8 23 19
82 23 72
15 6 99
56 76 80
28 29 67
74 25 43
13 58 99
9 68 47
87 80 36
52 62 71
24 87 14
13 41 40
83 30 90
57 94 19
8 4 74
86 89 68
64 84 62
6 67 31
83 80 23
15 25 95
76 75 85
35 66 74
86 24 38
9 26 69
49 52 12
91 60 98
34 80 36
25 60 78
46 0 14
63 95 35
37 18 48
25 52 84
10 20 2
10 75 3
29 21 42
64 87 10
11 84 44
16 89 47
48 25 51
65 25 38
16 80 91
12 64 69
83 32 10
16 52 40
81 83 69
71 8 2
33 30 38
97 82 38
23 69 98
90 60 47
85 90 15
77 92 26
45 8 52
87 19 16
91 20 33
13 78 88
31 26 95
30 68 8
22 4 62
56 85 15
73 77 52
55 84 15
15 85 95
82 43 53
4 37 37
39 48 89
23 2 21
5 52 34
33 68 89
4 74 37
50 73 73
38 34 45
72 74 30
3 7 11
49 93 95
70 80 99
3 31 81
72 23 99
23 22 56
1 59 68
79 22 57
22 59 95
82 41 17
97 37 81
87 24 32
91 39 78
65 51 37
16 63 25
95 66 70
30 22 5
9 96 93
7 81 30
79 0 79
29 85 76
44 95 2
97 39 60
29 9 25
74 97 38
24 58 66
30 49 69
48 30 57
75 52 77
4 42 66
61 40 45
42 94 84
55 71 77
32 85 55
50 22 89
38 13 99
12 90 66
19 66 34
71 85 27
66 94 60
40 95 43
56 96 72
73 99 67
30 27 82
69 83 4
35 78 38
15 22 65
93 4 30
0 11 39
99 4 87
68 91 66
87 39 0
83 10 25
34 83 35
82 33 80
99 34 42
73 16 57
8 6 63
99 52 39
93 67 70
82 56 95
72 22 10
72 7 19
98 95 97
91 14 67
4 36 44
50 51 25
28 83 69
6 2 40
49 83 2
54 86 34
43 82 71
38 22 7
68 18 55
64 62 92
45 98 19
25 11 0
25 98 48
80 23 56
95 26 64
9 80 55
10 67 31
96 38 98
5 43 58
69 66 45
84 66 40
36 79 89
51 92 7
33 50 1
59 18 92
33 46 79
52 12 93
80 78 16
49 96 67
77 29 43
46 70 83
42 46 68
10 69 17
25 37 99
35 58 73
9 46 38
42 76 9
33 97 47
46 40 77
99 40 98
66 93 75
18 50 22
0 43 51
26 27 95
33 8 15
40 96 34
17 23 79
81 75 13
39 20 0
68 93 87
47 60 78
79 18 30
28 91 83
87 94 99
83 54 44
58 45 15
72 85 51
5 53 44
60 18 95
86 71 33
75 13 86
76 81 61
76 86 74
14 48 78
48 69 85
74 15 31
52 44 52
8 63 66
87 12 52
39 5 48
38 26 74
86 30 92
71 7 75
71 45 92
9 94 83
34 67 34
54 83 11
37 78 89
70 63 27
39 81 66
98 8 56
64 54 81
29 0 23
97 69 30
42 39 58
39 12 59
23 5 60
40 51 33
43 53 43
94 65 21
95 94 8
28 94 61
44 57 50
84 18 66
34 68 47
52 30 75
56 91 85
12 71 74
19 58 0
49 94 70
4 61 89
10 55 9
91 21 48
90 46 0
57 49 40
30 44 31
27 76 72
56 31 89
84 25 57
74 5 5
1 81 51
43 56 77
16 66 43
81 47 26
1 34 95
74 25 9
4 74 63
6 66 37
44 6 32
97 35 45
26 36 79
9 37 2
62 35 11
23 3 90
79 76 97
43 35 74
83 92 68
98 58 43
66 6 17
5 74 7
36 21 59
92 20 47
47 47 27
8 57 12
68 50 97
40 20 62
74 67 54
96 68 10
10 21 34
66 30 19
70 60 26
39 25 2
97 42 8
5 8 88
58 22 49
37 43 64
7 20 26
62 52 9
63 71 36
55 76 56
71 47 70
14 32 97
83 20 32
81 78 0
43 85 16
18 27 14
39 18 26
20 66 91
17 6 36
36 25 7
67 34 95
38 43 90
99 67 1
52 99 97
85 47 21
73 70 75
63 36 25
22 96 91
17 50 32
29 25 18
4 29 31
6 89 99
73 12 0
58 99 41
69 83 95
94 59 58
45 68 48
5 2 24
47 1 43
28 1 0
27 85 66
39 56 44
77 39 84
13 50 3
98 73 99
30 8 2
93 93 24
51 1 11
97 0 17
46 12 91
54 14 71
39 92 81
93 19 89
84 48 81
13 36 0
79 52 47
70 10 40
61 13 26
68 62 37
46 70 31
93 69 82
91 63 87
4 64 1
67 67 29
35 23 56
74 17 9
10 27 98
50 22 6
37 3 90
54 20 96
79 31 95
43 83 76
37 61 47
51 57 83
67 85 51
52 13 95
5 35 58
51 31 98
25 12 11
57 26 36
48 60 34
38 88 89
7 86 24
38 32 2
4 96 1
25 69 6
72 21 37
9 58 31
94 59 38
90 50 96
71 38 61
99 69 6
17 92 28
62 25 15
64 8 98
95 41 81
87 47 8
3 34 37
8 63 30
12 81 10
38 62 28
97 33 48
46 20 52
23 91 47
33 68 5
63 87 29
12 43 17
14 59 2
75 36 65
74 74 63
3 42 92
72 28 74
26 27 68
13 62 16
12 99 1
67 42 15
7 71 55
33 14 95
84 37 57
73 57 33
36 55 69
22 77 30
37 93 72
80 75 16
73 50 93
28 85 26
93 59 42
49 53 57
3 59 77
55 67 60
8 30 11
26 29 68
66 50 28
84 95 40
24 45 6
12 35 51
65 42 50
88 61 45
86 0 64
18 12 31
52 13 55
59 93 3
23 27 58
20 49 50
6 91 95
43 87 58
74 38 18
29 93 51
17 57 60
73 98 66
92 91 62
25 67 92
11 42 80
70 80 96
99 61 21
49 68 45
37 48 65
76 24 78
91 71 47
37 50 87
77 6 50
50 95 27
84 44 93
30 82 87
91 45 97
76 24 34
4 52 96
24 11 63
53 63 31
85 5 39
97 82 30
17 46 41
98 94 40
52 59 59
89 89 71
26 45 95
35 95 43
92 54 60
22 57 76
83 61 5
60 10 73
96 49 23
63 61 24
86 63 99
84 63 76
92 97 75
82 64 73
26 68 93
95 39 19
77 45 43
59 58 21
77 35 69
29 84 44
81 42 59
97 70 16
33 29 39
98 79 12
2 90 11
33 31 82
11 79 31
39 77 17
66 43 55
12 43 10
83 14 16
83 35 73
85 99 61
12 14 49
77 12 25
62 81 75
42 9 50
50 14 71
89 91 76
56 51 66
17 4 40
62 75 0
5 6 26
34 10 82
44 43 61
93 13 99
72 36 46
85 72 80
93 45 82
17 7 84
15 17 80
49 93 75
63 86 16
58 87 31
2 84 41
1 90 81
92 20 97
70 22 15
85 39 29
43 1 0
57 41 42
95 3 43
40 88 29
74 57 1
50 53 44
8 28 9
22 82 39
35 9 68
97 64 65
5 34 11
21 44 85
87 22 3
40 15 31
60 21 1
15 25 40
5 76 45
69 79 48
12 35 29
93 69 42
82 48 39
9 40 68
20 4 13
56 51 60
91 14 33
5 67 45
35 70 86
19 41 37
65 55 94
29 22 0
55 24 21
70 70 53
69 72 55
88 35 38
76 63 56
97 7 99
92 0 94
44 69 64
52 43 98
0 89 6
50 80 36
22 46 33
29 61 84
49 9 12
72 25 79
8 57 22
45 83 10
14 43 36
82 9 87
12 9 49
62 63 1
34 61 47
62 10 17
56 41 8
46 30 56
19 39 10
62 67 73
94 63 51
19 52 46
97 40 76
85 66 50
9 77 6
63 82 47
93 75 30
44 77 8
2 59 78
67 69 86
39 67 43
99 49 60
3 87 76
3 17 57
96 93 93
46 33 7
60 62 74
12 91 43
85 29 40
23 23 49
61 85 37
70 71 57
78 65 57
46 38 35
77 22 96
7 71 59
49 72 92
17 75 75
81 10 57
46 69 35
60 17 66
94 55 12
14 13 89
0 54 25
84 14 90
48 69 87
46 11 21
36 83 18
24 45 44
82 92 93
35 1 24
35 51 15
14 6 92
53 79 32
16 33 55
61 57 19
87 32 59
99 44 40
11 42 76
27 27 67
72 41 86
65 54 99
72 76 3
41 73 72
42 13 24
74 11 92
74 76 96
79 85 7
9 84 35
29 2 91
37 61 73
63 60 67
69 68 21
42 20 34
75 45 55
27 44 73
68 50 68
99 80 55
29 20 80
59 98 36
89 18 66
29 77 5
9 93 45
51 87 44
62 84 97
24 47 32
25 70 81
51 23 84
61 90 50
11 39 30
62 83 35
23 93 21
57 12 51
65 77 27
65 42 19
16 35 86
54 70 54
9 73 13
45 66 15
39 83 62
31 46 72
68 86 13
46 74 84
78 63 33
53 88 23
99 54 16
67 32 10
6 3 6
74 31 27
39 99 65
59 32 99
8 89 31
25 83 99
74 48 20
20 77 68
81 28 65
73 20 16
36 86 4
59 98 4
92 52 39
10 44 48
43 65 14
27 39 17
89 37 23
38 21 84
36 23 91
41 62 57
91 5 46
69 57 94
6 15 97
64 48 58
33 28 35
38 56 15
45 95 87
83 52 93
40 46 66
24 28 15
78 53 5
84 75 23
7 50 64
70 47 74
74 97 94
21 95 2
21 84 22
30 3 46
95 22 46
13 70 88
40 64 38
68 73 62
10 86 15
81 91 21
32 2 56
4 70 6
68 3 11
19 25 91
85 0 27
79 23 74
35 78 33
65 73 86
13 6 29
37 55 16
62 15 63
81 0 20
66 20 26
64 81 91
71 26 92
18 30 4
96 65 69
97 29 58
89 85 9
80 65 59
49 24 93
40 92 84
24 56 44
92 59 86
57 70 41
40 49 52
89 85 48
12 37 50
93 92 45
40 94 88
18 43 32
76 50 65
65 16 2
35 56 79
24 69 49
24 85 71
24 54 43
1 80 90
9 62 76
89 60 7
8 75 14
74 57 16
11 29 35
74 43 40
74 74 67
78 51 39
15 32 21
57 1 38
83 30 17
47 75 19
0 10 54
15 63 46
31 13 95
23 67 60
10 87 62
60 8 31
41 20 83
10 21 98
17 24 32
20 7 19
94 71 30
26 9 37
51 46 89
58 49 0
92 87 11
28 73 37
66 96 43
60 50 18
60 85 77
20 27 35
72 66 9
26 98 0
6 29 5
22 24 10
15 39 55
62 54 99
73 97 47
38 4 12
18 7 31
34 83 56
59 37 38
73 95 54
14 78 96
88 65 77
67 90 81
33 39 74
6 88 89
5 79 40
16 4 35
2 46 79
73 56 92
28 79 13
74 59 52
87 66 1
89 5 86
70 9 25
82 88 92
72 91 50
48 16 40
80 9 59
8 45 95
3 30 76
44 22 53
56 55 49
37 12 84
97 1 54
55 9 63
95 16 98
51 77 0
19 18 73
15 83 31
79 93 48
52 79 33
62 69 61
68 74 11
53 39 86
63 14 33
1 44 54
92 20 29
38 24 53
84 51 92
0 1 90
73 7 32
40 10 5
78 54 24
64 69 40
54 79 94
19 24 60
94 23 85
66 86 30
39 44 92
43 29 18
76 73 69
78 5 5
69 13 30
56 46 70
23 88 20
83 31 81
47 46 83
57 80 13
4 71 40
61 35 94
88 34 77
43 89 55
67 0 50
27 87 49
53 18 78
89 48 70
91 44 15
75 24 39
58 80 16
73 59 4
29 40 83
38 81 55
31 6 81
14 24 99
50 83 48
7 57 56
76 12 33
65 44 27
42 43 18
14 91 82
60 14 35
75 41 94
8 63 57
4 51 52
27 60 48
48 35 26
0 73 61
52 41 4
34 58 50
54 42 26
62 95 56
12 13 66
25 28 49
70 3 97
87 5 75
97 11 60
33 87 17
19 37 84
9 67 16
75 10 27
34 61 11
28 50 85
65 7 69
28 5 58
83 13 21
8 22 38
20 55 67
54 44 59
88 53 72
76 86 72
53 9 33
28 9 94
42 35 21
93 70 22
84 77 78
28 36 15
57 74 83
75 76 66
84 97 28
22 54 42
98 23 43
52 70 89
78 70 44
98 8 2
77 13 16
63 1 35
66 19 21
57 45 90
5 68 99
60 68 64
28 49 73
75 58 79
87 18 63
