6 66 37
5 74 44
69 8 33
78 15 31
37 52 11
37 98 11
70 22 15
26 51 46
58 45 67
70 51 70
6 37 37
20 4 75
3 43 30
24 53 7
4 79 40
63 14 35
79 98 16
31 53 15
17 44 69
69 20 83
40 15 31
80 30 16
8 54 44
46 94 20
6 66 40
26 85 46
80 30 90
49 60 83
29 75 85
83 92 16
91 8 35
69 20 67
22 26 67
97 94 14
46 15 83
79 61 99
5 76 43
58 26 15
34 82 78
31 61 99
84 66 39
5 11 7
24 3 46
6 79 37
4 66 57
9 26 69
84 37 57
4 66 1
29 75 90
76 50 69
70 79 36
83 76 68
69 60 35
69 20 5
29 30 37
78 70 83
79 18 65
5 79 40
74 15 16
58 59 67
80 22 90
8 11 43
63 8 35
37 69 38
91 96 67
21 37 40
56 22 46
37 78 38
63 8 33
41 96 5
19 50 13
34 22 37
46 94 83
56 3 5
4 79 39
78 94 16
56 22 70
3 43 64
26 79 70
40 70 31
97 0 16
80 44 16
76 26 32
17 73 32
63 14 83
97 15 83
83 75 68
34 92 68
74 11 44
56 51 36
31 98 99
97 43 38
29 22 90
30 3 70
78 15 83
44 82 65
97 94 20
6 66 39
21 92 68
20 50 13
79 69 89
24 85 15
46 49 20
34 22 85
17 26 54
97 15 14
31 98 11
70 51 15
83 30 85
34 52 16
17 73 13
4 79 1
20 44 75
49 8 35
80 22 68
30 79 15
24 76 44
37 18 65
49 20 35
9 4 75
24 54 44
9 44 13
31 82 47
76 44 75
34 98 11
49 20 67
46 15 31
9 26 32
63 96 33
9 50 54
83 53 68
37 61 78
44 18 30
47 60 78
29 44 16
83 11 7
74 54 68
5 66 39
5 74 7
44 78 30
5 66 57
58 59 9
74 76 68
5 37 37
26 79 36
74 94 16
20 50 32
97 43 65
6 71 39
26 85 15
37 82 30
31 52 99
79 61 47
17 44 75
74 54 44
41 14 83
56 79 15
83 22 16
20 4 54
16 82 11
97 94 83
37 78 30
58 26 78
20 44 32
21 44 37
44 69 38
25 53 78
26 51 36
26 22 70
19 4 13
20 44 54
78 0 83
21 30 85
74 54 63
21 37 57
6 37 57
21 22 16
78 49 14
29 22 37
84 37 1
74 53 44
79 82 30
5 37 40
70 22 5
8 11 7
24 3 15
97 70 14
80 22 37
25 60 95
49 20 83
79 98 47
24 79 15
41 14 35
70 3 15
46 70 83
84 37 39
79 18 64
16 82 78
63 14 33
6 66 57
83 22 85
34 68 11
30 22 70
84 90 1
83 44 90
79 78 65
74 15 20
37 68 16
26 3 46
83 76 7
79 69 30
44 78 89
47 60 95
4 66 39
91 60 5
26 22 36
41 60 83
9 50 32
40 49 20
4 90 57
29 75 68
3 18 64
19 26 13
22 45 9
70 85 36
49 14 67
3 78 65
20 26 32
91 96 83
34 30 85
26 85 5
26 3 36
74 74 68
17 4 69
30 85 15
41 14 33
21 30 16
58 26 9
21 92 37
97 78 64
58 60 15
97 70 31
44 43 38
83 22 37
47 26 15
21 44 85
70 3 70
4 90 39
63 96 5
34 98 99
40 70 83
21 30 90
83 30 68
69 96 5
58 53 9
80 44 68
78 49 16
25 45 15
41 60 35
97 18 64
31 59 67
17 50 54
70 3 5
84 37 40
37 43 89
19 50 69
21 37 37
21 30 37
16 68 47
37 69 89
58 45 15
3 43 38
69 60 83
22 59 9
41 14 5
22 53 9
3 82 65
26 51 5
31 59 78
5 71 57
17 73 75
22 26 78
31 61 11
80 75 90
49 96 67
22 60 9
3 78 89
16 68 11
3 69 38
24 79 46
44 78 64
34 75 37
21 79 40
40 0 16
16 52 11
47 45 67
3 43 65
5 79 39
44 43 65
21 22 37
4 66 40
22 26 9
56 51 46
16 52 47
78 0 16
83 44 16
63 60 5
29 92 16
25 53 9
8 53 44
56 22 5
97 78 38
16 52 78
37 78 65
69 96 83
21 71 39
79 82 47
80 30 37
69 60 5
46 94 31
5 54 68
56 3 46
47 59 78
24 76 7
79 52 78
74 76 43
19 44 13
74 11 63
56 85 46
49 8 33
76 44 69
29 44 68
40 70 14
25 59 67
21 92 90
8 76 44
9 44 54
31 45 9
6 71 57
21 66 40
24 11 44
31 60 67
21 44 68
31 52 47
91 20 67
79 98 99
5 79 1
26 85 70
34 82 16
34 68 16
79 82 64
22 60 78
63 96 67
46 0 14
97 94 31
19 26 69
16 68 16
21 75 68
34 30 37
47 45 78
20 44 13
31 26 15
16 98 99
46 49 16
31 61 78
84 66 57
24 74 63
49 14 83
34 44 90
31 59 95
17 26 32
91 14 5
56 79 5
44 18 89
6 79 40
44 18 65
84 79 37
24 54 43
79 61 11
29 30 16
16 82 99
30 22 36
20 73 32
74 0 31
30 51 46
4 66 37
16 82 47
31 61 16
56 79 46
83 92 68
8 53 63
31 68 78
17 50 32
46 15 14
63 60 33
31 53 67
74 74 7
22 60 67
47 53 67
16 98 47
97 69 65
79 78 38
34 30 16
84 90 39
69 8 67
9 73 69
76 26 54
47 45 95
56 79 36
30 79 46
34 22 16
34 61 47
34 52 47
34 82 11
37 68 11
9 26 13
34 61 16
5 90 37
70 3 36
29 22 85
17 4 32
69 14 67
30 51 15
29 44 85
31 60 9
5 79 57
31 68 16
4 79 37
8 53 7
3 18 38
91 96 5
21 92 16
83 44 85
17 50 69
97 82 30
34 98 78
16 61 16
9 73 13
9 44 32
97 94 16
17 26 69
5 11 43
76 26 13
63 20 83
6 90 39
84 79 39
46 94 16
79 68 78
83 92 85
49 20 5
74 74 43
78 49 31
63 60 67
29 92 90
78 15 14
37 82 11
69 14 5
79 61 16
31 98 47
37 18 38
70 85 70
21 90 57
22 45 15
44 43 64
26 85 36
46 70 31
34 68 47
16 52 99
76 44 13
91 8 83
80 92 68
70 51 36
47 60 15
83 53 7
5 90 1
91 60 83
6 71 40
34 92 85
83 30 16
74 74 63
6 79 1
9 26 54
30 79 36
30 85 70
21 75 16
69 96 35
17 44 32
69 20 35
31 68 99
19 50 54
21 37 39
56 3 15
20 44 69
79 43 65
49 14 5
5 54 44
24 51 15
40 49 31
4 90 40
97 43 89
4 37 57
79 52 16
24 53 44
9 44 75
9 26 75
34 44 68
8 74 7
79 98 11
37 61 11
5 54 7
69 8 35
37 69 64
79 82 11
46 70 16
80 30 68
31 53 78
5 74 68
58 45 78
84 90 40
25 60 78
40 94 31
79 82 38
21 30 68
8 53 43
84 79 57
5 53 7
74 70 83
79 68 11
19 26 54
79 61 78
44 82 38
41 96 67
58 53 95
37 68 78
34 82 47
74 11 68
44 18 64
97 0 20
31 45 67
21 66 57
63 20 33
97 78 30
63 14 5
70 3 46
58 45 95
4 90 37
40 0 83
37 69 65
3 78 30
46 70 14
78 94 31
20 50 54
49 96 33
20 4 32
47 26 9
21 79 1
41 20 5
49 60 67
84 66 1
8 11 68
24 85 5
69 20 33
40 70 16
78 94 83
25 26 95
97 78 65
22 45 78
5 90 39
20 26 54
74 0 16
24 54 7
70 79 15
78 0 20
20 4 13
56 85 5
21 66 39
31 59 9
5 11 44
46 49 14
5 53 63
30 22 46
63 96 35
24 74 7
97 69 38
74 49 83
44 69 64
58 60 67
31 82 11
74 15 31
76 73 75
80 92 85
97 49 14
70 79 46
83 76 63
91 8 67
19 50 32
20 73 75
83 76 44
21 71 1
69 14 35
8 74 44
34 75 16
24 3 70
8 74 43
24 85 46
6 37 40
34 61 11
74 0 20
24 76 68
47 53 9
25 60 9
79 82 16
31 26 95
22 45 95
5 76 63
19 73 54
76 44 54
31 26 9
44 78 38
83 76 43
84 71 57
21 44 16
37 18 30
74 70 20
91 20 5
4 37 40
25 60 15
19 44 75
21 90 37
79 43 89
37 82 47
5 90 57
97 82 38
9 73 32
69 96 67
74 70 16
41 20 83
31 53 9
3 18 89
34 52 11
41 96 33
21 90 1
20 50 75
5 66 37
58 59 95
6 37 39
16 61 78
79 69 65
16 98 11
37 18 89
46 0 31
19 4 75
63 8 5
70 22 36
47 60 67
30 3 5
84 90 57
25 26 78
41 8 67
69 14 83
34 30 90
46 0 83
8 74 68
4 71 39
22 45 67
24 22 70
24 22 36
26 3 15
8 54 7
74 70 14
97 15 20
79 82 89
30 22 15
22 53 15
37 69 30
16 98 78
21 71 37
6 90 57
79 78 89
41 14 67
5 37 1
97 18 65
58 60 95
34 75 68
79 68 16
40 94 20
26 79 46
19 73 75
5 66 1
26 51 15
40 15 16
56 22 36
79 69 64
49 8 83
22 53 67
49 96 83
24 76 63
37 82 78
79 82 78
78 94 14
30 51 70
49 20 33
47 26 67
21 90 39
9 50 75
69 14 33
47 59 95
16 61 47
22 59 67
74 49 31
97 49 20
3 43 89
80 22 16
46 0 16
49 8 5
24 79 70
46 15 16
34 92 16
22 59 15
31 82 99
4 37 1
6 90 40
34 44 37
70 51 46
30 79 70
58 53 67
5 11 63
19 73 69
24 79 5
9 4 69
31 98 16
25 53 95
20 26 75
24 54 63
91 14 67
58 60 78
8 74 63
76 50 13
47 59 15
6 90 1
25 59 15
31 82 16
4 79 57
47 59 67
76 26 69
58 53 78
31 60 15
9 4 13
29 30 90
22 59 95
84 66 40
34 68 78
19 4 69
97 18 38
56 79 70
56 85 15
83 74 44
19 4 54
46 70 20
17 4 54
8 11 63
79 52 47
20 4 69
22 53 95
97 69 64
58 26 95
21 79 37
4 71 37
5 11 68
74 54 43
3 82 30
9 50 13
69 60 67
3 69 65
17 50 75
70 22 70
31 59 15
16 68 78
24 53 68
97 69 89
25 45 78
83 54 63
31 52 11
80 75 68
41 20 33
83 53 43
21 79 39
40 15 20
37 78 89
56 85 36
97 69 30
29 92 85
83 75 16
5 37 39
5 71 1
80 75 16
83 75 90
3 82 64
25 26 67
19 26 32
76 4 13
84 79 1
21 92 85
24 3 5
83 74 63
40 49 83
40 15 14
3 69 30
34 44 85
76 73 54
5 79 37
37 61 99
4 37 39
31 45 95
5 71 37
22 60 95
76 73 32
40 0 14
80 44 85
16 61 11
74 94 14
17 44 13
34 68 99
21 22 85
24 74 43
83 75 85
3 69 64
79 78 64
29 44 90
8 11 44
9 50 69
31 26 78
40 15 83
78 70 20
25 45 95
26 22 15
47 26 78
21 75 37
5 53 43
30 85 5
30 51 36
29 75 16
21 90 40
6 90 37
5 71 39
5 76 68
84 79 40
3 82 38
21 37 1
21 22 68
26 51 70
17 26 75
31 52 78
24 74 44
40 49 14
19 26 75
30 22 5
37 43 64
31 60 95
25 45 67
97 70 20
83 53 63
31 68 47
46 94 14
63 20 5
80 92 16
49 96 35
91 20 33
44 43 89
24 11 63
49 60 35
30 3 46
26 22 46
70 22 46
22 60 15
40 49 16
5 74 43
5 54 43
74 76 63
74 15 83
24 54 68
49 14 35
76 50 75
97 82 89
22 26 95
20 73 54
25 59 95
76 4 69
83 75 37
34 22 90
24 79 36
58 59 78
78 15 16
79 98 78
80 75 85
16 52 16
20 26 69
4 71 40
31 53 95
37 68 99
9 44 69
97 82 64
40 70 20
8 76 43
58 60 9
26 3 70
37 82 89
40 0 31
97 15 31
78 49 20
31 26 67
37 82 64
46 49 31
25 59 78
58 53 15
91 8 5
21 66 1
80 44 37
26 3 5
19 44 69
37 61 47
29 92 37
97 0 14
74 94 83
37 98 99
19 4 32
80 30 85
49 8 67
40 0 20
20 50 69
6 66 1
91 60 33
34 98 16
34 52 78
30 3 36
97 78 89
79 52 99
74 53 7
58 45 9
6 71 1
56 85 70
40 94 14
79 68 99
34 52 99
31 60 78
78 49 83
79 18 30
47 53 95
49 96 5
83 11 44
84 37 37
37 82 65
31 98 78
74 49 16
97 15 16
24 22 46
37 82 99
63 14 67
44 69 89
31 52 16
46 15 20
44 43 30
91 60 35
5 76 44
97 18 89
74 0 83
76 26 75
56 3 36
97 70 16
78 70 16
4 37 37
83 53 44
22 53 78
79 82 99
83 54 44
91 60 67
70 85 46
5 90 40
5 53 44
24 85 36
70 79 5
56 22 15
25 53 15
3 18 65
41 8 83
83 74 43
29 30 68
79 43 30
9 4 54
83 30 90
24 22 5
70 85 15
97 43 30
6 79 39
56 51 5
8 54 63
21 79 57
41 60 33
78 0 14
44 82 30
