49 60 5
31 61 16
21 22 90
19 26 75
41 20 35
69 8 5
21 30 16
34 52 99
6 79 39
34 30 90
70 51 46
20 4 13
20 4 69
44 78 38
24 79 5
40 70 83
21 71 39
5 74 63
58 53 67
30 3 36
47 45 9
29 44 16
31 53 95
69 96 67
80 44 85
47 53 78
97 78 89
31 68 16
79 61 78
8 11 68
19 26 69
78 15 20
37 43 30
22 59 78
47 53 15
5 11 7
24 54 44
30 85 15
80 22 90
84 90 37
5 37 39
25 26 78
56 51 46
41 96 33
24 22 5
25 45 67
25 59 67
4 79 37
4 90 39
19 50 54
44 43 65
5 76 68
26 3 15
58 53 95
26 79 70
97 94 20
4 71 57
34 44 68
31 45 78
40 15 20
56 85 15
80 75 90
8 74 68
26 85 46
21 30 85
78 94 20
34 75 68
5 71 39
4 90 57
31 45 15
17 26 75
26 79 15
74 49 31
5 66 37
70 85 36
20 50 75
22 26 15
37 78 65
49 8 35
4 71 1
40 94 83
46 94 20
30 3 70
63 8 67
37 78 30
80 75 16
70 51 5
49 20 67
74 53 43
83 11 63
34 92 68
74 0 83
24 85 36
97 69 65
46 49 83
49 60 83
83 54 44
24 76 68
74 53 7
83 54 7
17 50 13
84 90 57
83 74 68
97 78 30
58 26 15
16 68 47
24 53 63
74 76 44
70 85 46
63 20 35
79 43 89
16 52 78
40 49 16
26 85 70
8 53 7
83 44 68
22 59 9
76 26 69
44 69 89
3 78 38
69 8 35
17 50 75
63 14 67
3 69 65
47 59 95
24 74 44
84 37 1
37 98 16
56 3 46
22 60 15
76 50 69
8 54 44
78 94 31
83 75 85
84 66 37
63 20 83
37 69 30
44 82 30
70 3 70
24 3 46
31 82 11
8 11 43
49 14 5
6 79 40
9 4 54
29 30 90
83 92 90
30 22 70
26 22 36
21 75 16
69 96 5
40 0 16
22 60 78
83 22 90
16 98 16
37 98 78
83 75 68
21 75 90
37 69 64
30 51 46
47 26 67
17 4 13
3 78 64
30 3 46
19 44 69
25 45 95
8 74 7
5 79 39
37 82 99
16 98 11
31 98 99
83 54 43
6 37 39
97 78 64
29 75 68
30 22 15
25 59 78
37 78 64
46 15 83
91 20 5
76 26 75
26 79 46
97 0 83
78 15 16
16 98 99
41 20 5
79 43 30
25 26 67
21 66 40
79 98 99
40 70 16
21 71 1
20 44 75
24 51 70
37 18 38
4 37 57
80 75 37
46 0 14
21 22 85
22 45 67
84 37 39
83 44 37
83 30 68
24 54 7
41 14 67
80 44 16
47 60 67
46 0 31
83 74 63
19 4 54
56 51 70
34 75 37
79 68 16
58 60 9
46 49 31
70 79 36
6 71 57
74 0 20
16 68 11
37 82 16
21 75 68
19 50 13
37 78 89
79 18 30
37 69 65
16 82 47
46 94 83
49 60 33
69 60 5
22 60 9
76 4 32
74 49 16
56 79 15
30 79 70
31 26 95
70 85 70
25 60 15
34 22 90
29 44 37
97 82 64
46 15 20
31 60 95
41 96 35
69 14 35
70 3 15
5 37 37
69 14 5
5 53 68
22 60 95
34 44 37
26 79 36
79 82 99
31 59 67
80 22 68
21 30 37
80 92 37
22 53 78
37 69 38
78 0 14
37 82 11
97 94 31
20 73 54
44 82 64
70 51 70
37 61 99
16 68 78
24 85 70
70 22 5
91 60 35
74 15 16
26 85 5
24 85 15
70 22 70
83 74 43
37 68 78
37 52 47
44 18 64
84 66 40
4 90 1
37 43 38
97 78 38
46 70 20
74 49 14
21 71 37
17 26 54
83 74 7
40 15 83
8 76 63
41 60 83
21 92 85
31 59 78
20 26 32
49 20 33
3 78 65
3 43 65
46 15 14
83 75 16
63 8 35
84 90 39
63 96 5
69 60 33
83 11 68
56 51 36
5 54 7
31 60 15
78 15 14
46 49 20
24 53 68
63 60 35
24 76 44
83 53 44
21 22 68
80 30 90
97 15 16
58 26 67
5 74 43
58 60 15
29 75 90
49 8 5
49 96 67
49 8 67
37 68 99
70 22 36
3 43 89
38 29 76
91 8 33
74 0 31
91 20 83
9 26 54
83 11 43
34 22 37
22 59 15
25 59 9
91 60 33
8 74 43
34 92 37
19 44 32
21 92 90
83 92 37
9 73 13
74 0 14
80 92 68
47 53 67
79 68 11
34 30 85
24 11 63
31 82 47
24 3 70
37 68 16
34 30 68
38 45 39
24 3 5
4 79 39
5 54 44
21 79 37
24 11 43
5 79 57
91 14 33
78 94 83
44 78 65
5 66 40
46 49 16
24 11 44
79 78 64
22 45 9
37 52 11
4 79 40
74 94 31
97 0 31
63 60 33
34 68 16
24 74 68
84 71 39
79 82 30
34 68 78
24 22 36
97 69 89
76 73 54
79 98 11
80 22 85
22 45 15
63 60 5
58 59 78
47 59 78
21 66 1
58 53 15
8 11 7
3 69 89
5 53 44
76 4 69
21 92 16
37 82 65
83 22 68
40 0 14
24 54 43
79 52 47
97 43 64
31 60 67
19 73 54
17 73 75
19 4 75
5 90 57
20 26 54
17 4 75
76 26 13
37 61 11
16 61 16
56 51 5
4 66 39
34 61 11
79 52 11
25 53 67
21 37 1
44 43 64
19 44 13
46 49 14
47 45 67
56 79 5
31 98 11
56 22 5
37 43 64
37 98 47
20 44 54
37 18 30
21 37 39
21 30 68
31 61 99
47 45 95
26 22 70
24 51 46
79 69 89
16 82 99
40 94 14
4 71 40
80 44 90
58 45 9
22 60 67
76 73 69
20 50 32
26 51 70
84 71 57
29 75 37
79 69 64
31 98 47
5 86 67
34 82 11
97 15 14
37 82 38
5 90 40
44 69 64
4 37 40
17 44 13
5 74 44
63 20 5
6 79 37
25 26 15
25 45 9
5 79 40
21 79 1
29 44 85
78 49 14
46 0 20
34 98 47
34 30 16
34 22 85
19 26 13
76 4 54
79 98 16
79 68 47
5 53 43
3 78 30
5 11 44
80 22 16
84 66 39
4 37 39
24 41 24
76 4 13
83 76 63
44 78 89
1 32 8
74 54 68
78 0 16
31 82 99
97 82 30
31 53 78
69 20 67
3 43 38
78 94 16
30 51 70
79 98 47
83 54 68
5 53 7
94 8 64
97 70 31
76 73 75
70 22 46
47 59 15
5 76 44
6 79 1
74 74 63
97 94 83
80 92 90
22 53 95
79 82 64
37 82 89
26 51 5
30 3 5
4 90 40
46 70 31
44 43 30
21 90 40
65 62 44
70 79 70
24 3 15
24 85 5
31 82 16
5 90 1
91 8 83
83 76 68
41 60 67
79 43 65
25 60 67
41 20 83
84 90 1
24 53 43
3 82 30
22 49 12
6 90 40
34 22 68
21 44 37
4 66 40
34 75 90
37 46 37
63 96 83
44 69 65
6 30 9
17 4 69
40 70 14
80 30 68
58 53 78
29 92 90
5 90 39
56 79 46
83 49 21
16 98 47
58 26 95
40 49 83
78 49 20
94 78 99
97 0 16
95 60 15
91 96 67
47 26 95
79 69 38
76 50 75
21 90 57
8 24 42
3 18 65
65 81 16
72 20 44
21 71 57
84 79 37
44 18 89
79 68 78
3 69 64
29 92 85
49 96 35
79 18 64
10 25 63
37 69 89
31 26 67
34 52 47
79 82 16
37 78 38
74 76 7
47 60 9
21 90 1
58 45 67
21 92 68
93 41 98
37 82 78
79 18 38
25 53 9
3 69 38
13 53 58
34 17 26
70 22 15
22 53 15
17 73 32
69 96 33
9 26 32
26 85 36
46 15 31
16 67 78
30 35 46
29 44 90
8 53 63
97 0 20
76 26 54
24 22 70
16 61 78
89 61 73
90 8 36
2 39 79
5 71 40
4 66 57
47 45 78
24 3 36
38 26 1
84 71 37
76 73 32
4 71 37
5 54 68
49 8 33
37 43 65
30 79 15
58 90 35
83 53 68
83 22 37
26 44 35
27 42 96
34 44 90
24 74 7
3 43 30
13 72 24
9 26 69
21 92 37
49 80 23
37 61 47
84 79 1
29 92 37
58 45 78
34 92 85
8 53 43
34 61 99
25 36 78
26 22 5
42 58 99
40 0 31
21 30 90
79 68 99
10 63 50
24 58 69
76 44 54
74 94 20
74 94 14
31 68 47
24 85 46
92 81 65
34 98 16
15 0 34
97 43 89
31 98 16
8 76 7
37 18 65
31 0 62
24 79 15
45 38 66
76 73 13
22 40 10
74 53 44
40 49 20
30 3 15
31 45 9
21 44 85
8 22 23
5 90 37
17 50 82
31 68 78
16 68 16
63 14 83
16 1 10
83 74 44
31 53 67
44 69 30
6 90 57
59 40 68
25 45 15
46 94 14
38 10 2
45 58 37
79 43 64
69 20 5
69 20 33
58 24 79
6 71 37
78 70 83
19 50 32
49 96 83
89 30 40
17 26 13
97 43 30
31 98 78
15 62 43
33 31 65
31 26 15
22 59 67
24 74 43
20 75 84
34 75 16
3 18 30
91 14 83
17 43 62
25 59 95
61 77 70
74 74 68
18 17 8
72 64 78
51 66 34
30 91 23
74 70 83
74 70 16
87 98 0
3 18 89
58 60 67
73 45 54
22 59 95
43 97 6
20 50 54
84 37 57
54 77 92
37 52 16
24 22 15
3 82 38
91 95 17
41 8 67
83 53 63
74 74 43
58 53 9
48 14 74
73 20 69
67 98 15
91 20 67
91 8 5
29 30 68
68 64 17
60 43 45
8 88 28
56 22 15
63 8 83
53 63 34
70 79 5
55 20 5
79 53 25
13 46 35
69 14 83
58 93 66
37 98 11
63 8 86
26 54 50
74 15 14
76 44 13
26 79 5
57 74 65
80 92 16
74 94 16
78 94 14
46 70 83
5 54 63
30 85 70
35 2 95
7 96 84
61 33 79
6 37 57
21 37 37
28 89 60
44 21 74
79 78 89
5 79 1
40 15 16
40 49 31
19 73 69
3 82 65
34 98 11
26 21 86
96 13 90
51 4 15
34 92 90
80 13 22
94 32 45
65 64 76
54 5 57
83 53 43
49 20 35
34 68 99
17 73 13
97 69 64
75 31 88
34 26 93
34 52 16
18 40 18
79 82 78
86 24 78
40 37 33
97 20 17
64 84 69
78 49 31
97 49 16
56 79 36
50 49 62
37 98 99
9 34 49
57 80 46
9 26 13
97 49 83
27 21 9
56 85 36
9 44 75
14 35 62
6 41 52
31 68 11
4 79 1
56 3 15
53 90 11
17 44 32
29 92 16
59 7 62
22 21 7
91 19 88
83 44 90
17 51 25
1 71 50
22 90 71
25 53 95
37 61 78
83 57 18
63 17 56
76 44 32
61 47 28
33 17 35
83 30 90
96 1 10
64 93 86
2 56 66
82 0 58
19 4 69
78 0 83
37 52 84
65 71 0
0 61 7
11 88 67
24 68 19
34 92 16
9 44 69
91 60 83
25 69 31
40 0 20
25 66 71
8 54 7
23 48 50
30 1 62
83 48 83
63 20 33
41 96 83
88 95 45
18 35 4
24 74 63
44 18 30
49 20 5
19 73 75
96 53 34
5 76 63
20 66 94
91 52 52
57 4 61
83 75 37
23 43 4
22 26 67
21 22 37
20 73 75
12 42 0
83 92 85
27 22 50
86 36 95
47 9 5
62 64 29
43 64 15
24 20 47
31 53 15
73 68 57
1 4 41
49 60 67
29 33 84
8 74 63
69 8 83
88 82 87
9 4 75
26 85 15
83 11 7
40 92 57
42 15 94
78 40 41
7 70 91
21 75 85
30 24 16
66 98 30
42 43 50
98 99 44
27 1 58
5 37 40
10 27 0
24 85 52
40 15 31
17 73 69
38 18 29
41 71 15
18 22 90
6 71 39
83 17 6
42 61 91
97 94 14
70 28 78
56 22 46
77 50 54
22 45 95
97 69 30
46 94 31
81 27 53
17 15 59
30 79 36
77 29 15
60 38 46
36 20 23
9 79 19
92 88 95
58 62 3
24 51 15
86 88 96
97 15 83
33 41 66
79 82 38
34 4 53
68 75 25
36 11 31
90 10 44
29 47 6
9 50 32
31 60 29
8 53 44
66 49 22
49 96 33
72 43 74
26 51 36
44 11 92
83 11 44
70 79 15
36 98 17
97 70 83
84 79 40
54 77 86
31 68 99
37 82 64
84 71 40
74 97 73
80 92 85
14 91 53
9 50 69
96 93 5
28 51 19
18 23 96
20 73 32
24 11 68
17 38 25
16 64 79
31 59 95
43 2 77
92 13 13
92 9 72
3 78 89
67 46 93
47 59 67
97 82 89
4 9 29
5 10 44
37 82 47
6 79 57
24 11 7
97 40 11
47 26 78
74 15 31
6 66 57
86 71 83
25 26 95
20 44 69
57 76 82
32 25 39
18 58 67
39 67 12
0 76 44
14 66 0
1 85 3
50 25 3
88 65 43
68 2 84
5 66 39
43 89 94
51 39 56
15 41 82
87 98 49
50 16 40
