10 48 43
70 5 34
72 77 76
16 18 76
82 99 98
12 20 39
62 6 67
32 37 66
56 5 68
28 71 88
60 71 32
74 20 42
81 2 10
87 20 18
42 96 2
81 20 67
74 16 42
81 99 31
42 53 67
28 5 53
14 32 61
83 50 60
95 71 92
81 72 31
74 20 79
37 49 42
59 44 25
98 76 67
36 12 61
10 10 21
81 52 49
69 18 22
61 5 32
32 21 66
10 50 18
32 80 39
50 29 94
10 90 60
50 27 78
62 52 21
13 44 31
87 20 21
58 56 68
42 77 2
26 53 65
51 72 27
81 86 77
27 37 78
65 12 50
11 60 78
74 72 42
10 77 76
82 44 98
79 86 71
54 53 41
12 20 42
82 99 77
87 64 18
46 51 69
60 5 19
60 32 32
61 5 19
11 72 79
81 2 68
10 86 21
50 21 66
11 49 27
95 5 88
50 80 39
98 76 21
61 5 92
16 90 52
47 34 32
73 9 8
87 52 49
16 18 71
18 52 34
67 76 76
26 53 7
18 52 67
36 61 61
61 21 47
69 51 10
13 40 92
31 47 74
69 51 31
31 32 50
32 37 78
31 77 74
60 5 88
69 86 36
47 32 88
72 74 18
54 77 7
61 32 19
81 86 98
98 52 49
81 64 18
56 51 31
31 47 7
92 85 1
26 96 7
47 71 53
83 18 76
83 77 52
81 65 62
74 16 27
72 18 52
36 90 84
68 57 93
81 52 18
77 84 1
31 48 69
82 86 21
87 52 34
53 88 97
40 7 28
79 44 21
99 51 0
54 51 81
78 65 23
14 32 94
30 13 83
75 96 53
31 32 69
42 96 41
7 47 9
11 47 94
81 76 18
50 60 80
26 84 41
18 76 18
4 32 89
31 48 43
36 29 22
32 11 42
13 86 21
10 10 77
37 19 10
36 61 94
54 58 9
81 51 31
14 32 50
36 21 85
98 64 34
98 64 18
40 24 37
48 9 5
1 3 91
17 6 27
75 70 92
55 53 2
79 86 98
30 82 87
66 47 45
37 54 57
76 35 87
13 21 78
86 58 38
17 97 50
89 32 74
47 95 89
13 40 10
61 31 88
37 16 10
16 77 71
47 71 19
51 20 27
95 31 1
7 31 42
10 12 94
65 18 36
80 82 93
27 70 66
23 63 93
50 40 66
9 44 32
39 46 23
27 21 66
65 48 69
10 67 43
72 77 18
32 79 51
54 47 7
22 6 74
62 64 49
31 67 50
65 12 61
13 13 78
50 56 80
78 78 21
72 50 71
38 18 76
86 59 88
38 62 9
90 39 85
8 27 96
81 6 18
81 52 67
74 39 88
10 86 31
89 27 61
38 90 71
10 86 71
14 23 23
59 20 15
51 72 10
67 20 2
58 0 76
54 19 33
42 84 41
53 83 85
61 5 53
81 76 67
18 76 49
69 2 31
58 29 94
38 46 6
11 60 94
28 71 92
69 2 68
38 13 79
64 86 98
12 12 6
70 46 49
28 32 88
55 51 48
4 75 0
55 74 61
8 29 68
31 67 69
12 2 75
11 29 96
92 85 33
21 12 60
77 4 91
82 94 77
70 41 0
92 1 58
14 67 43
67 81 85
76 30 81
29 9 54
72 18 60
71 15 11
65 53 24
41 82 75
62 70 96
27 40 78
97 4 34
39 87 78
26 57 1
70 2 68
92 47 18
11 29 68
58 60 78
87 76 34
72 22 42
69 30 42
74 22 55
78 2 34
52 73 12
38 18 18
31 96 67
28 59 1
15 26 89
10 78 92
98 49 90
32 80 10
38 41 96
35 35 16
56 96 17
37 20 27
52 92 40
75 37 66
60 31 92
31 86 32
53 21 59
7 1 60
11 27 94
67 51 10
69 51 76
73 23 4
71 13 37
32 40 10
80 76 9
43 43 45
90 74 24
75 8 89
0 96 98
93 47 70
94 6 49
72 90 76
65 86 87
36 25 27
84 9 99
73 91 5
86 3 73
97 57 40
30 48 22
25 35 43
81 1 76
81 39 40
31 77 2
35 93 96
82 44 77
63 83 3
72 38 36
65 48 94
69 63 69
79 99 77
36 32 50
27 37 39
36 61 43
99 49 24
61 15 87
79 58 20
83 18 52
35 86 88
13 94 71
89 58 30
96 7 32
13 86 31
27 40 10
28 32 32
12 11 40
62 20 67
84 49 75
60 5 92
90 16 6
31 32 61
25 64 29
57 37 52
32 11 50
31 61 69
98 76 49
24 57 91
27 40 92
72 77 71
49 70 26
55 96 41
14 57 96
62 76 57
41 54 65
79 10 31
82 23 14
94 96 98
58 89 26
23 59 23
39 86 40
85 73 84
79 10 21
40 98 72
5 91 87
18 20 67
2 86 16
77 90 32
1 79 96
35 74 1
38 45 48
30 44 75
89 28 42
6 72 26
69 5 68
84 28 96
16 43 4
10 77 52
56 5 57
87 27 16
58 12 47
52 29 34
46 31 15
47 52 57
74 59 9
35 27 68
60 32 92
3 56 72
85 44 2
36 65 9
87 74 56
3 34 38
95 63 76
14 95 41
90 31 72
70 30 82
40 18 30
51 49 39
0 31 46
67 84 69
45 47 12
93 49 14
43 36 22
94 57 67
55 32 55
34 11 25
15 34 21
38 23 5
11 40 74
11 49 39
83 55 10
35 28 19
97 21 97
67 51 31
83 14 48
97 69 11
7 76 7
80 66 65
50 56 68
58 81 72
91 37 21
63 13 74
44 71 87
67 93 39
82 97 13
77 85 27
81 51 10
10 61 43
50 23 49
97 41 56
10 74 52
71 54 67
24 12 12
54 84 74
6 97 37
65 21 23
52 67 97
10 10 71
46 82 5
60 43 77
10 32 61
45 13 87
34 61 66
91 7 99
96 74 22
55 18 84
10 43 4
65 26 29
75 37 78
55 77 74
87 52 18
8 56 90
55 53 74
90 9 88
59 62 20
83 50 76
77 73 0
11 19 42
59 49 74
87 8 96
31 86 40
11 49 79
44 91 79
65 37 45
60 55 43
85 91 59
98 13 56
46 14 73
31 38 72
28 14 63
54 57 37
51 1 12
55 96 67
15 36 74
76 44 31
45 75 90
55 56 85
90 0 9
6 27 70
82 35 13
64 76 64
38 77 52
33 10 86
24 9 42
3 47 52
8 29 54
10 99 71
9 9 13
90 29 12
51 39 72
77 16 4
31 98 17
18 20 18
29 44 74
31 88 42
79 44 71
5 73 13
98 6 18
79 63 78
30 4 14
56 20 40
91 13 32
84 89 87
9 91 74
8 72 92
83 90 71
70 2 76
51 36 12
55 28 92
18 50 1
76 55 64
11 60 87
31 48 61
44 27 93
95 82 34
77 75 35
62 68 9
70 31 4
50 40 36
54 73 86
39 54 47
26 77 2
74 83 78
61 32 32
63 74 61
17 89 96
31 60 53
34 72 34
93 81 19
42 44 10
8 47 78
85 14 26
78 79 13
66 25 19
65 44 5
34 45 41
21 62 46
23 26 60
2 57 78
10 18 76
18 45 0
10 48 50
74 65 74
69 72 31
18 2 60
81 80 23
12 49 42
95 71 32
43 55 84
58 90 68
16 17 51
28 67 77
97 46 63
58 6 24
95 31 53
15 96 41
99 13 51
87 27 43
12 72 10
58 10 65
9 41 60
9 80 80
97 65 75
55 80 95
71 60 50
29 57 95
81 94 21
16 77 76
70 76 31
25 31 40
27 75 83
51 46 66
60 27 52
54 4 14
96 53 20
6 77 48
92 4 29
80 60 31
65 61 43
21 23 59
38 17 3
76 19 12
98 81 75
71 30 2
32 4 70
73 94 22
55 64 99
19 68 0
25 2 52
55 97 99
10 18 52
11 27 68
44 94 33
39 68 73
69 72 68
87 40 22
9 2 17
93 58 36
64 10 60
93 19 80
7 38 81
26 84 7
84 84 13
55 96 2
87 58 98
52 55 19
57 38 44
81 10 98
11 72 42
31 80 59
88 83 73
13 86 71
98 40 3
82 72 64
87 53 15
62 32 22
46 99 8
36 23 68
62 20 18
21 49 86
13 10 98
34 15 41
89 93 7
25 24 23
18 20 34
41 39 86
89 89 68
32 5 41
95 59 72
92 1 67
87 15 4
87 57 2
79 8 39
21 9 47
54 91 91
49 28 87
13 82 27
81 94 77
35 50 6
47 57 48
16 77 18
27 40 39
75 37 10
59 54 11
46 19 12
80 40 62
65 75 62
85 69 35
65 67 50
60 5 53
65 69 42
73 41 10
74 16 79
9 73 21
39 23 35
25 44 27
74 72 27
45 98 90
0 33 25
27 80 78
82 92 72
31 84 2
76 81 98
67 65 4
81 72 10
18 74 3
55 78 38
2 12 64
50 40 78
84 98 11
37 49 39
1 18 29
5 94 28
58 21 65
58 17 70
55 20 7
69 64 77
21 49 32
29 59 53
91 76 51
27 86 41
14 48 50
44 61 24
91 58 67
41 76 36
7 91 85
21 29 88
61 55 96
76 99 49
36 48 94
37 98 67
13 70 10
10 90 76
51 3 89
36 64 43
54 81 60
58 59 82
56 4 96
12 44 41
76 80 66
38 65 13
67 32 41
57 95 32
87 6 49
27 61 55
19 77 69
55 30 6
92 38 7
20 50 88
29 63 25
82 27 58
32 94 41
16 38 88
52 25 89
3 16 74
20 87 71
6 82 76
32 61 89
41 89 69
37 69 31
35 29 78
4 32 5
11 58 38
67 58 93
92 23 64
32 52 45
64 93 36
46 4 77
28 71 19
79 29 28
75 21 66
23 40 3
58 60 94
20 72 48
54 96 67
62 88 93
6 94 80
61 34 92
10 30 73
91 40 65
32 12 35
12 88 55
69 38 33
54 53 67
88 92 66
11 20 10
90 16 0
46 84 38
81 5 10
13 99 31
65 61 50
3 66 95
70 4 57
40 71 99
65 67 61
2 97 33
42 9 81
94 40 20
80 39 24
62 40 93
50 33 19
6 65 85
77 59 78
31 6 58
93 98 37
28 5 32
48 91 67
10 10 8
36 12 94
29 19 81
14 9 24
92 12 56
22 36 41
10 14 56
7 1 56
60 86 45
60 34 53
12 4 98
77 10 72
30 59 97
76 74 79
10 94 21
31 48 21
35 56 68
28 70 33
10 39 33
9 91 7
34 73 35
13 80 66
64 92 67
39 93 98
99 20 48
63 26 72
12 22 9
49 57 16
65 32 50
16 59 17
78 9 36
18 14 74
21 3 52
79 94 21
97 95 75
22 59 98
46 14 58
82 36 46
94 85 0
38 34 30
71 60 55
6 41 31
30 24 57
13 35 51
10 32 76
50 77 51
87 10 98
70 88 50
75 80 66
45 14 93
28 86 46
49 29 66
99 43 92
64 89 37
74 19 42
34 34 13
67 69 49
31 61 61
50 29 62
93 79 75
49 36 46
52 26 25
80 9 20
49 21 77
27 89 31
72 46 96
48 29 53
66 49 57
11 34 27
92 5 66
51 55 46
6 23 39
21 38 24
5 73 82
17 72 95
52 78 63
21 6 70
11 45 10
71 84 5
70 30 73
53 87 0
41 20 67
17 59 92
70 51 31
66 23 2
34 82 8
49 63 10
53 38 72
83 90 18
22 14 5
28 16 82
33 44 58
38 83 21
56 0 0
86 60 14
45 26 56
70 72 76
24 46 99
23 43 95
22 2 80
48 24 99
27 58 7
30 22 15
81 10 71
91 39 37
97 78 26
72 30 67
51 36 36
27 70 75
42 24 14
8 86 81
35 60 94
86 43 14
18 12 12
26 43 2
20 56 32
36 8 79
18 6 67
15 9 95
37 36 53
77 33 72
23 96 84
28 71 16
72 4 23
99 58 81
54 77 41
97 23 0
74 97 64
87 5 16
23 63 61
11 93 24
21 48 71
93 59 51
67 47 90
69 72 34
97 88 85
83 43 48
7 80 97
52 36 27
31 12 61
35 6 86
39 58 40
19 29 84
34 42 25
50 29 68
40 73 83
62 54 22
13 70 39
58 93 97
71 82 93
62 11 69
18 76 67
35 87 20
8 21 43
75 22 14
10 50 52
55 39 12
29 85 10
99 77 74
25 15 53
54 38 37
93 96 49
93 93 18
50 98 95
79 94 98
87 17 82
97 88 42
57 81 9
51 41 71
60 71 19
92 32 41
41 95 24
10 38 93
50 37 39
72 95 5
55 54 6
98 23 87
10 18 18
58 83 24
52 29 13
16 79 33
65 79 30
60 31 88
33 41 6
15 3 33
0 80 23
36 29 85
4 68 31
47 25 56
79 66 6
5 50 14
38 97 20
69 5 10
56 68 84
72 26 90
3 92 38
39 9 91
8 77 63
0 25 84
38 77 76
2 63 28
52 66 8
55 32 39
53 33 45
34 44 2
63 91 22
19 66 82
58 64 53
97 88 41
64 86 84
69 26 13
60 25 63
34 21 97
21 41 90
61 31 19
72 53 17
98 14 91
67 40 5
91 72 82
93 5 17
28 60 8
41 72 52
18 33 40
96 72 59
80 66 60
91 28 8
22 1 99
36 34 9
63 16 68
13 94 31
49 27 66
50 40 10
87 92 75
48 74 74
34 63 28
12 49 39
55 21 75
46 37 44
46 58 71
78 88 61
36 48 69
55 77 2
94 82 37
93 23 8
