8 56 68
26 47 41
61 5 88
37 49 42
18 64 34
8 27 78
83 50 18
74 16 39
81 10 98
36 12 69
10 61 94
11 56 96
70 76 10
10 94 98
28 34 19
14 61 94
13 37 39
13 86 98
74 19 10
98 64 49
58 27 96
55 77 7
14 32 94
81 76 68
87 76 34
81 6 21
10 67 69
31 96 74
62 6 49
50 21 39
65 12 94
54 47 2
74 16 27
81 72 76
83 50 76
13 94 71
12 72 27
81 94 21
82 94 71
42 47 74
81 86 77
14 61 69
65 12 61
65 12 69
72 77 71
69 72 68
82 99 71
58 60 68
74 19 79
13 44 71
28 71 92
74 49 10
65 61 69
87 76 21
26 53 7
11 56 94
11 49 27
50 37 66
31 67 50
32 37 10
10 48 94
70 51 76
95 34 88
60 34 19
79 10 77
18 64 67
69 5 34
10 74 52
87 20 18
10 77 76
82 86 71
81 76 34
70 72 76
56 5 31
14 32 69
16 77 60
69 72 10
12 20 42
65 12 43
82 94 31
11 20 79
50 21 92
95 34 53
27 21 10
50 56 80
28 71 53
12 19 42
74 72 39
26 47 7
72 77 18
83 90 71
11 27 96
51 19 27
50 37 78
26 77 7
27 70 39
31 84 2
32 80 92
10 94 71
18 76 18
13 37 78
10 86 21
87 6 49
28 31 19
56 51 31
95 5 92
27 21 66
16 50 52
11 20 10
28 71 32
72 18 60
62 6 34
13 86 21
31 48 94
95 71 88
35 29 78
13 70 78
8 60 68
79 10 31
35 56 96
70 5 68
50 60 80
56 72 10
72 77 76
81 52 18
70 5 10
32 21 92
47 34 92
16 77 52
27 80 10
35 27 94
10 61 50
11 56 80
42 53 41
60 32 19
81 76 21
65 32 43
83 50 52
31 47 67
12 16 79
31 48 61
26 96 41
87 76 18
61 5 19
14 12 94
82 44 31
10 67 94
70 5 76
51 72 39
36 48 43
55 53 41
67 72 76
47 5 53
72 90 76
50 37 39
70 51 34
56 76 34
10 32 94
38 74 76
12 20 27
26 53 74
11 60 68
32 37 78
28 31 32
35 27 68
81 86 31
8 56 78
10 94 31
95 31 88
81 52 34
55 47 74
37 72 39
16 50 60
95 31 53
31 84 41
42 77 67
69 5 10
8 27 94
27 37 92
31 53 41
13 99 98
58 29 96
50 56 68
60 32 53
65 32 50
81 51 68
12 49 10
11 16 42
72 50 60
27 80 92
8 60 96
70 2 31
50 47 80
10 50 18
56 72 68
11 20 39
31 61 50
42 47 67
42 84 67
95 31 19
50 70 78
13 40 92
83 74 71
58 56 94
54 96 2
31 48 69
70 72 34
16 18 18
75 21 39
54 77 74
36 67 69
98 6 18
14 48 43
65 61 94
38 90 76
67 76 31
79 99 31
61 32 92
28 5 19
79 86 31
10 18 71
32 70 92
61 31 32
37 20 27
42 77 74
28 31 88
28 31 92
95 71 92
55 47 41
75 21 66
95 32 53
87 64 67
50 80 78
18 76 49
81 76 49
81 2 10
87 64 34
83 74 52
47 31 19
38 18 60
51 49 27
62 52 18
60 5 19
12 19 79
87 64 49
83 90 60
32 40 92
13 94 31
36 32 94
14 12 61
10 67 61
47 34 19
83 74 18
10 74 71
38 77 71
79 94 31
13 70 92
38 77 52
13 21 66
98 52 21
31 12 94
95 34 32
10 12 69
54 96 41
13 40 66
47 31 53
12 72 39
56 5 68
18 6 18
58 27 78
60 5 88
60 5 53
10 77 60
61 32 53
67 76 10
27 21 78
35 47 94
54 84 7
31 61 43
50 56 96
81 10 31
56 5 76
81 64 67
81 64 34
10 94 77
82 94 77
11 72 79
56 2 31
27 70 92
79 99 77
82 99 21
14 32 61
16 74 18
27 70 10
81 20 67
8 47 80
31 84 7
81 64 18
98 76 34
14 32 50
62 52 49
10 94 21
81 5 10
69 72 34
42 84 2
98 6 34
74 20 42
18 52 21
82 10 98
16 90 18
82 86 21
50 47 68
75 70 66
37 19 27
12 49 79
62 20 34
70 72 68
95 31 92
13 70 66
26 77 41
51 72 42
82 86 31
72 90 71
72 90 52
16 18 71
56 76 10
74 20 10
51 72 10
62 76 18
28 34 32
47 32 92
61 5 32
27 40 92
69 72 31
11 56 68
36 12 43
10 10 98
54 53 67
37 20 79
10 77 52
18 64 49
72 90 60
47 34 32
31 48 43
35 47 96
75 70 92
49 60 25
62 76 34
26 84 7
54 47 41
38 18 71
72 77 52
72 74 18
10 48 50
31 67 43
18 52 18
50 40 78
10 74 76
72 50 18
54 47 67
38 18 76
12 20 10
56 2 34
27 80 39
50 21 66
13 80 92
50 40 10
16 74 60
79 44 21
47 31 88
14 48 69
54 47 7
10 48 61
28 71 19
75 37 92
75 37 10
36 61 43
31 53 2
37 16 79
50 37 10
60 31 88
51 16 42
58 29 78
58 25 50
12 49 39
8 47 96
98 64 18
74 49 42
75 21 92
62 52 21
70 76 31
51 49 79
10 90 76
69 51 76
36 32 61
55 47 67
32 70 10
55 53 67
58 29 68
12 16 27
51 49 10
18 20 21
58 47 78
11 47 68
13 44 77
36 32 50
31 48 50
65 61 61
72 50 52
67 5 68
54 84 41
56 51 76
70 2 10
18 64 18
72 50 71
81 76 67
32 21 78
51 20 42
67 72 10
51 16 10
18 52 34
87 52 49
69 76 76
79 10 21
21 36 28
91 87 20
35 29 94
31 47 2
50 27 94
37 49 10
51 49 42
74 72 10
38 90 60
42 96 2
60 31 32
42 77 2
26 77 2
53 13 56
87 62 53
64 1 5
79 44 77
10 32 69
10 12 43
83 77 18
10 32 61
32 40 10
28 32 88
29 67 70
47 32 19
13 40 78
56 5 10
60 32 92
60 5 32
36 67 61
56 51 10
8 60 80
79 99 98
38 50 71
58 56 96
60 32 32
81 99 71
61 34 32
75 37 39
62 6 21
81 20 49
26 96 67
70 51 68
11 29 94
37 72 79
81 6 22
75 70 10
28 5 88
47 34 88
81 52 21
79 10 71
13 44 31
26 84 67
81 86 98
81 51 76
87 52 21
18 20 34
16 18 52
50 29 96
72 25 7
62 20 18
20 24 81
72 18 52
31 47 7
31 96 7
50 38 34
79 86 21
11 60 78
8 29 80
14 67 61
59 70 48
31 67 69
51 19 10
13 40 10
11 20 42
42 45 94
67 76 68
81 20 21
16 90 71
56 72 76
26 84 74
54 96 74
82 10 71
26 84 41
47 32 32
18 52 49
50 40 92
87 20 67
74 20 39
83 90 18
14 61 61
38 87 91
83 74 60
51 72 27
75 40 10
67 51 68
27 40 39
56 76 68
37 16 42
27 21 39
95 34 92
58 47 68
10 99 71
58 47 80
67 51 10
5 60 73
13 37 66
83 90 52
35 56 68
47 32 88
51 49 39
75 70 39
13 99 77
16 90 76
79 44 98
35 47 78
12 19 10
81 52 49
54 96 67
36 12 61
81 51 10
10 86 77
74 16 10
11 72 39
87 6 67
81 94 31
56 2 68
11 16 79
72 50 76
81 52 67
70 72 31
67 2 76
87 52 67
47 5 32
32 70 66
79 24 13
11 49 42
16 50 71
28 34 53
57 28 71
31 77 2
65 32 61
67 5 34
70 2 76
14 12 43
11 19 10
11 60 96
14 67 43
75 80 66
82 10 21
28 32 32
54 96 7
70 76 34
31 47 41
27 40 78
32 21 39
13 94 21
98 52 18
0 35 34
78 11 96
74 19 39
12 19 27
81 20 34
10 12 50
13 80 66
35 56 94
12 19 39
50 47 96
81 76 31
65 48 43
27 37 39
47 5 92
40 59 21
61 71 53
50 40 66
81 5 34
37 16 10
79 94 98
13 86 77
18 52 67
95 67 55
13 99 31
10 50 52
36 48 61
95 5 32
60 34 32
0 44 81
82 13 75
10 77 71
29 43 49
37 49 79
32 40 66
83 18 52
38 50 18
10 74 18
81 72 10
14 32 43
35 60 94
81 86 21
79 94 71
38 77 60
56 76 76
6 35 63
83 70 32
18 20 67
81 5 31
50 70 39
13 21 10
62 64 49
71 33 0
53 90 47
28 37 74
28 5 32
13 10 71
31 96 2
88 37 38
11 19 79
27 80 66
49 5 84
62 76 21
32 80 66
70 76 76
47 31 92
14 48 94
10 44 31
65 67 69
3 54 40
14 48 50
16 59 85
26 96 2
68 35 76
42 53 67
42 47 41
10 90 71
62 64 34
11 19 27
90 69 4
70 2 34
40 60 5
38 50 60
99 64 34
44 26 24
98 20 34
79 86 71
50 60 78
70 72 10
71 52 12
47 71 19
57 36 62
11 16 39
50 95 78
65 48 94
52 8 67
31 53 67
85 39 38
63 35 24
10 44 77
34 32 15
83 18 76
11 47 56
41 55 43
38 74 60
61 31 92
50 60 96
14 83 96
95 31 32
98 87 56
49 76 7
31 84 67
10 18 18
61 78 94
88 56 93
26 53 67
43 89 25
72 63 19
35 27 96
36 67 94
16 18 60
67 72 34
79 94 21
87 64 21
82 81 79
10 12 94
83 18 60
8 58 88
38 90 71
74 20 27
31 53 74
11 29 78
79 44 71
54 84 2
62 20 21
10 32 50
38 90 18
25 59 86
67 76 76
38 49 56
47 71 32
10 49 94
58 56 68
32 21 66
87 6 18
13 21 78
50 80 66
6 24 37
16 17 12
45 54 41
11 56 78
44 69 89
95 34 19
16 21 29
51 16 39
31 49 52
13 99 71
36 61 50
12 72 79
34 39 24
19 3 82
14 61 43
26 70 71
83 77 71
55 31 93
97 28 50
36 48 69
74 28 32
42 96 74
26 80 37
27 15 63
18 20 49
75 37 78
63 55 95
64 35 11
19 50 60
38 77 76
76 38 40
75 9 34
93 2 28
74 19 27
31 77 74
81 20 8
47 19 98
13 37 92
69 2 31
44 63 24
13 94 98
98 6 21
70 5 31
38 50 76
83 62 21
51 38 68
54 47 74
81 64 49
42 87 79
28 34 92
36 61 69
21 28 49
16 50 18
11 47 94
18 20 18
67 5 76
72 81 68
11 60 94
33 48 3
61 34 19
36 67 50
32 40 39
39 40 19
10 86 98
61 31 88
36 48 50
13 46 15
26 92 0
27 37 66
50 37 92
98 52 34
55 53 7
78 27 84
51 72 79
91 32 96
69 52 93
0 86 97
69 51 34
35 27 78
14 52 94
69 2 68
33 61 74
31 12 43
81 72 68
87 6 21
55 96 7
79 78 81
49 88 31
87 64 18
60 34 92
56 10 9
11 29 80
32 80 10
7 44 39
70 5 34
58 47 96
37 19 42
67 72 68
28 32 53
32 51 46
45 29 90
31 36 49
81 99 21
53 94 72
4 11 81
26 84 2
56 72 31
76 20 2
38 50 52
50 60 94
66 76 9
37 20 42
69 5 31
82 86 98
27 70 78
31 23 95
89 16 89
54 77 67
45 56 1
14 53 22
61 32 19
31 67 61
47 71 18
10 74 49
11 49 79
8 56 80
52 72 54
70 73 5
83 50 60
79 99 71
13 21 39
69 5 76
60 31 53
0 25 6
80 40 47
84 27 40
95 32 88
25 12 17
86 18 24
58 60 80
54 94 35
61 90 23
65 67 43
87 20 21
60 50 29
0 20 93
12 16 42
69 76 31
13 80 39
87 94 15
31 6 72
18 76 21
18 64 21
11 49 39
4 1 84
61 71 92
28 20 95
93 10 16
54 53 7
62 62 90
67 51 34
16 50 76
42 69 25
66 25 22
36 61 61
56 2 10
96 76 54
11 20 27
47 59 36
67 76 67
74 4 43
72 24 70
24 86 58
52 45 4
31 51 79
7 33 18
13 62 85
52 43 99
47 35 83
10 86 31
98 6 49
65 12 50
0 89 79
18 76 67
10 99 98
11 47 78
61 71 88
20 1 88
81 10 21
46 85 34
2 95 39
90 72 24
76 72 18
25 94 56
18 43 27
12 60 10
89 42 35
75 21 78
42 96 7
88 32 34
13 21 92
96 39 0
56 5 34
91 94 79
95 36 99
42 19 31
69 2 10
75 67 44
58 60 96
38 76 13
81 99 31
79 24 92
21 18 89
10 48 69
3 19 82
50 27 96
78 51 95
32 26 6
97 99 51
61 71 19
55 84 35
65 67 61
32 19 97
74 72 27
42 65 37
33 10 7
58 27 94
10 61 84
49 96 10
59 30 26
50 21 10
78 41 6
39 63 67
64 44 72
97 79 77
46 65 43
98 76 21
88 16 14
40 81 26
80 53 6
81 20 18
54 53 41
19 31 58
55 77 74
38 74 18
30 18 24
95 32 19
36 88 94
35 32 73
81 72 31
92 93 30
60 71 92
10 67 43
52 49 26
62 64 67
1 13 83
65 48 61
33 63 11
26 96 74
85 18 79
15 27 17
27 80 78
55 40 43
94 10 56
25 87 40
4 51 56
67 2 31
28 5 92
10 15 38
55 96 2
51 17 79
81 43 54
