69 5 10
65 32 50
42 77 7
36 32 69
98 64 67
81 5 76
95 31 32
54 96 7
58 29 78
26 84 7
8 56 94
10 94 31
47 32 92
98 20 34
83 18 18
81 99 21
58 56 96
10 67 69
58 47 78
26 84 67
81 6 34
54 77 2
55 47 41
95 32 53
47 5 53
82 86 71
62 64 49
13 37 10
16 18 76
75 40 66
51 16 10
95 5 32
8 29 78
69 76 34
83 18 60
98 6 18
82 86 98
62 76 18
31 48 69
26 53 41
12 20 10
81 86 77
14 61 43
31 77 7
72 50 76
87 20 34
81 10 21
13 21 66
51 16 27
32 37 66
55 53 41
70 76 34
65 67 94
54 53 41
18 52 18
35 47 80
32 70 10
47 71 88
56 5 34
70 2 68
36 32 43
51 49 10
87 76 18
11 27 78
67 2 10
95 32 88
61 34 88
65 67 69
56 51 68
67 5 76
38 77 52
60 5 19
26 77 74
61 5 92
50 40 92
31 53 41
31 67 94
81 76 49
8 56 96
11 49 10
11 47 94
12 20 79
72 90 52
72 18 18
72 77 76
51 16 39
69 5 76
54 53 67
11 49 27
13 40 78
31 32 50
62 52 34
81 5 10
27 21 92
38 50 18
10 86 21
95 5 53
79 99 98
13 44 98
10 90 60
81 20 21
37 72 42
98 64 34
81 99 98
72 74 71
42 96 2
51 19 42
79 10 98
56 72 68
58 56 78
62 64 67
8 60 96
67 51 76
13 21 78
38 18 18
36 48 69
87 64 21
11 16 27
11 27 96
32 21 10
74 19 42
31 61 61
65 48 61
28 71 32
10 86 71
12 72 79
55 53 67
69 72 34
10 77 52
81 5 34
72 50 60
95 31 92
32 21 78
98 6 67
79 99 77
11 49 39
31 12 94
12 19 39
11 27 68
60 71 32
87 52 18
31 53 67
11 72 42
65 48 43
98 76 18
98 20 49
65 48 50
10 48 50
67 72 31
58 56 94
50 29 94
27 21 78
28 32 53
61 71 32
8 27 78
31 96 2
81 6 49
16 77 71
54 53 74
31 77 67
14 67 94
38 74 52
36 67 61
10 67 61
81 99 77
47 71 19
81 10 98
26 47 2
60 71 92
81 44 31
87 64 18
28 31 92
55 77 41
70 76 68
81 99 31
87 76 21
13 94 77
69 2 34
14 48 50
65 12 43
87 20 67
74 20 10
31 77 2
42 96 67
79 86 77
10 90 71
74 49 10
58 56 68
35 29 96
81 10 31
55 84 7
83 74 52
79 10 31
35 56 78
61 71 92
72 50 52
28 5 92
14 48 43
79 44 71
58 60 80
56 2 34
27 70 66
11 60 94
28 32 92
26 47 41
74 20 39
65 12 50
81 20 18
13 99 21
42 47 2
98 52 49
38 77 76
10 50 18
51 19 10
58 47 96
13 70 66
10 86 77
87 76 49
11 56 78
60 71 88
95 32 19
81 2 10
61 31 32
28 5 53
31 12 69
50 37 66
69 51 34
38 74 71
31 47 67
75 70 66
10 12 43
56 76 31
31 47 7
55 53 74
50 47 94
60 31 92
60 32 53
10 44 31
36 67 50
74 72 10
65 61 43
36 67 94
51 16 79
13 80 10
51 72 27
51 49 27
31 61 43
11 27 94
56 76 34
32 21 39
10 10 21
31 84 41
8 56 80
8 29 68
70 51 10
47 31 88
8 56 68
95 5 92
67 76 76
61 5 19
37 19 79
81 64 49
83 18 52
27 40 10
81 2 34
31 77 74
28 5 32
54 47 41
62 6 18
74 72 27
11 16 79
72 74 76
18 52 49
12 49 39
81 5 68
11 60 80
74 72 42
83 77 52
83 90 60
98 64 49
35 47 94
8 47 68
81 94 98
16 50 52
65 48 94
32 37 39
8 47 80
50 47 68
61 32 32
60 34 92
81 6 67
81 20 34
26 77 2
54 96 67
18 6 67
81 64 21
28 34 32
51 20 42
61 34 32
51 72 10
54 47 7
81 44 98
14 61 61
58 27 80
31 12 50
55 53 7
95 5 19
26 47 74
11 20 10
54 77 74
75 70 10
11 29 94
83 77 60
12 20 27
72 18 60
8 29 96
50 21 78
69 51 68
31 32 69
61 31 19
50 27 68
14 12 61
54 84 7
79 99 21
11 19 27
11 29 80
36 12 43
37 19 10
38 50 52
62 52 18
14 32 69
11 72 27
82 94 21
13 86 98
67 76 34
56 51 34
12 72 39
18 20 21
75 37 92
81 76 34
42 84 7
11 47 80
95 34 19
70 72 34
98 52 18
65 61 69
67 2 34
74 72 39
70 51 31
61 31 92
67 72 68
35 60 94
11 72 79
56 72 76
28 71 92
95 5 88
58 29 96
35 56 94
37 72 10
11 56 68
95 34 92
50 70 92
69 72 68
13 86 71
62 20 67
83 90 71
95 71 92
11 60 78
54 84 74
75 37 39
10 32 94
54 96 74
37 49 27
10 12 94
13 40 92
10 61 94
42 77 67
65 61 61
18 6 34
18 52 67
14 67 43
42 96 41
28 5 19
65 61 50
35 56 96
35 29 78
50 21 66
47 71 92
37 49 39
35 29 80
82 86 31
13 37 39
42 77 74
87 52 21
13 94 71
54 47 67
83 74 18
35 27 78
81 10 71
51 19 79
50 70 66
79 86 21
58 56 80
11 19 39
75 21 39
37 49 79
14 61 50
13 37 92
75 40 10
50 70 39
35 60 68
37 20 39
79 10 21
31 53 74
75 80 39
50 40 39
55 77 2
98 6 21
31 84 7
31 67 69
60 32 88
55 84 74
10 18 52
14 48 69
10 50 60
81 51 76
50 56 94
95 34 88
74 49 39
65 32 69
14 67 50
12 20 42
37 20 27
10 48 61
81 6 21
75 80 78
12 49 79
67 51 10
14 12 69
8 47 96
26 53 2
70 76 76
72 77 60
55 96 41
26 84 2
31 96 67
31 32 43
50 56 96
82 86 77
10 61 61
79 99 31
75 37 66
13 86 21
65 32 94
55 84 2
42 53 41
32 37 78
13 21 10
70 72 31
62 64 18
36 12 61
70 2 31
47 34 92
54 47 74
54 77 7
16 77 52
18 76 21
50 60 96
61 31 88
18 6 21
58 29 68
31 61 50
27 70 92
31 61 94
27 80 92
82 99 31
37 19 39
81 64 34
72 50 71
82 86 21
13 70 10
50 40 10
98 52 21
87 64 34
10 32 61
31 84 67
12 20 39
56 2 10
37 16 42
26 77 67
50 29 80
55 96 7
11 20 27
62 64 34
60 5 88
38 74 76
50 37 78
69 72 76
16 77 18
70 72 76
61 32 88
35 27 80
67 2 68
26 47 67
82 94 31
54 77 41
50 40 78
14 48 61
74 16 10
42 53 7
16 74 60
81 52 21
98 76 21
38 74 60
70 51 76
32 70 78
18 64 34
70 5 31
42 84 74
79 10 77
26 96 7
42 77 41
74 16 27
36 12 50
65 12 69
55 47 7
67 2 31
56 5 76
65 48 69
37 19 27
54 96 2
18 64 21
61 34 92
10 67 43
13 94 21
26 77 7
8 60 78
56 76 76
36 48 61
35 29 68
12 19 27
82 44 71
42 53 74
36 12 69
65 32 43
61 5 32
67 72 10
16 18 60
16 74 71
12 16 79
50 56 68
67 5 31
56 5 31
83 50 60
70 5 10
36 67 43
11 19 79
28 32 19
50 27 94
27 70 39
26 53 67
83 50 18
36 32 61
8 60 80
31 77 41
72 18 52
16 50 71
87 20 21
79 10 71
27 37 39
10 90 76
10 48 43
82 10 98
32 40 78
10 74 76
11 60 68
61 5 53
13 10 31
31 61 69
56 2 68
47 32 88
27 37 10
31 96 41
37 16 27
8 60 94
60 34 88
81 2 31
26 96 41
10 10 71
65 12 61
13 94 31
32 70 66
38 77 71
10 99 71
70 2 76
98 20 21
35 60 80
58 27 94
61 32 92
32 40 39
95 31 53
37 72 79
98 52 34
10 44 21
81 64 67
55 77 67
13 86 31
79 86 98
47 31 53
75 80 66
27 37 78
32 21 66
32 37 92
54 84 2
35 27 68
87 6 18
31 96 7
47 32 32
27 80 78
62 20 34
51 72 79
37 49 42
36 61 94
75 40 78
37 20 10
72 74 60
11 29 96
11 27 80
75 40 92
10 48 94
11 47 96
18 76 34
38 90 71
72 90 18
13 21 92
58 47 94
27 21 10
42 47 67
31 48 50
26 77 41
95 34 53
10 44 77
54 53 2
13 99 71
11 19 10
81 51 31
38 77 60
10 32 69
74 49 27
13 80 78
11 20 39
72 18 71
69 5 31
74 19 39
16 77 60
60 71 53
10 99 21
35 60 78
82 44 98
65 32 61
54 53 7
61 5 88
10 10 98
27 40 66
10 50 76
42 77 2
13 44 77
70 72 10
18 76 18
81 76 10
69 51 31
55 77 74
37 72 27
95 71 32
11 29 78
65 67 43
75 40 39
87 76 67
27 70 10
51 20 10
58 29 94
27 80 39
35 60 96
13 70 78
95 32 32
79 94 21
12 72 27
79 94 31
37 16 10
18 20 34
27 40 92
62 6 21
62 76 49
83 50 52
14 67 61
82 99 98
50 21 92
47 34 19
42 96 7
10 12 61
69 2 68
65 67 61
81 72 10
98 64 21
50 27 78
50 80 66
8 27 96
16 50 60
83 50 76
54 47 2
31 67 43
16 74 18
50 70 78
50 40 66
27 80 66
27 21 39
67 51 34
31 84 2
35 56 68
42 53 2
16 74 76
18 64 49
47 32 53
83 74 60
54 77 67
65 12 94
42 84 67
69 72 10
47 34 88
38 74 18
95 32 92
37 20 42
16 50 18
11 16 42
18 6 49
31 48 94
87 76 34
75 37 10
62 6 67
12 19 10
26 96 74
65 67 50
27 70 78
56 76 68
87 6 21
79 99 71
81 76 31
50 27 80
13 99 77
62 6 34
67 76 10
36 48 94
98 52 67
51 49 42
70 72 68
11 56 80
87 6 67
70 2 10
32 80 92
28 5 88
83 90 52
12 49 27
51 19 39
51 72 39
67 2 76
47 5 88
31 48 43
83 77 76
47 31 32
50 37 10
31 12 61
14 32 94
51 49 39
95 31 19
27 40 39
13 86 77
47 71 32
50 27 96
38 50 76
47 34 53
32 40 92
55 47 67
31 12 43
50 70 10
62 6 49
62 52 67
75 70 78
67 5 34
27 80 10
36 48 43
31 96 74
83 90 18
81 52 18
36 32 94
82 44 21
74 19 10
60 5 32
58 27 68
8 29 94
56 2 76
11 20 42
69 76 31
60 34 53
58 29 80
72 50 18
10 12 50
10 99 31
13 44 71
27 40 78
12 16 27
10 74 71
54 96 41
13 44 21
11 29 68
31 48 61
70 76 31
69 2 10
56 72 34
69 2 76
60 34 32
38 50 60
10 61 50
79 94 98
81 20 67
81 76 21
12 16 39
28 32 88
32 40 10
12 19 42
47 5 32
16 90 71
61 71 88
8 47 78
60 34 19
35 47 78
13 99 98
75 80 10
12 72 10
58 47 80
36 61 50
16 90 76
50 37 92
37 20 79
69 5 34
56 2 31
37 72 39
82 10 71
36 61 43
81 76 18
55 84 41
36 67 69
72 90 60
72 77 18
12 49 10
31 67 50
70 51 68
51 49 79
67 51 68
12 16 10
13 40 39
74 49 79
87 20 18
26 96 67
10 50 52
28 34 92
58 60 78
69 76 76
95 71 19
95 31 88
81 2 68
14 48 94
38 90 52
10 77 76
62 64 21
36 61 69
81 20 49
79 86 31
95 34 32
35 27 96
81 44 21
42 53 67
81 99 71
61 71 53
67 72 34
12 72 42
11 16 10
51 20 39
51 16 42
74 20 42
35 56 80
42 47 74
11 72 39
32 70 39
32 70 92
8 29 80
16 50 76
79 44 31
81 76 68
82 94 77
82 44 31
10 77 18
14 32 43
56 5 68
38 18 52
61 32 53
13 94 98
32 21 92
14 12 94
60 31 32
79 86 71
38 77 18
98 20 67
11 56 94
81 52 49
16 90 52
62 20 21
16 18 18
16 77 76
10 94 77
47 31 92
87 52 49
81 52 67
28 31 19
50 56 78
83 90 76
60 32 19
18 52 34
75 70 92
10 44 71
65 61 94
26 47 7
38 18 76
54 84 67
72 77 52
31 84 74
74 16 39
70 76 10
81 94 77
38 90 60
10 77 60
18 20 67
75 70 39
42 84 41
14 67 69
79 94 77
28 34 19
26 84 74
26 53 74
83 74 76
38 90 18
47 34 32
55 96 74
31 47 41
8 27 68
31 53 2
38 18 60
69 76 10
31 67 61
83 77 71
58 60 94
50 29 68
11 49 79
10 18 71
27 21 66
50 37 39
10 44 98
42 47 7
35 27 94
79 94 71
37 19 42
50 47 96
81 5 31
26 53 7
87 52 67
11 49 42
81 76 67
8 27 94
55 53 2
67 76 31
18 64 18
11 72 10
55 47 74
55 77 7
10 94 71
36 32 50
36 61 61
10 32 50
82 94 71
13 80 39
50 29 96
10 86 31
81 86 71
8 47 94
32 40 66
62 52 21
69 51 76
11 60 96
79 44 98
81 44 77
37 16 39
