42 47 67
72 77 76
15 47 94
82 94 71
81 76 68
80 51 62
90 11 56
25 15 42
66 66 62
70 7 71
55 53 7
72 74 60
86 81 34
62 64 21
11 72 79
50 91 9
2 88 15
61 16 48
54 18 7
88 5 95
40 72 8
93 13 4
56 68 90
80 56 46
82 62 20
36 12 94
94 5 47
45 84 88
9 4 3
78 52 13
24 65 3
65 32 69
19 27 72
64 52 71
16 77 52
27 21 92
65 64 56
35 81 54
58 27 94
72 90 18
32 40 39
28 5 74
88 24 39
42 73 33
20 23 26
97 9 88
58 56 94
67 80 76
40 67 72
69 10 30
6 4 14
30 52 61
75 70 66
70 5 31
87 76 49
83 15 89
83 50 71
63 98 67
5 43 87
78 93 10
81 64 49
75 70 89
50 42 68
62 8 98
16 9 2
42 77 7
74 25 1
20 62 50
53 16 37
84 61 39
22 68 59
70 56 55
66 96 72
90 22 13
22 30 46
93 3 55
34 62 1
7 68 9
93 76 66
51 92 95
64 4 23
59 94 44
86 20 26
1 40 72
11 13 88
67 86 13
6 76 28
31 24 20
20 35 72
67 47 24
87 6 49
13 37 39
77 59 69
71 86 60
12 12 14
44 27 60
16 55 28
68 10 68
96 22 52
21 67 68
46 37 45
23 43 32
81 86 21
87 47 76
37 39 90
70 31 27
12 45 55
82 69 30
20 59 99
51 21 30
11 53 93
53 8 1
38 55 72
76 85 74
35 32 0
40 57 13
87 23 42
11 60 68
29 27 92
6 87 83
5 63 54
69 76 34
85 21 81
93 67 51
4 15 19
1 17 88
60 5 5
84 34 77
78 3 1
16 96 95
52 7 7
46 14 77
37 68 24
72 18 90
32 78 81
78 68 48
46 99 15
60 50 52
90 70 55
98 8 30
89 76 18
56 51 68
70 51 10
40 26 27
91 96 60
96 90 63
10 31 27
51 7 66
97 0 55
51 38 94
74 93 18
42 82 66
73 78 39
44 46 86
98 0 75
56 38 6
79 69 7
3 79 44
44 21 64
83 10 1
71 17 14
6 23 70
34 60 28
83 14 31
47 5 32
13 99 21
49 59 42
32 61 63
99 11 67
74 31 94
87 7 23
58 47 78
49 38 43
97 37 92
95 85 73
36 18 40
49 95 16
86 75 45
1 55 98
75 2 16
83 80 33
71 66 20
79 15 2
36 96 74
63 72 79
15 53 16
25 38 36
54 55 85
26 89 14
27 27 75
86 40 15
4 99 69
74 5 70
0 3 91
24 33 53
75 68 54
44 3 6
73 13 88
19 42 50
12 53 39
79 99 98
19 86 81
58 89 16
73 55 95
35 55 13
28 56 75
87 83 88
65 63 67
12 73 60
77 93 18
66 21 40
97 26 86
36 61 23
31 50 82
53 59 39
81 34 51
86 74 9
65 52 67
89 4 75
21 20 5
65 70 86
44 47 30
61 78 4
32 94 1
92 96 13
86 51 8
86 49 47
22 70 11
12 75 51
77 57 51
49 71 34
47 32 19
11 3 88
52 65 78
37 47 99
16 86 61
19 74 80
56 55 90
57 88 98
38 68 97
98 17 40
27 36 29
97 7 73
91 77 24
66 93 65
18 52 34
73 4 84
79 99 75
26 73 80
73 5 60
73 96 27
85 21 8
92 26 70
39 30 44
34 20 16
57 49 74
86 4 63
5 9 94
31 93 75
90 32 51
85 66 49
87 22 74
55 10 29
65 57 53
54 84 40
81 45 43
9 41 95
48 36 96
80 48 1
73 87 15
23 34 60
35 73 62
71 95 36
37 17 28
56 31 96
88 96 33
27 66 65
89 47 79
65 61 50
61 71 92
74 10 78
3 6 30
58 33 17
36 74 8
61 91 26
43 72 36
78 6 64
50 83 87
18 63 93
52 11 60
94 87 83
94 44 34
52 56 68
7 62 69
49 4 63
66 23 9
26 88 51
92 23 11
66 71 87
20 90 96
16 50 60
71 97 1
3 98 96
33 29 77
97 69 21
0 30 27
36 71 8
81 10 21
86 0 64
64 19 1
33 29 67
41 18 29
76 64 79
10 97 59
31 24 7
3 79 38
89 8 12
63 32 61
71 16 64
44 77 27
10 21 16
37 85 7
70 79 60
27 9 56
83 80 15
99 8 79
86 68 50
69 47 0
66 49 85
61 33 26
52 41 83
19 32 12
43 63 3
54 5 60
51 68 28
85 30 80
52 65 16
98 64 21
2 21 7
51 5 11
99 4 94
83 33 27
83 20 24
42 47 22
92 9 13
37 47 68
15 25 65
44 64 17
77 27 43
51 10 46
55 55 5
71 9 94
13 8 29
25 60 23
23 28 21
48 91 92
77 12 33
35 21 92
87 33 45
82 90 44
0 66 5
84 56 96
48 85 70
16 6 69
37 3 8
49 35 38
35 99 70
25 5 32
44 69 69
40 11 22
11 56 24
75 43 62
17 16 72
20 65 10
92 32 87
90 95 55
24 67 21
32 6 33
15 18 20
24 95 30
52 56 48
61 15 13
59 79 44
38 87 48
96 43 27
37 92 13
10 48 17
82 99 98
55 18 69
39 27 19
96 98 67
98 32 16
40 10 83
30 91 14
23 16 80
74 46 6
83 1 83
3 71 32
5 20 82
90 61 50
15 71 66
12 54 15
31 34 12
33 49 37
57 72 9
28 22 91
8 48 50
51 13 74
97 30 84
67 76 76
7 86 49
4 94 95
9 25 20
47 12 31
39 33 69
2 83 55
84 40 70
45 64 5
84 29 14
38 0 50
20 92 43
17 68 32
67 56 16
93 53 72
11 82 77
86 36 39
53 70 72
95 75 18
37 5 79
21 62 10
32 1 80
50 3 77
85 84 11
19 29 10
83 50 17
88 96 51
86 86 24
83 61 15
51 96 58
73 57 48
53 80 73
76 91 96
45 64 96
35 6 65
26 83 59
13 92 40
68 93 5
13 60 31
76 16 48
47 61 5
6 7 91
63 50 20
60 97 65
6 24 20
23 77 97
80 43 29
13 28 92
75 82 80
4 63 65
20 16 13
9 58 84
40 56 24
52 84 33
16 54 64
30 7 32
46 1 91
80 37 28
49 81 30
26 42 74
14 99 62
87 83 41
36 46 14
93 96 14
85 93 33
34 39 97
95 81 89
54 9 90
65 33 89
86 30 49
95 65 61
96 28 91
57 41 49
77 48 21
6 29 99
33 18 24
73 46 15
15 0 82
47 23 71
5 12 96
76 80 77
51 0 58
37 96 78
16 86 94
88 45 37
6 65 68
69 51 68
85 59 88
85 64 23
83 95 77
76 95 68
47 89 58
89 6 92
47 42 36
10 21 99
55 50 64
15 92 5
42 24 82
41 93 59
38 73 3
90 20 93
25 80 55
5 68 58
0 99 25
82 34 6
26 40 80
47 41 70
63 0 81
92 87 96
42 30 43
41 34 80
80 46 19
76 86 56
17 42 42
27 24 4
60 50 66
69 59 10
72 73 8
33 0 6
28 68 78
51 64 71
2 81 58
92 21 11
63 81 62
94 35 22
46 41 77
33 87 32
79 49 52
69 39 16
10 5 8
68 75 16
68 53 93
91 10 86
62 45 6
99 39 71
43 31 17
77 51 68
17 25 81
54 10 16
65 46 50
71 55 98
27 70 78
42 6 33
31 77 13
33 74 14
33 57 22
96 83 22
59 74 8
68 62 60
84 66 83
95 97 38
10 36 4
10 68 3
29 40 61
79 86 77
45 53 10
38 84 90
87 3 17
78 14 68
12 36 72
20 28 50
38 95 54
8 2 93
25 5 65
35 26 32
67 51 76
42 19 48
77 24 7
84 73 54
33 8 49
54 4 8
64 98 12
60 50 26
98 67 77
79 29 1
95 34 53
67 15 26
60 32 88
29 33 2
83 49 33
90 54 7
79 13 66
59 58 79
33 88 41
50 47 80
13 7 7
70 1 91
88 46 32
6 16 18
78 51 62
67 10 86
40 65 54
85 73 21
29 40 51
57 0 72
52 88 44
10 10 31
52 0 49
6 59 44
77 41 92
80 17 52
89 14 33
78 91 99
75 33 60
72 20 56
47 74 91
93 30 59
16 74 92
51 77 49
5 78 78
85 27 91
12 23 88
35 88 47
8 7 35
16 95 93
49 50 18
51 25 5
84 7 4
46 73 4
20 26 12
54 22 69
72 44 5
99 11 10
5 77 10
23 10 35
28 50 64
67 13 69
47 49 95
32 20 57
66 5 85
94 85 16
2 19 68
45 8 22
39 48 86
24 64 30
41 16 93
44 98 55
36 6 90
20 21 91
69 45 86
6 29 37
80 70 84
16 75 76
19 20 92
90 50 69
37 73 53
14 92 79
89 82 98
40 70 3
78 2 96
79 66 63
90 27 17
85 94 57
88 7 84
11 51 34
28 86 88
67 10 48
25 50 85
50 69 83
14 1 92
91 5 69
90 72 2
52 15 97
12 19 10
30 80 17
52 92 0
17 87 61
45 0 19
10 85 12
20 12 38
49 94 86
24 21 24
11 49 10
18 71 83
11 16 79
30 84 43
33 59 37
37 10 9
39 13 22
65 95 51
36 99 81
30 79 47
88 39 29
2 22 58
86 31 2
38 50 76
69 35 32
81 52 34
34 2 2
75 0 59
29 61 26
52 27 34
50 35 26
16 94 87
79 5 37
86 48 37
54 29 81
10 62 3
26 0 0
57 86 52
75 70 10
70 82 56
4 37 95
69 28 53
20 47 81
43 41 36
80 66 70
28 91 88
54 67 82
76 0 21
13 0 36
74 0 70
65 85 75
95 71 88
50 40 78
61 62 53
29 97 16
14 12 50
8 27 99
80 44 96
81 6 64
30 55 39
33 86 21
26 5 72
82 81 40
24 47 68
9 64 24
17 41 81
73 10 16
49 45 39
74 21 90
71 95 99
21 98 52
48 66 82
23 13 96
69 24 86
68 72 3
82 99 31
63 31 34
7 93 94
74 98 68
76 38 88
94 37 0
32 40 13
98 77 37
95 32 88
16 94 33
64 83 33
49 80 93
66 2 62
0 27 86
62 21 46
47 98 13
21 62 39
51 19 47
25 54 46
1 47 5
31 26 43
41 21 20
56 42 56
39 58 52
73 41 96
45 79 61
54 47 53
41 66 44
96 35 5
95 13 0
78 84 75
79 53 57
85 3 73
79 61 43
7 59 89
74 22 59
16 33 61
50 65 37
34 30 57
87 22 5
50 49 86
11 67 12
10 32 61
21 1 19
44 13 24
7 17 62
51 51 78
45 67 2
8 86 5
8 95 56
6 86 86
66 37 28
42 17 29
53 94 38
81 58 51
17 97 30
68 66 95
71 18 19
36 52 1
42 49 89
81 23 42
12 47 21
75 91 81
81 20 21
8 42 23
67 9 95
92 84 5
39 38 57
10 48 14
76 1 21
17 78 79
31 1 11
24 46 19
65 55 95
36 64 38
45 78 57
45 10 59
18 78 38
90 67 95
8 19 6
41 41 11
83 16 94
49 50 49
43 70 0
43 22 38
59 52 46
36 68 4
84 82 15
37 59 55
25 7 51
8 19 98
9 6 75
21 63 4
0 6 87
70 57 85
42 10 9
53 26 36
47 80 45
63 38 50
68 9 60
65 45 33
87 8 82
10 48 69
51 29 46
92 12 70
49 63 38
99 86 38
70 56 79
88 80 34
26 47 42
40 62 1
35 16 99
41 83 63
86 77 99
31 51 68
37 33 54
1 36 78
95 31 88
40 64 39
95 11 26
28 71 22
50 14 73
45 36 34
78 57 87
38 37 45
49 79 39
94 42 29
89 12 35
7 66 52
18 58 61
24 74 46
74 46 54
17 13 98
5 47 47
99 87 60
81 55 56
4 55 97
77 44 85
40 59 54
44 52 94
16 51 96
75 81 99
99 38 56
70 83 12
77 30 15
32 80 11
37 7 70
54 96 67
93 10 16
50 85 32
10 96 73
88 27 33
95 27 65
63 88 13
89 15 6
33 75 88
99 2 16
31 65 99
9 80 92
73 51 55
94 92 94
19 48 45
20 8 57
42 74 94
33 76 92
28 33 39
57 68 62
60 51 19
1 18 92
29 48 90
89 24 2
13 72 27
75 40 78
37 27 50
24 57 90
47 84 31
3 98 34
56 38 77
35 75 14
89 43 7
6 62 80
29 77 80
24 15 36
10 61 61
37 72 39
29 24 23
51 45 8
82 36 12
70 11 38
13 22 7
34 45 68
84 15 6
39 95 66
57 12 13
79 59 43
61 24 29
47 17 58
95 40 6
96 79 39
26 33 72
28 90 30
86 76 46
54 85 95
20 83 87
37 0 12
93 31 82
2 80 26
34 48 33
77 42 36
35 42 9
19 65 4
52 87 66
11 75 12
47 46 47
58 48 59
3 6 19
85 64 39
26 13 0
66 51 17
74 52 6
67 61 51
73 51 88
90 50 12
22 80 94
90 37 67
52 71 34
38 95 64
10 38 33
10 97 28
62 40 27
56 67 63
51 34 89
84 49 84
56 23 63
5 3 68
90 91 44
26 10 8
48 20 88
13 90 10
40 15 60
61 79 15
65 48 94
25 99 69
34 6 59
0 61 4
87 66 38
16 82 0
22 95 88
47 64 64
64 48 37
47 18 58
91 15 70
39 42 97
23 99 41
