87 52 67
37 19 79
51 20 42
11 20 79
81 72 76
16 77 52
13 40 10
31 48 69
27 21 92
79 94 21
42 53 67
83 77 71
65 32 94
10 32 69
60 5 92
16 74 71
10 94 71
67 5 31
81 20 34
31 96 41
31 84 7
87 64 67
87 76 34
56 76 10
69 72 31
62 52 21
38 90 60
56 51 31
81 44 31
83 90 52
36 12 43
51 49 42
27 80 92
65 32 43
81 10 77
18 6 49
31 84 67
51 16 39
10 10 71
10 32 61
31 32 61
81 72 31
31 12 69
60 32 88
13 99 71
69 72 76
37 20 39
74 49 42
79 86 31
74 20 42
12 49 27
18 64 67
10 77 76
70 76 34
13 44 31
10 86 71
50 60 94
31 53 2
32 21 66
13 94 98
98 52 67
74 72 79
10 18 60
47 5 88
81 52 34
81 10 71
74 19 10
8 60 96
81 52 21
56 72 76
10 50 52
54 77 74
82 10 21
28 31 53
50 37 78
83 50 18
81 2 31
61 31 32
58 56 94
18 52 67
81 2 76
10 67 94
50 29 68
32 70 10
82 86 31
58 47 94
98 6 67
56 5 76
26 77 67
50 47 94
11 16 42
58 56 68
98 6 18
38 50 71
18 64 34
50 56 96
10 44 77
31 12 94
28 32 19
10 99 71
83 77 52
10 67 43
32 40 39
81 20 18
11 72 39
75 37 92
11 72 27
18 6 18
31 96 74
83 77 18
62 52 18
11 47 94
10 48 69
11 60 96
74 19 79
14 12 94
10 48 94
27 37 92
10 10 21
61 32 88
13 21 10
74 72 27
82 44 71
56 72 34
32 21 78
95 5 88
74 16 27
83 74 18
65 12 61
36 12 61
81 10 98
65 67 61
51 49 79
79 94 31
47 71 32
18 76 49
10 86 98
13 70 66
32 70 66
81 52 49
54 53 74
81 99 77
83 50 60
54 96 67
62 64 18
61 71 53
62 20 49
81 99 98
56 76 68
74 20 79
82 99 31
10 67 61
35 47 80
60 31 53
10 61 61
50 40 10
38 74 60
35 27 94
36 32 50
12 19 39
72 90 18
55 53 2
50 21 10
55 84 7
72 50 18
28 32 88
50 70 66
26 84 7
58 27 96
79 10 31
28 31 32
75 21 39
50 80 10
27 70 92
13 99 31
55 53 67
10 44 21
60 71 88
72 74 60
10 74 52
72 50 52
16 18 18
81 76 31
72 74 52
51 19 42
79 44 71
81 20 67
42 96 7
36 67 61
27 37 78
18 20 21
50 21 66
10 67 69
36 67 94
26 53 41
58 60 68
61 32 92
42 84 7
27 70 78
10 90 71
38 90 76
60 5 19
81 51 76
11 47 78
35 27 68
13 44 77
12 16 79
58 29 78
83 74 71
11 19 10
18 20 67
11 16 27
14 32 69
35 29 68
31 67 50
11 19 27
51 49 10
14 12 69
47 5 53
50 40 66
81 44 77
47 5 32
18 64 18
13 37 39
62 64 49
69 5 10
65 32 50
28 31 92
67 51 31
79 10 21
12 19 27
60 31 19
16 74 52
75 70 39
18 52 21
50 37 66
98 52 21
74 49 27
87 64 21
11 56 94
83 90 60
67 2 10
10 99 98
37 49 42
62 6 49
70 76 68
13 10 98
37 72 10
75 37 39
81 86 77
74 16 10
38 90 18
11 20 27
69 76 10
75 40 78
14 67 69
61 32 32
87 76 18
81 20 21
8 29 68
47 71 53
51 72 10
8 29 94
31 61 61
18 76 67
75 21 92
13 37 10
75 80 39
26 96 67
35 29 78
56 2 34
36 12 50
42 47 7
27 40 10
13 44 21
16 50 60
55 84 67
12 20 39
28 71 19
42 47 41
81 76 49
58 56 80
70 5 31
16 18 71
10 99 31
26 77 41
8 27 80
16 18 76
8 27 68
69 72 34
81 6 67
75 40 39
67 2 31
51 49 27
56 2 10
50 29 80
83 18 76
62 52 67
61 31 19
54 53 7
13 99 98
72 90 76
13 10 31
67 76 68
31 84 41
50 47 68
32 37 92
98 76 21
31 61 50
31 67 43
13 86 31
61 71 92
54 84 74
82 99 21
56 5 10
10 94 77
65 67 94
37 19 39
54 96 41
12 72 79
69 2 76
70 51 31
50 80 66
8 47 96
11 29 78
31 77 41
74 19 39
18 6 21
27 40 39
67 72 76
32 70 39
50 27 68
47 34 53
54 47 74
58 29 68
13 80 92
81 51 34
11 27 78
98 52 34
54 47 41
95 31 53
42 77 7
35 29 96
37 20 10
38 18 60
65 32 61
11 72 79
82 94 71
74 19 27
81 86 21
31 61 94
62 20 67
28 5 88
61 71 32
10 94 98
51 72 27
18 76 18
83 74 76
50 47 78
69 2 68
37 19 27
75 40 66
61 31 53
67 72 10
31 32 94
38 90 71
67 76 76
13 40 78
47 32 92
95 34 19
54 84 2
51 19 27
8 60 80
54 96 74
10 10 98
82 44 77
56 76 31
75 37 78
31 61 69
10 90 60
67 51 10
31 53 74
54 53 41
82 10 31
81 86 71
8 29 80
60 32 32
98 76 34
13 21 92
31 96 67
61 34 53
58 56 96
98 64 67
38 18 76
56 5 68
35 56 68
79 86 77
65 61 43
75 80 92
58 47 68
37 16 39
69 51 76
16 90 76
12 20 10
37 49 10
38 74 18
10 44 98
31 47 67
81 64 49
10 94 31
58 29 96
26 53 2
81 76 21
8 47 94
13 37 66
62 20 21
58 60 96
12 72 10
81 20 49
16 90 71
31 77 2
81 2 68
58 27 80
13 80 39
58 60 78
36 67 69
79 99 77
83 74 52
36 32 69
13 80 78
47 32 19
60 5 88
65 48 43
69 76 68
70 51 68
14 32 94
16 50 71
37 19 10
28 31 88
37 20 79
60 34 88
26 47 67
62 20 34
10 67 50
37 20 42
74 19 42
87 76 21
10 61 50
81 5 76
61 5 32
50 40 78
79 86 98
60 5 32
11 20 42
18 64 49
8 47 78
47 31 19
51 20 79
81 72 68
16 90 18
13 80 66
50 29 94
54 47 7
11 16 79
37 16 42
38 90 52
79 94 77
54 84 41
62 64 21
81 5 34
98 6 34
98 64 34
67 2 68
32 40 66
61 34 92
32 80 78
26 84 2
87 64 34
50 80 92
37 49 79
13 86 77
11 29 94
14 48 50
61 32 53
82 44 98
11 19 79
8 27 96
18 64 21
18 6 34
51 72 39
69 2 10
61 5 88
38 50 60
79 86 71
13 44 71
79 10 71
28 34 19
14 48 43
54 84 7
60 32 19
70 2 31
81 99 21
36 48 61
31 48 50
70 76 31
69 5 76
81 10 21
36 32 61
32 21 10
27 21 39
98 20 67
75 40 10
10 48 50
13 80 10
38 74 71
54 77 67
42 96 41
26 53 67
72 77 52
12 20 27
61 34 19
60 71 32
32 40 10
14 61 43
70 51 76
50 80 78
50 70 10
87 6 34
65 61 94
27 37 66
26 47 2
10 86 31
58 29 94
56 2 68
50 56 80
13 94 77
98 76 49
82 99 71
10 77 18
47 31 32
11 72 10
65 61 61
50 56 68
16 74 18
10 18 71
95 5 53
11 47 80
35 56 94
55 77 67
61 5 92
65 12 69
83 18 52
14 32 50
38 74 76
12 16 10
47 34 88
83 18 60
8 60 68
50 47 80
50 27 94
36 61 61
67 76 34
58 27 94
11 49 10
8 60 78
35 47 68
82 99 98
82 44 31
58 47 80
38 18 71
61 71 19
14 67 94
10 32 94
8 56 96
95 34 92
50 29 96
81 6 34
36 61 43
37 49 27
72 18 52
27 37 10
28 5 32
10 86 21
55 84 41
11 49 79
87 20 21
79 44 98
42 53 41
70 5 10
75 70 66
74 16 79
79 10 98
50 47 96
95 31 19
31 53 41
36 61 50
82 44 21
11 20 39
31 77 74
11 27 68
16 77 18
12 20 79
58 47 78
31 67 61
16 74 60
12 72 39
62 6 21
95 71 32
54 47 67
14 61 69
8 60 94
87 6 18
10 44 31
12 49 10
81 44 21
67 51 76
95 31 92
55 47 74
79 44 21
37 20 27
81 51 10
79 10 77
50 70 78
42 47 2
65 12 50
81 94 21
54 47 2
87 20 49
42 53 2
98 20 21
42 53 74
54 77 7
11 72 42
36 48 69
13 21 39
61 5 53
98 64 49
83 18 71
28 5 53
70 2 76
47 32 88
27 40 92
70 76 76
72 18 18
50 29 78
31 48 43
16 18 52
18 52 18
81 6 21
74 16 39
36 61 94
27 80 10
18 20 34
70 2 68
35 60 78
81 6 18
70 72 34
67 5 10
11 27 96
69 76 34
58 29 80
37 72 27
87 64 49
27 21 10
56 51 34
98 20 34
31 48 61
61 32 19
60 71 53
42 96 74
83 90 76
62 20 18
72 18 71
8 47 68
51 16 79
67 72 34
13 86 71
31 12 50
16 90 60
14 32 43
8 27 78
32 21 92
65 67 69
62 52 49
54 84 67
51 19 79
60 31 92
47 71 92
69 5 31
32 70 92
38 18 18
31 53 7
83 77 76
42 84 2
95 71 88
81 64 21
13 94 31
31 61 43
42 84 41
83 74 60
10 99 21
12 72 42
11 60 78
31 47 2
12 49 39
14 67 50
38 50 18
65 12 94
50 21 78
95 34 88
10 77 52
75 70 78
11 16 10
13 94 21
31 84 2
8 27 94
47 34 92
74 20 39
70 76 10
81 5 68
13 70 78
37 16 79
10 12 43
13 37 78
11 16 39
42 77 67
16 50 18
75 37 10
81 52 67
35 60 96
13 40 66
72 18 60
18 6 67
27 40 66
95 32 88
98 20 49
69 72 10
65 61 50
81 2 34
47 71 19
62 76 21
62 76 67
10 10 77
31 12 43
61 5 19
50 37 92
69 51 10
56 51 10
81 64 67
37 19 42
50 60 96
54 77 2
10 74 18
60 34 53
60 31 32
26 96 74
10 50 60
56 5 34
10 50 76
95 5 19
13 21 78
28 34 32
28 32 92
12 19 79
14 12 61
10 74 60
14 67 43
65 48 61
75 70 92
12 49 79
28 32 53
81 64 18
81 99 71
58 27 78
13 86 21
31 32 43
26 47 7
62 6 18
8 29 96
11 49 42
31 48 94
98 6 21
12 49 42
72 18 76
79 99 98
36 48 94
31 67 94
10 99 77
79 44 31
62 6 34
37 49 39
10 48 61
95 32 32
60 34 32
82 86 98
83 50 76
11 47 68
55 77 7
70 72 68
50 21 39
55 96 41
82 94 98
13 10 21
35 47 78
10 12 94
81 72 34
31 47 7
82 86 21
81 76 68
72 74 76
36 12 69
12 19 10
11 56 68
60 34 19
16 50 52
18 20 18
32 37 10
70 2 34
27 80 66
50 27 80
75 70 10
51 16 42
13 10 77
11 20 10
10 61 69
83 18 18
81 52 18
81 6 49
18 52 49
60 31 88
47 32 53
14 48 61
82 86 77
58 60 80
65 32 69
26 47 41
32 40 92
38 18 52
87 6 49
54 53 67
36 48 43
58 27 68
55 53 74
82 94 77
36 32 43
16 18 60
83 50 52
35 60 80
65 67 43
16 74 76
54 77 41
42 77 74
72 77 60
28 31 19
81 94 98
13 40 92
87 20 34
81 86 31
55 77 2
81 76 10
11 27 94
72 90 60
58 47 96
56 2 76
14 48 69
67 72 68
11 56 96
14 12 43
83 50 71
50 56 94
56 51 76
74 49 10
26 84 67
31 12 61
13 10 71
51 19 39
27 40 78
95 71 19
81 94 71
79 99 31
87 52 18
35 60 94
16 77 60
72 50 60
58 56 78
50 70 39
35 29 94
55 47 41
26 84 41
81 99 31
18 52 34
56 76 34
75 21 66
27 80 39
51 19 10
11 19 42
16 77 71
60 71 19
38 50 52
11 47 96
10 90 52
35 27 78
10 74 76
62 76 18
98 76 67
32 80 66
35 56 80
47 32 32
42 96 2
10 74 71
31 67 69
10 32 43
38 50 76
13 37 92
35 47 94
42 53 7
18 20 49
95 5 92
31 96 7
35 27 96
67 5 34
35 47 96
79 86 21
26 77 7
81 76 18
95 31 32
32 70 78
87 52 49
62 52 34
61 34 88
65 48 50
98 76 18
55 53 7
13 94 71
42 77 2
83 90 18
67 51 68
62 6 67
56 2 31
28 32 32
87 64 18
32 37 78
70 72 10
58 60 94
65 12 43
55 96 2
31 32 69
82 10 71
8 29 78
62 76 34
81 44 71
35 27 80
14 61 50
13 99 21
10 18 18
67 2 34
12 19 42
65 48 94
70 72 76
36 48 50
81 76 67
87 20 67
32 37 39
82 86 71
11 60 80
28 71 92
8 56 68
62 64 34
75 40 92
79 99 21
51 20 39
26 53 7
75 21 78
42 84 74
69 51 68
70 5 68
26 77 74
32 80 92
81 5 31
70 5 76
98 64 21
10 61 94
54 96 2
18 76 34
81 5 10
65 48 69
10 77 71
82 10 77
32 80 39
62 76 49
67 72 31
11 56 80
98 52 49
54 96 7
81 94 31
10 50 18
47 31 88
11 60 94
81 10 31
26 77 2
