7 83 37
80 83 37
29 99 66
22 19 58
32 96 52
98 58 25
94 28 59
2 75 92
24 75 74
0 54 88
89 15 19
58 34 9
86 23 3
70 1 33
80 38 91
21 59 96
46 20 16
13 45 49
40 54 58
56 21 71
16 74 8
77 94 20
62 44 83
88 60 95
95 24 15
44 45 83
26 33 87
30 78 83
72 81 22
0 0 5
27 54 40
94 91 69
42 85 92
98 1 25
25 4 71
7 2 88
56 38 69
44 23 56
49 75 81
2 8 75
34 85 81
28 52 29
56 63 51
61 35 37
66 81 16
58 34 32
87 21 48
33 3 41
30 76 82
15 52 82
44 50 40
89 19 32
71 42 52
30 4 59
66 6 98
17 66 91
6 13 69
44 63 18
3 2 28
90 71 94
12 94 12
98 47 27
39 72 13
47 38 43
26 36 97
15 50 58
62 5 72
42 41 50
27 86 2
9 0 87
80 28 94
39 70 81
70 27 29
74 52 73
88 83 72
75 39 94
29 78 70
95 4 6
13 99 42
30 57 60
4 18 67
16 16 49
92 72 34
94 83 73
57 67 89
71 66 8
60 89 27
33 40 56
77 33 3
29 34 48
64 19 22
93 14 12
81 88 79
76 2 2
65 44 55
47 4 81
51 43 4
87 3 80
95 49 27
65 13 55
42 58 85
26 23 14
29 31 89
71 0 21
21 35 29
26 53 38
9 32 33
39 8 58
6 38 87
6 61 55
89 27 83
43 7 79
82 68 6
37 79 91
0 82 72
77 26 14
28 30 95
61 34 48
76 26 55
44 1 98
14 24 26
95 7 62
78 53 77
9 70 13
95 32 3
26 80 6
80 41 68
48 1 14
5 92 33
96 70 46
84 27 8
36 12 84
3 78 82
43 88 14
10 15 11
31 12 87
51 13 52
36 39 39
99 59 21
55 94 14
39 47 21
95 36 86
31 84 3
97 41 10
50 92 16
57 82 79
17 28 61
28 66 63
13 46 33
14 19 88
85 57 9
0 29 37
12 36 99
93 48 34
5 51 20
45 4 71
57 10 9
10 88 47
38 86 83
66 83 77
8 83 72
13 99 57
27 77 15
77 60 87
34 50 87
29 76 19
17 10 8
35 97 95
72 51 73
6 56 86
18 9 72
3 68 62
9 49 61
2 72 92
2 52 44
83 39 94
90 99 87
81 65 93
93 13 69
67 45 89
61 50 16
63 84 19
91 21 3
89 61 45
99 85 83
12 6 5
50 28 10
16 37 96
2 92 4
81 75 79
17 81 63
56 97 56
28 76 80
18 97 31
55 8 1
8 15 14
89 28 55
51 22 62
90 73 26
97 2 41
66 26 73
72 5 14
21 88 43
8 29 32
93 33 33
2 9 21
87 75 60
52 80 51
24 95 60
0 43 86
13 52 8
97 66 49
17 18 83
88 25 84
43 34 93
59 41 3
58 64 75
30 86 23
58 1 90
71 65 37
31 52 58
67 89 44
44 27 32
45 99 90
22 63 2
2 47 33
49 71 49
36 59 25
87 81 21
4 14 43
10 7 36
4 29 86
44 54 8
78 48 84
54 77 65
61 89 82
99 56 45
6 35 2
67 94 62
59 91 45
28 82 49
71 43 48
32 14 54
31 52 33
68 10 45
46 64 98
0 8 72
46 50 3
76 44 76
0 21 50
6 46 92
31 42 19
45 27 52
87 8 34
23 39 11
52 88 99
37 23 20
58 20 25
92 2 68
29 64 54
49 35 83
2 37 43
99 75 71
22 43 97
78 26 99
79 28 24
19 15 64
14 63 76
78 62 27
85 82 10
80 63 25
46 73 84
7 71 31
90 39 72
36 94 65
53 20 39
35 88 55
9 80 91
25 23 83
33 90 66
13 7 83
81 88 93
18 9 55
16 24 16
50 21 52
8 23 5
52 13 20
10 49 71
57 43 26
54 8 48
90 33 88
59 23 14
99 3 4
29 2 21
13 20 26
16 14 75
67 68 45
65 48 25
39 14 80
8 21 65
70 21 38
79 33 93
47 83 90
55 25 54
26 9 71
22 12 51
45 10 42
66 94 18
76 26 43
73 94 5
9 70 42
21 63 48
53 63 41
30 27 31
58 49 87
70 99 86
62 0 27
53 78 10
92 3 7
31 1 49
72 45 83
91 20 25
24 29 83
34 45 45
12 83 38
30 51 2
11 8 55
15 59 34
10 14 77
81 12 2
94 4 32
24 6 1
73 75 18
58 4 81
31 21 41
76 69 8
82 23 10
80 95 37
3 3 43
80 85 81
52 89 91
29 53 41
51 31 35
68 1 16
54 76 88
58 30 10
64 80 15
81 75 74
7 3 48
93 94 83
72 64 88
98 83 23
32 21 68
94 29 2
40 70 51
41 95 64
80 15 41
45 76 18
61 18 85
68 49 98
72 38 47
59 46 13
98 92 22
43 26 38
51 46 83
23 77 59
69 24 31
71 9 93
97 34 34
38 6 24
52 34 39
56 20 56
34 93 18
86 85 47
51 7 54
49 99 8
33 33 98
30 93 50
72 40 94
72 35 77
82 88 99
82 95 17
96 48 42
27 73 94
54 8 14
54 98 13
96 79 81
67 25 62
40 27 24
68 24 90
48 27 6
10 74 5
43 53 47
94 24 14
79 54 70
18 71 65
22 3 87
65 95 68
71 45 72
54 39 59
8 79 13
79 39 9
39 39 33
22 9 51
9 37 2
24 80 68
62 44 6
86 91 97
35 90 39
20 24 16
40 24 87
97 2 69
63 2 49
82 83 18
60 69 74
62 23 6
86 5 84
24 52 74
27 63 30
63 42 13
22 14 3
81 56 30
8 91 2
4 65 83
83 27 30
67 29 92
34 9 23
18 6 86
86 60 71
16 80 24
50 28 75
42 57 35
46 53 86
44 49 26
57 95 78
98 4 6
32 29 80
63 3 42
74 87 50
14 4 58
31 55 88
95 11 44
79 95 45
54 84 32
50 4 25
83 22 82
13 24 5
46 71 38
33 52 78
11 51 26
34 89 68
40 72 96
20 70 89
0 74 59
47 21 10
23 18 30
49 79 6
49 81 11
82 39 79
96 26 94
83 33 12
30 0 64
63 30 93
31 58 13
7 22 10
26 85 79
45 67 79
36 28 52
55 88 67
41 9 83
37 65 89
1 80 64
86 85 36
0 90 97
74 80 87
7 92 92
35 30 8
7 47 28
45 64 5
75 2 1
72 44 10
31 81 26
69 98 2
28 84 42
2 56 59
48 22 83
23 1 73
27 16 52
72 31 17
17 89 32
81 27 38
14 81 88
31 65 19
76 51 83
88 25 48
72 48 41
39 93 11
79 68 72
21 88 83
59 39 72
68 69 37
42 17 14
66 69 60
36 50 50
14 13 90
61 42 60
78 7 9
21 20 64
78 90 2
62 2 44
7 4 72
37 10 49
75 53 31
80 58 24
68 16 13
48 40 76
0 96 91
59 34 40
28 29 2
44 86 45
99 5 42
92 64 19
24 90 90
26 1 73
77 30 9
30 32 34
38 26 92
54 92 91
13 66 51
17 53 7
7 26 55
35 70 59
51 31 28
47 92 44
12 72 10
66 48 50
72 36 41
53 78 75
56 39 11
57 27 41
91 90 87
51 17 8
98 58 47
18 23 32
65 13 4
30 24 66
51 67 13
42 24 93
27 16 24
92 47 23
87 33 35
53 91 72
17 29 61
72 9 20
52 72 93
89 55 34
48 85 27
75 39 43
29 12 42
72 77 65
63 27 80
53 74 28
72 25 56
74 78 37
48 21 59
63 53 22
59 98 22
79 23 73
9 55 29
49 71 4
79 97 50
94 79 44
28 48 56
85 21 11
22 52 1
55 93 57
29 27 80
11 10 6
8 95 79
94 59 23
21 13 93
19 13 74
97 56 69
52 14 41
92 57 31
38 79 22
87 23 23
94 34 89
67 66 95
76 85 71
85 31 48
26 92 31
44 47 13
76 1 26
12 98 70
83 33 36
7 76 27
29 59 18
40 77 94
76 74 18
12 46 25
77 44 78
18 63 87
64 37 21
55 64 46
62 50 6
70 24 36
60 82 97
21 26 52
94 66 39
89 26 0
51 93 7
39 50 36
99 54 34
35 72 24
99 98 72
85 5 9
17 24 73
89 99 92
36 86 2
40 95 98
88 69 30
56 90 58
24 73 38
91 21 68
63 14 14
37 41 19
22 2 35
98 96 9
60 34 29
5 90 65
58 7 23
9 59 46
49 11 6
65 74 10
79 91 11
23 68 78
27 56 52
53 43 57
11 70 37
69 22 61
81 83 35
28 33 83
53 88 24
95 71 39
71 69 54
41 18 70
36 82 33
16 72 21
7 83 54
59 95 32
23 33 68
74 71 4
96 10 14
51 41 90
38 55 65
85 20 30
35 47 93
40 27 23
57 2 82
75 24 4
80 98 69
83 92 69
57 64 47
9 43 22
67 54 46
24 90 64
60 86 77
71 67 88
70 90 56
98 49 88
0 82 66
85 60 61
38 18 48
94 28 34
37 3 36
31 93 61
16 87 28
40 10 0
18 21 18
21 44 36
42 65 13
51 13 53
13 53 57
46 83 77
88 11 2
9 4 40
20 59 3
61 24 69
64 98 2
68 47 58
38 52 29
4 38 17
3 30 38
94 68 32
68 33 23
40 68 83
14 96 73
91 95 92
78 44 38
35 32 36
99 88 41
6 29 50
10 1 12
5 57 72
88 61 78
17 36 43
1 15 67
39 43 39
1 68 80
31 87 24
53 40 48
17 95 57
92 68 28
95 87 35
66 56 93
92 99 27
78 16 91
50 3 7
90 39 10
17 97 8
29 10 98
75 25 27
39 49 49
69 46 3
98 5 97
9 29 80
31 50 34
95 39 15
24 9 49
45 60 70
10 46 23
95 9 82
91 72 76
76 30 32
78 14 52
44 13 46
7 63 16
7 9 58
75 59 6
47 75 46
2 58 49
43 16 81
13 7 59
83 23 40
2 40 28
56 91 55
68 46 4
19 91 49
9 78 54
45 69 2
41 39 57
75 38 64
74 64 73
24 84 32
68 43 24
98 73 62
22 43 22
39 97 79
77 46 4
86 98 52
81 49 67
81 72 38
74 4 70
22 39 82
41 96 43
12 51 19
75 51 20
47 13 93
60 24 89
46 69 62
75 45 72
42 47 27
89 81 64
37 4 41
17 90 16
63 57 10
30 55 14
78 63 42
19 7 98
66 86 95
46 82 22
62 23 40
57 23 49
36 22 25
1 27 31
4 38 81
58 51 30
27 91 11
43 57 29
87 67 46
13 28 88
83 52 3
73 48 72
63 65 22
23 24 42
4 51 87
44 40 46
11 14 4
56 17 55
5 48 83
5 32 79
9 93 52
98 41 96
67 38 18
77 34 38
29 35 75
96 57 94
97 77 4
31 68 92
6 59 33
42 22 26
30 31 17
97 45 74
6 32 33
96 98 5
28 88 72
97 65 18
56 82 54
6 50 81
36 6 53
54 93 94
2 82 2
55 9 43
17 56 67
47 64 97
79 27 40
93 4 89
33 69 77
49 84 10
56 16 33
11 37 90
84 73 37
34 9 49
72 58 84
60 82 76
85 54 52
13 49 91
83 94 27
35 57 48
62 30 99
47 85 0
37 13 56
15 12 81
44 4 44
82 6 26
80 73 30
34 15 59
76 33 47
40 62 53
12 32 86
3 98 34
77 73 12
65 29 4
1 90 0
96 58 95
36 43 16
23 45 10
49 20 47
20 3 4
69 6 22
79 73 8
16 59 8
60 92 4
16 87 0
55 9 67
78 88 55
60 6 98
47 44 65
66 63 28
93 18 73
8 4 31
54 52 40
64 62 68
12 49 86
54 51 44
26 24 29
49 80 95
60 19 92
2 15 80
38 82 4
2 21 26
70 2 39
68 95 81
57 49 18
12 51 16
70 64 34
67 46 76
2 87 3
38 2 23
50 53 59
80 60 86
68 22 72
5 60 81
65 11 32
47 50 19
25 0 15
46 88 61
10 61 6
85 77 4
28 20 15
92 65 43
91 28 14
2 60 43
60 90 55
27 15 63
56 43 67
23 71 12
56 77 63
52 58 93
84 26 4
90 67 78
5 16 3
44 36 23
5 9 44
77 95 94
42 68 59
58 30 83
94 80 89
62 10 72
73 65 5
64 33 82
11 91 74
25 96 61
34 7 17
32 0 25
72 23 57
28 11 59
93 8 76
22 76 77
58 28 76
43 71 55
77 34 20
4 6 40
56 40 13
63 53 10
2 22 69
10 50 5
35 10 84
34 29 2
72 77 13
45 99 5
47 21 70
42 31 80
31 6 57
73 18 34
82 61 21
3 70 29
96 72 27
5 76 34
23 2 59
69 53 8
29 96 88
80 84 39
75 57 72
0 80 21
17 99 62
43 85 95
26 49 34
76 31 52
95 98 60
33 79 80
60 69 54
58 59 12
27 98 67
4 84 60
38 76 2
19 97 51
18 8 8
54 96 38
46 68 78
22 24 23
26 20 25
55 14 29
30 43 86
97 44 78
80 32 37
36 48 27
33 39 24
83 99 99
78 55 66
20 39 20
75 24 9
2 46 63
59 79 49
91 39 73
86 40 46
71 69 58
3 34 66
4 61 72
78 39 53
40 69 0
5 0 10
92 25 78
89 50 27
84 67 80
26 98 77
35 91 30
61 64 6
76 25 37
