37 4 3
3 4 44
82 67 37
77 11 9
72 44 56
7 83 27
0 43 83
44 75 44
76 44 2
52 23 93
72 23 83
44 13 41
65 11 32
11 30 32
2 78 83
24 75 99
46 6 53
66 65 74
7 99 13
24 65 99
52 65 95
0 46 86
47 83 75
65 96 61
61 64 57
2 29 4
75 71 72
2 75 41
90 83 10
44 64 40
67 4 47
80 99 37
11 45 64
4 92 91
2 46 4
72 44 40
65 30 61
54 2 2
0 46 37
25 50 57
82 51 54
62 44 57
2 29 86
46 33 18
67 44 76
58 96 32
61 44 56
11 79 66
7 76 18
2 13 41
67 46 76
61 45 40
29 2 53
65 94 20
52 65 79
90 56 75
76 98 76
46 2 18
44 44 83
29 33 66
25 45 56
3 75 86
59 2 13
72 45 83
25 23 83
45 99 27
44 45 57
37 75 86
11 96 20
67 2 13
75 39 94
61 50 40
92 64 13
59 98 76
98 96 38
72 64 40
47 3 33
37 23 86
21 98 36
21 4 76
90 3 75
80 99 13
7 64 37
92 76 37
2 4 86
77 34 32
77 34 20
3 13 86
98 94 38
0 46 4
2 78 86
7 99 27
11 51 43
0 92 86
92 83 90
93 83 72
2 52 41
11 11 61
82 23 79
93 71 10
45 76 27
11 79 18
59 98 36
7 64 18
22 73 34
25 64 56
92 99 18
22 51 43
92 67 90
24 2 18
11 25 43
3 23 92
54 29 91
11 75 43
76 98 13
22 25 54
54 2 76
66 72 99
4 29 91
82 25 54
24 79 53
54 46 47
81 65 95
44 50 56
22 45 60
11 11 32
52 72 79
24 72 74
11 30 20
82 75 43
37 75 44
67 46 13
46 99 66
54 46 83
37 13 44
21 44 13
24 2 53
36 2 53
76 44 13
11 99 53
19 23 41
72 50 83
58 30 38
62 44 56
29 79 21
46 33 9
82 73 64
3 23 86
62 64 6
90 39 10
19 23 92
52 65 99
66 65 95
25 50 56
61 44 6
81 88 79
61 23 56
82 99 37
2 43 37
75 71 33
54 98 47
66 72 95
4 92 4
44 13 86
82 67 90
66 72 93
11 99 9
45 83 13
11 45 60
37 4 41
82 76 13
65 94 38
11 73 54
67 44 36
66 75 74
45 99 37
80 83 27
4 43 86
7 76 27
82 65 74
2 43 91
87 25 64
4 43 37
61 64 40
44 45 40
98 34 61
98 34 9
44 64 6
24 23 79
54 46 86
30 78 86
19 75 92
61 50 57
24 6 21
22 51 34
82 83 37
37 13 3
58 11 38
72 44 6
58 11 61
4 46 4
66 72 74
29 6 9
81 23 79
2 23 92
82 76 37
65 34 32
25 64 83
82 72 93
11 34 32
39 71 94
3 4 41
11 6 18
81 65 93
24 99 53
77 30 9
37 75 41
2 23 3
24 75 74
39 39 75
82 23 93
2 4 44
0 29 83
80 67 90
75 3 72
24 88 95
37 23 44
90 39 75
24 6 18
65 96 38
44 4 92
4 43 83
87 25 54
80 83 37
11 75 64
54 2 47
22 51 54
19 52 92
19 52 3
7 76 90
0 92 91
30 92 37
22 51 60
82 72 74
58 11 9
21 2 2
80 83 18
19 75 3
44 4 3
24 6 53
45 64 27
45 76 18
80 99 90
3 75 41
92 83 27
52 72 74
44 4 44
19 4 86
24 2 66
80 83 90
44 45 83
81 75 79
7 76 13
46 6 18
19 4 3
62 64 83
36 2 66
82 64 27
25 45 83
72 50 40
75 39 75
47 3 10
82 67 18
46 79 53
47 71 10
44 52 3
87 51 34
24 23 95
77 96 9
31 75 64
59 98 47
54 92 86
59 2 47
58 34 32
46 99 18
24 99 9
45 67 37
22 51 64
22 75 43
22 45 34
2 46 83
72 23 56
24 33 21
47 39 75
81 23 95
11 2 9
82 75 74
76 4 47
36 33 53
11 25 64
45 67 18
11 94 38
93 3 33
65 96 32
82 45 60
93 71 94
37 13 86
36 6 21
58 94 61
36 99 18
36 79 18
2 52 92
77 34 61
77 94 32
30 46 4
76 46 2
80 76 13
44 29 5
58 34 61
24 79 9
24 65 93
76 2 47
0 46 83
44 50 6
75 39 10
80 99 18
46 99 53
36 79 66
11 96 61
75 3 94
4 78 83
65 30 9
36 33 9
90 56 10
19 4 44
29 2 21
98 30 32
11 73 64
54 44 2
66 75 95
11 99 18
54 43 4
82 23 99
11 2 66
45 64 13
24 33 66
98 96 32
62 50 83
36 2 18
82 45 54
77 11 38
54 44 47
11 96 32
22 73 60
47 56 72
62 23 57
21 44 2
44 4 41
11 33 53
58 96 61
22 25 60
2 23 44
87 75 34
61 50 83
62 50 56
87 75 60
54 4 47
52 11 75
39 83 33
11 73 43
11 94 32
92 67 37
59 46 47
24 6 66
29 99 9
54 46 37
24 99 66
22 75 34
29 6 18
81 23 99
39 83 10
82 75 64
77 30 38
31 51 34
39 3 33
93 83 10
7 64 13
36 33 66
22 25 34
19 4 41
92 64 27
93 56 94
87 45 64
93 39 94
30 78 4
67 2 47
24 79 66
45 76 37
54 2 36
29 6 21
82 64 13
24 72 93
30 92 91
82 76 27
58 96 9
2 46 37
87 73 43
19 23 3
87 25 43
2 52 86
65 30 38
11 96 38
47 71 33
4 29 37
93 56 72
47 39 94
76 44 76
59 4 13
65 34 61
30 29 86
66 23 95
3 75 92
47 56 10
24 58 90
30 46 91
58 94 20
58 30 61
2 46 91
37 13 92
90 71 33
82 88 95
77 34 9
98 11 61
93 39 33
98 34 20
80 67 18
29 33 18
37 52 86
11 11 20
19 13 92
19 4 92
45 76 13
44 64 83
65 11 61
2 78 37
61 50 6
39 71 75
80 64 18
98 96 61
11 79 21
72 45 6
31 51 60
48 73 58
76 98 36
66 65 99
66 23 74
31 58 99
24 88 99
92 83 37
54 29 37
89 29 93
54 2 13
66 88 74
11 94 9
66 88 79
77 96 20
54 44 13
87 73 64
44 13 44
93 3 72
90 71 72
21 98 47
36 6 9
87 45 43
45 64 90
18 81 45
39 71 10
52 75 95
90 39 72
65 96 9
19 23 86
47 56 75
7 67 18
46 6 66
75 83 72
80 99 27
44 23 41
58 34 9
45 67 90
46 79 66
98 34 32
98 11 38
98 30 38
81 72 74
80 67 37
87 75 43
11 94 20
80 64 90
93 71 72
37 75 3
25 23 6
59 4 36
24 65 79
19 52 86
93 6 49
82 99 18
46 33 66
11 75 60
25 50 6
2 43 86
44 50 57
87 25 34
81 23 93
94 85 98
55 82 94
81 23 74
44 52 86
4 78 86
44 75 86
76 2 2
22 73 64
82 51 43
90 39 94
80 64 13
82 64 37
82 83 18
54 78 37
76 46 47
25 44 57
21 46 76
4 46 86
98 94 32
59 37 37
87 75 64
67 4 36
54 92 91
77 96 32
67 2 2
39 75 77
11 79 9
66 21 15
92 76 18
16 52 2
24 99 21
77 96 38
54 46 13
31 45 34
51 38 97
61 64 56
82 64 18
49 30 78
19 75 41
82 73 43
31 84 11
82 75 95
72 45 56
81 72 79
75 71 10
76 46 13
82 45 43
11 88 3
46 99 9
82 88 74
62 23 40
22 25 43
51 0 55
19 75 44
3 13 3
2 13 86
63 73 26
81 75 99
62 45 56
5 14 2
77 30 20
75 39 72
36 6 18
11 99 21
23 28 92
31 25 34
41 0 72
11 73 60
36 99 21
61 23 6
81 72 95
82 65 79
47 71 94
62 44 6
11 11 38
31 45 60
81 75 74
0 78 91
11 51 64
30 11 61
10 53 56
73 74 0
37 13 41
11 34 61
90 71 75
77 94 20
59 4 47
4 78 37
59 44 2
21 4 2
90 83 94
39 83 94
90 39 33
90 56 33
82 83 27
82 99 13
52 75 79
37 4 86
6 53 10
75 78 0
62 64 56
39 3 94
92 76 27
66 75 99
93 39 75
67 98 2
30 85 43
53 67 49
67 46 47
36 79 9
52 88 93
44 44 40
50 77 64
4 75 82
25 45 6
80 64 37
4 92 86
65 34 20
31 25 54
44 13 3
2 52 44
78 91 5
86 74 59
13 13 63
5 81 43
24 75 93
50 89 32
90 56 94
77 94 9
92 77 16
16 27 24
67 46 2
21 2 36
7 67 81
44 44 6
44 8 28
0 29 91
9 14 49
31 25 64
86 67 4
11 25 34
30 78 37
14 13 61
2 4 92
7 83 37
37 52 44
31 75 34
59 84 26
66 88 99
19 13 41
0 78 37
44 44 56
44 82 43
29 99 53
44 23 6
7 49 95
72 45 40
92 64 37
30 92 86
21 44 76
19 13 3
2 9 33
21 46 47
66 75 79
72 23 6
18 16 86
36 39 30
58 94 9
37 52 41
76 98 2
0 29 37
93 3 75
19 52 41
30 43 91
30 29 91
21 4 36
2 75 86
68 57 28
98 96 20
59 2 36
72 50 6
90 3 72
4 46 83
59 2 2
54 29 83
31 51 54
13 59 32
30 78 91
45 99 90
11 6 9
19 52 44
22 45 54
39 3 75
11 25 60
27 2 85
87 75 54
95 78 46
38 54 27
30 43 4
5 0 96
90 45 17
77 96 61
12 50 88
52 65 93
14 72 51
93 71 75
0 76 29
24 88 79
48 57 18
71 3 40
52 88 74
30 43 83
62 64 57
70 68 87
67 55 78
59 46 2
4 46 91
61 44 83
59 74 86
77 26 17
0 46 91
72 64 57
82 75 34
25 23 57
44 7 99
11 30 38
39 66 87
53 14 40
18 18 22
87 51 64
78 76 29
92 67 13
0 92 83
64 57 34
29 39 96
80 76 27
52 65 74
89 14 83
58 11 20
75 3 75
7 76 74
87 9 78
65 34 38
62 45 40
7 67 13
22 73 43
54 44 36
67 4 2
84 25 84
32 68 27
76 4 2
72 44 83
91 93 15
22 76 80
67 98 13
21 98 76
82 25 34
72 90 13
58 30 32
11 51 54
52 72 93
54 62 88
59 46 13
32 49 72
85 89 43
76 46 76
64 51 3
39 56 33
61 97 55
3 52 92
29 99 66
46 84 81
67 4 76
98 30 20
71 88 23
80 83 13
39 56 10
62 45 83
77 24 18
99 5 23
4 29 86
87 51 60
74 93 11
87 37 74
25 81 40
28 94 15
25 44 40
75 50 34
90 3 94
24 33 18
13 83 30
21 17 43
45 6 92
3 13 41
58 94 32
25 23 56
21 44 36
44 23 44
42 50 64
28 73 93
11 30 61
16 10 86
89 41 60
30 29 37
52 72 99
82 99 90
4 29 83
17 22 47
62 23 56
11 25 54
81 72 99
68 25 82
85 65 89
36 73 2
34 97 88
76 4 76
74 57 70
11 30 9
64 91 36
44 50 83
4 74 54
92 76 90
82 1 72
3 23 41
52 23 74
40 85 84
4 14 40
18 62 7
84 88 92
95 29 30
7 64 90
31 73 43
24 79 18
80 64 27
75 83 75
75 8 9
77 30 32
77 13 76
82 21 44
66 65 79
61 45 6
10 43 30
23 75 68
72 52 27
48 92 9
34 59 47
19 75 86
47 83 10
54 31 25
24 62 92
37 4 92
46 2 53
47 71 72
91 89 88
30 80 68
3 75 44
86 23 12
31 40 82
82 67 27
66 88 93
21 2 76
30 29 83
3 52 3
14 49 98
82 23 74
52 23 99
2 23 86
0 29 86
81 88 99
29 76 20
7 99 63
12 29 49
0 43 37
36 39 96
82 75 60
80 23 39
9 89 51
68 15 41
76 2 13
76 44 36
22 73 54
90 3 10
67 33 13
25 23 40
90 3 33
76 2 36
54 46 2
50 75 16
36 71 47
81 20 98
39 39 33
31 71 65
71 50 48
99 69 82
49 83 34
11 33 66
65 34 9
61 44 57
58 96 38
39 83 72
82 23 95
31 45 43
11 45 43
25 45 40
71 36 73
71 43 65
36 6 53
14 81 39
87 45 34
70 73 6
75 3 10
97 96 93
88 89 36
98 30 61
2 29 37
76 4 13
46 6 9
24 88 74
54 43 37
68 52 52
62 61 74
54 78 83
84 87 82
17 38 81
2 13 3
79 5 6
75 83 10
73 37 33
37 23 92
74 87 78
82 99 27
56 63 85
64 1 49
18 38 28
3 4 3
93 56 33
70 21 46
52 65 85
87 51 43
80 22 23
76 48 86
11 96 9
67 89 0
57 88 88
66 8 53
62 44 83
25 50 83
73 2 17
57 14 97
82 76 18
37 40 86
68 55 59
2 88 59
98 73 85
71 73 38
54 92 83
56 96 70
87 73 34
82 73 60
17 44 23
18 3 51
35 25 23
24 33 9
34 5 75
53 44 37
67 29 21
47 56 33
28 8 61
31 59 61
25 51 91
62 45 6
58 48 64
3 75 3
28 50 58
39 83 67
54 4 36
44 24 14
93 51 77
72 11 8
57 24 62
71 1 86
4 71 94
85 3 65
53 1 89
10 37 63
27 83 79
54 98 36
