11 30 32
11 30 20
90 71 72
36 2 18
24 6 53
19 23 41
36 33 18
44 50 83
0 43 91
62 45 57
24 75 79
54 78 91
22 45 60
62 44 56
82 83 13
87 75 54
24 65 99
75 71 94
75 56 72
66 65 95
44 52 86
39 71 94
11 45 34
44 50 56
25 44 83
44 50 40
66 88 74
2 46 4
11 51 60
24 79 18
87 73 54
58 30 32
11 96 61
82 75 95
82 73 60
90 56 10
11 96 9
36 33 9
25 44 40
39 39 75
80 64 18
75 56 33
82 51 43
11 25 54
75 39 94
2 43 37
30 78 91
0 29 91
98 30 9
2 13 86
72 23 6
80 64 13
75 71 75
7 67 13
77 96 38
21 2 13
19 75 41
44 4 92
93 3 10
58 30 61
37 75 44
2 29 37
7 83 27
11 94 20
29 33 53
98 96 61
61 50 57
44 4 3
61 44 57
11 6 21
2 78 91
80 67 90
29 99 21
65 94 9
76 46 13
2 52 44
52 75 99
4 46 86
76 2 13
11 99 53
25 64 83
54 46 37
3 52 92
25 45 40
90 3 10
93 56 75
37 23 41
11 34 20
59 2 47
45 99 27
39 83 33
19 75 3
54 46 4
72 45 56
24 88 79
82 72 99
37 75 86
7 99 37
31 45 34
87 73 34
37 4 41
3 23 41
66 23 99
36 79 18
72 44 83
31 73 34
11 33 53
90 56 72
52 65 99
11 2 21
65 96 61
81 65 93
98 94 38
65 11 9
37 4 92
52 65 95
90 71 33
0 43 86
11 75 54
36 79 21
62 64 57
31 25 43
98 94 20
44 45 6
72 50 83
87 45 54
65 11 61
77 96 9
24 23 74
36 6 18
82 75 34
7 64 37
11 6 18
61 44 83
80 99 18
3 52 86
29 99 53
46 33 66
11 73 34
82 45 34
11 30 9
58 11 38
24 65 95
31 51 54
81 23 74
30 29 86
21 98 36
62 44 83
0 78 86
39 39 72
44 50 6
4 29 83
58 11 32
66 88 95
31 25 34
81 75 99
19 23 86
93 71 33
58 30 20
59 98 13
44 23 41
44 75 44
98 94 61
4 92 86
31 75 54
90 83 33
92 76 13
92 83 13
21 46 76
58 34 32
67 2 36
52 72 95
52 88 95
54 46 2
54 98 2
82 65 93
11 45 43
2 92 37
76 46 36
37 75 41
31 73 54
24 33 53
82 65 95
82 25 64
75 83 72
44 64 40
29 99 9
62 44 6
52 65 93
36 2 53
66 23 79
4 92 91
58 96 32
7 76 27
82 25 43
82 64 18
87 45 43
82 51 64
72 23 57
7 83 37
2 4 41
59 2 13
7 67 90
52 23 93
44 52 41
4 43 37
72 50 6
93 71 94
4 29 4
46 79 53
24 2 53
77 94 32
98 34 20
2 23 3
45 76 90
2 43 83
93 56 10
2 46 86
22 73 43
21 98 76
87 51 34
59 4 2
39 83 72
19 52 41
82 67 18
80 99 13
77 94 9
61 23 57
66 72 79
90 39 94
19 4 92
81 65 74
54 98 76
44 75 41
30 29 4
93 71 75
19 75 86
19 13 44
65 96 32
37 23 44
87 51 60
44 52 3
52 72 99
24 65 93
2 78 83
11 11 32
24 6 21
81 88 93
82 76 18
3 52 44
7 99 18
31 25 54
39 3 75
90 83 72
54 44 2
31 51 64
7 64 90
54 43 4
66 75 95
22 75 34
3 75 86
2 52 86
67 44 13
39 39 10
44 23 3
59 44 13
25 64 40
11 6 53
80 83 37
22 51 43
92 99 18
76 2 36
52 72 93
82 83 37
46 99 66
82 99 27
76 44 76
25 45 57
44 52 92
25 23 56
39 56 33
61 64 57
82 75 43
37 23 86
45 64 37
25 50 56
93 56 72
54 44 36
59 46 36
3 23 44
21 4 47
39 56 75
82 72 95
46 99 21
67 2 76
90 3 33
87 73 43
11 79 53
92 99 90
54 78 37
62 64 40
2 46 37
61 45 56
87 25 54
82 73 64
98 96 20
82 75 60
29 99 66
47 39 33
31 51 34
72 64 83
19 52 3
24 99 66
36 6 53
7 83 90
81 23 99
54 44 13
19 23 3
11 2 9
98 11 61
4 92 83
36 6 21
81 72 99
2 43 86
11 6 9
39 39 33
66 65 93
11 75 43
46 79 18
72 50 56
62 50 6
45 83 18
37 52 92
59 44 2
37 4 86
24 75 99
82 64 90
7 76 18
47 71 75
30 46 37
24 99 21
54 4 2
31 45 60
82 25 60
54 46 83
11 45 64
72 64 40
36 99 9
93 3 94
81 23 79
92 99 13
77 94 38
4 46 37
81 65 95
76 98 47
54 92 86
72 45 6
24 23 93
52 75 93
98 30 20
31 75 43
67 46 36
67 4 76
65 96 20
29 2 9
82 23 99
11 11 38
90 71 10
75 83 75
82 75 64
76 98 2
80 67 13
58 96 38
24 75 95
31 25 60
37 52 3
61 50 6
11 2 18
90 71 75
37 52 44
54 44 76
98 11 9
37 52 86
52 88 93
81 72 79
59 4 47
37 4 3
66 75 93
59 44 36
45 64 13
90 56 94
3 75 41
4 46 83
58 94 9
44 44 40
47 71 10
11 99 18
11 73 60
92 83 90
30 43 86
66 75 79
31 45 54
77 34 20
76 98 36
82 75 93
82 72 74
54 29 91
22 75 64
93 3 72
2 43 4
4 29 91
58 34 38
30 78 83
76 46 76
22 51 64
82 88 95
46 79 9
0 46 83
19 4 41
82 83 18
11 11 9
76 44 36
61 45 57
22 51 60
44 4 44
66 88 99
22 51 54
76 2 2
3 75 44
30 92 86
2 75 92
0 46 91
82 83 27
90 71 94
75 83 33
52 88 99
77 94 20
31 25 64
77 30 61
30 46 83
7 99 13
4 78 37
29 33 21
25 50 6
61 23 56
11 79 18
65 96 38
82 75 99
80 64 37
45 83 37
4 46 91
62 45 56
82 67 37
93 83 72
44 45 56
21 2 47
44 13 41
11 2 53
54 29 37
72 23 40
80 64 90
30 46 91
67 2 2
65 34 61
61 64 83
90 39 10
54 98 13
30 78 37
44 23 40
45 67 18
77 94 61
44 13 3
82 67 27
58 30 9
65 30 9
47 83 33
92 76 27
30 46 4
77 34 32
82 67 13
44 52 44
2 92 91
98 34 38
81 72 74
11 94 9
81 88 74
25 45 56
11 11 20
0 78 83
75 56 10
87 51 64
54 2 36
2 29 4
31 75 60
24 72 93
4 78 83
11 51 64
19 4 44
47 56 33
30 92 91
54 46 13
11 33 18
87 25 64
76 4 36
22 45 43
24 23 99
45 83 13
80 83 13
11 96 38
54 2 13
82 88 74
11 11 61
82 75 74
81 88 99
58 96 9
44 75 3
0 29 4
82 99 18
2 46 91
54 43 86
29 2 66
98 96 38
47 56 75
58 94 20
67 44 36
66 72 74
59 98 47
22 45 54
2 13 92
92 67 90
92 83 27
19 52 44
22 51 34
36 6 66
82 72 93
66 72 95
19 4 86
66 23 93
59 44 76
7 76 13
82 65 74
4 29 86
61 45 83
2 52 41
47 3 10
44 45 40
25 50 57
93 83 75
75 56 75
44 75 92
59 98 2
93 39 94
44 13 44
11 73 64
47 39 94
46 33 53
11 30 38
2 4 3
29 6 9
2 13 3
45 83 90
98 11 38
67 4 13
54 4 76
7 76 90
67 46 47
52 75 95
25 23 57
45 67 27
30 43 83
3 13 44
76 2 76
24 6 18
65 11 38
25 50 40
21 4 13
45 99 37
81 65 99
24 33 18
67 4 47
77 34 9
30 29 83
29 6 53
44 64 6
82 88 99
44 23 57
59 44 47
11 51 34
11 75 60
47 39 75
11 45 60
25 23 6
54 92 37
98 96 9
80 76 37
98 34 9
82 88 93
2 92 83
0 29 83
2 43 91
75 3 75
44 44 6
24 33 66
93 83 10
47 3 75
22 25 60
24 72 95
44 23 6
0 29 37
93 39 33
39 3 72
36 33 21
65 94 61
75 71 33
62 44 40
81 72 93
2 23 44
29 6 21
82 64 13
0 92 91
92 64 18
72 44 6
82 65 99
2 4 44
39 3 10
46 6 18
62 23 40
39 56 72
59 98 76
47 3 94
54 43 83
75 39 33
92 67 13
93 71 72
54 2 47
11 94 32
82 23 95
44 4 41
61 45 6
65 30 32
82 45 60
46 99 18
29 33 66
7 67 37
39 3 94
80 83 18
66 23 95
39 71 75
19 13 86
11 6 66
61 50 83
11 75 64
54 4 13
98 94 32
11 73 54
92 67 27
92 76 37
82 88 79
47 71 72
46 6 66
24 2 9
92 83 18
36 99 18
24 65 79
37 4 44
4 43 86
7 83 13
11 34 32
77 11 20
2 29 86
47 83 10
24 72 74
22 25 34
61 64 6
59 98 36
54 92 91
21 44 47
11 2 66
24 75 74
67 98 36
24 79 66
81 72 95
11 99 21
54 29 83
24 72 79
81 75 74
0 29 86
30 43 91
19 13 3
47 71 94
45 64 90
44 23 56
11 94 61
24 88 93
67 44 76
11 99 9
59 4 36
76 4 76
19 13 41
75 83 10
82 99 37
54 78 4
36 79 53
25 64 56
11 96 32
76 98 13
82 83 90
24 2 66
54 78 86
29 79 9
24 79 9
81 75 79
87 51 43
22 75 43
47 3 33
58 94 61
82 51 54
29 6 66
47 39 72
21 98 2
2 78 4
24 23 79
82 73 34
0 78 91
0 78 4
54 2 76
54 98 47
21 4 36
47 56 94
67 4 36
82 25 54
59 4 13
11 33 66
77 11 9
87 75 43
46 6 9
25 45 6
29 33 18
87 73 60
87 75 34
24 88 99
0 43 37
30 92 37
11 94 38
3 13 86
45 76 18
0 46 4
39 71 33
47 56 10
31 73 64
54 92 4
62 44 57
82 76 27
76 44 2
52 75 79
44 45 57
39 3 33
21 44 76
82 23 93
76 44 47
11 34 38
54 46 47
76 98 76
65 94 32
0 92 37
81 75 93
29 2 21
2 52 3
80 67 27
24 88 95
81 88 79
59 46 47
66 75 99
0 92 86
11 25 64
46 99 53
67 2 13
44 44 83
29 2 18
24 72 99
62 64 56
0 92 4
37 13 92
90 3 75
58 34 9
92 76 90
22 45 64
11 25 34
21 98 13
3 4 92
66 72 99
75 39 72
21 2 36
90 56 75
76 46 47
92 99 27
22 25 54
77 34 38
54 2 2
65 94 38
11 51 43
37 75 3
62 64 83
90 39 72
4 78 4
45 76 13
11 99 66
76 4 13
44 75 86
72 44 40
98 96 32
39 83 10
58 11 61
11 96 20
45 67 90
45 64 18
24 99 9
75 71 10
61 23 40
77 96 32
61 50 56
44 45 83
98 94 9
31 75 34
54 44 47
92 99 37
19 13 92
81 23 93
3 23 3
3 13 3
72 45 40
37 13 44
58 34 61
72 44 57
4 92 4
77 30 20
45 67 37
25 23 40
7 64 27
31 73 60
65 30 61
22 45 34
87 73 64
54 43 91
36 2 9
62 50 56
59 2 2
36 79 66
54 46 86
90 39 33
66 88 79
59 2 76
39 56 10
3 52 3
65 34 20
44 50 57
31 51 43
61 44 6
24 75 93
61 44 56
82 75 54
39 71 72
31 75 64
46 2 9
2 4 92
76 4 47
44 13 86
93 83 94
19 52 86
47 83 72
81 88 95
52 65 74
66 65 79
19 75 92
4 46 4
11 25 43
7 83 18
54 4 36
3 13 41
58 11 9
59 2 36
80 67 37
2 75 86
0 43 4
3 23 92
46 6 53
92 67 18
7 76 37
82 64 27
25 23 83
44 4 86
92 64 37
82 45 43
21 44 36
67 44 2
2 23 92
54 29 4
3 4 3
46 33 21
54 98 36
98 30 32
46 2 53
2 29 91
44 23 86
3 75 92
37 52 41
72 45 83
30 92 83
3 52 41
82 72 79
77 11 61
44 64 83
45 99 18
87 45 60
52 88 74
24 2 21
24 2 18
39 39 94
75 39 75
58 94 32
81 75 95
7 64 13
3 4 86
65 30 38
66 88 93
4 29 37
75 56 94
76 2 47
72 50 57
82 65 79
82 99 90
62 50 57
47 56 72
65 96 9
31 45 64
61 44 40
66 65 74
7 67 27
92 64 27
39 83 75
67 46 76
52 23 99
21 2 2
93 83 33
52 72 79
22 75 54
30 78 4
2 23 86
46 33 9
4 43 91
4 78 86
65 34 9
77 11 38
82 23 74
24 99 53
87 75 64
72 64 56
44 23 83
22 73 34
75 3 10
67 98 2
44 64 56
29 99 18
3 75 3
98 11 20
61 64 56
72 23 56
61 23 6
72 64 57
52 23 95
30 78 86
24 23 95
29 79 53
2 92 4
30 43 37
67 44 47
58 11 20
87 25 43
24 6 9
2 78 37
66 23 74
7 67 18
67 98 47
52 88 79
65 34 32
82 76 13
77 11 32
36 2 66
21 98 47
82 45 64
19 75 44
77 34 61
62 50 40
0 78 37
24 88 74
47 83 94
0 92 83
82 23 79
2 78 86
46 2 18
