0 92 83
45 64 18
81 65 74
59 4 36
21 4 13
72 44 83
44 50 56
2 4 3
30 43 83
19 23 41
77 34 38
2 13 3
82 75 64
77 30 32
24 2 66
62 45 83
2 23 92
21 98 76
77 11 20
21 46 2
54 44 76
82 25 64
66 23 79
61 45 56
37 75 3
44 23 40
11 79 9
82 51 34
82 88 99
36 2 21
7 99 90
76 2 2
0 78 83
75 3 10
30 46 83
29 79 66
30 92 37
11 11 9
66 88 99
98 94 20
29 33 18
31 51 60
52 23 95
21 44 76
67 4 76
47 3 10
67 98 13
21 2 13
7 83 37
81 75 99
31 73 34
45 83 18
58 11 61
61 50 83
31 75 54
0 46 91
0 92 86
59 98 47
3 13 92
62 23 40
31 75 60
3 23 3
4 92 83
82 45 34
98 94 38
2 43 4
11 30 9
36 33 18
61 44 57
65 30 20
31 45 54
67 98 2
11 25 64
19 4 41
87 45 54
52 75 99
11 75 54
30 46 91
62 50 57
2 43 86
2 78 86
72 45 6
21 44 36
87 25 34
82 65 93
93 83 10
77 94 20
81 23 79
11 51 64
62 64 56
31 73 64
37 52 3
82 65 79
82 45 43
0 43 4
36 33 21
62 44 6
39 71 33
54 46 4
24 2 18
30 46 37
54 43 91
65 96 32
93 3 72
61 50 40
11 79 66
11 75 34
45 76 13
77 11 61
11 30 32
66 88 95
72 45 56
47 3 33
29 99 53
22 51 54
30 92 4
2 46 4
7 64 13
67 4 47
82 75 43
80 99 27
47 83 75
4 78 4
44 4 44
82 72 93
59 2 36
72 23 83
11 30 38
82 76 13
0 43 86
93 39 75
7 99 27
11 2 66
36 2 66
72 45 57
81 88 93
54 2 76
39 83 10
24 79 21
31 73 60
80 64 18
92 83 13
52 75 74
31 25 34
82 99 18
11 34 32
0 92 37
65 94 32
52 65 74
66 23 95
87 73 64
11 96 9
65 94 61
21 46 76
0 78 86
58 96 9
54 92 86
76 46 2
82 75 79
25 64 83
80 67 37
2 75 86
75 3 75
44 45 83
22 73 34
39 39 94
11 11 20
0 46 83
46 6 18
72 44 40
75 83 75
81 72 79
82 64 27
2 78 4
66 65 93
75 39 75
44 23 44
66 75 95
0 46 37
81 72 95
47 39 94
4 78 91
45 76 18
7 64 90
11 2 18
76 2 47
59 4 2
80 76 37
98 34 9
90 3 75
59 2 2
21 2 2
76 4 47
37 52 92
2 75 3
62 45 6
30 92 91
4 46 4
22 73 60
58 34 9
72 50 56
7 76 37
75 39 72
62 64 6
54 98 13
30 78 4
65 34 20
24 75 95
11 25 34
39 71 75
11 2 21
30 78 91
80 64 27
11 25 43
62 45 56
30 29 86
29 2 53
54 4 76
82 25 43
98 94 32
2 23 44
39 39 75
77 11 9
82 76 90
37 13 3
2 23 86
59 98 36
44 50 83
87 75 43
24 88 93
24 79 9
2 29 86
98 30 38
93 39 94
44 52 3
76 98 76
75 56 72
98 11 38
7 83 18
39 3 75
90 39 10
66 72 74
4 46 86
21 44 47
82 72 74
21 46 36
46 33 18
82 65 99
21 98 47
82 64 90
92 64 18
44 4 41
2 29 83
39 56 72
90 83 33
82 83 13
77 11 38
61 64 40
58 94 9
72 23 57
80 64 13
7 76 18
81 75 95
3 23 44
80 67 90
82 65 95
44 13 92
4 29 91
46 2 18
67 44 76
44 13 3
7 64 37
2 52 3
67 44 13
59 46 36
82 73 43
31 45 34
54 44 36
54 92 83
82 75 95
80 83 90
19 4 92
54 78 91
25 50 57
52 88 99
19 13 41
54 98 76
4 43 86
30 78 37
44 4 86
7 64 27
47 56 75
11 2 9
0 43 91
80 64 37
61 23 40
29 79 21
21 98 2
65 34 32
47 71 75
0 29 37
44 4 3
75 56 10
92 76 18
93 71 10
98 94 9
44 23 3
21 46 47
31 51 43
4 46 83
19 75 86
44 50 57
92 83 37
44 23 56
2 23 3
44 13 44
25 50 56
7 99 18
11 6 66
39 71 94
11 11 38
92 64 27
25 23 6
52 72 99
31 25 64
44 64 56
24 33 66
11 96 20
3 13 3
4 29 83
22 51 34
75 56 33
46 79 9
29 2 9
47 71 10
80 76 90
76 98 36
4 29 4
81 23 99
87 45 43
37 23 86
30 29 37
52 72 95
47 71 94
0 29 91
30 29 4
54 78 83
3 75 41
58 30 61
45 83 13
81 88 74
54 46 47
25 44 6
46 79 53
19 23 3
29 99 18
46 6 66
75 83 72
52 72 93
54 29 37
62 50 40
45 99 90
46 33 9
82 72 95
58 11 32
39 3 94
87 51 60
77 30 9
30 43 37
24 75 99
54 92 91
98 30 32
61 64 56
44 52 41
75 39 94
24 72 93
61 45 83
98 30 9
93 83 94
87 51 54
80 64 90
22 73 43
92 76 90
62 23 6
61 64 57
19 13 3
58 94 61
39 3 33
36 99 9
11 6 9
82 25 54
98 96 38
21 4 76
65 34 38
80 67 13
81 65 99
44 75 86
21 2 47
44 75 92
24 88 79
72 44 6
54 46 2
11 79 21
4 78 37
54 98 2
87 45 64
3 4 41
67 98 47
90 56 33
46 99 9
44 45 6
37 13 86
22 25 60
3 52 3
54 29 83
82 64 37
22 75 64
24 65 79
82 72 99
31 73 43
65 96 38
3 75 86
2 78 83
44 23 6
52 65 99
92 67 18
3 4 86
29 79 9
31 51 34
77 94 32
67 46 76
82 67 18
45 64 13
11 51 54
92 76 27
62 44 56
4 78 83
24 6 53
67 46 13
7 83 90
81 23 74
25 50 40
59 44 47
21 98 36
82 67 13
29 6 18
37 75 92
76 98 47
52 88 74
66 88 93
19 75 92
82 73 54
45 99 18
52 23 74
29 6 53
54 46 37
90 56 94
66 65 74
22 45 64
2 92 37
62 23 57
4 92 37
0 78 37
82 88 74
3 4 3
82 67 90
2 13 44
61 44 6
44 64 57
93 56 33
37 4 41
11 2 53
44 44 40
24 99 9
47 3 94
72 64 56
39 56 10
39 39 72
24 23 95
46 79 21
36 99 66
3 52 41
58 30 32
82 23 93
61 44 40
59 2 47
2 13 92
4 92 91
11 73 54
62 23 56
37 23 44
36 2 18
7 76 90
87 75 60
93 56 10
37 13 44
21 2 36
11 30 61
81 65 93
4 92 86
45 76 90
47 56 10
76 4 13
62 64 83
90 71 72
54 4 36
65 11 9
29 99 66
24 6 66
54 46 91
0 92 91
31 73 54
61 50 57
25 44 56
7 76 13
90 83 94
54 2 13
19 75 44
19 4 3
76 44 76
22 75 54
29 99 21
98 11 20
65 11 61
11 30 20
76 4 76
2 43 91
22 45 54
45 67 18
66 75 74
46 2 66
87 25 54
25 45 56
2 92 83
52 88 95
75 3 33
11 79 18
31 51 54
46 2 9
22 73 64
54 4 2
25 64 40
54 29 91
11 34 20
90 39 94
76 46 47
65 30 32
87 75 54
65 94 9
29 2 66
80 99 37
80 76 18
4 29 86
76 44 36
39 56 94
46 6 9
72 23 40
36 33 53
59 2 76
7 83 27
90 71 10
93 71 94
67 98 36
59 98 76
11 45 54
58 34 20
61 23 83
44 23 86
72 44 57
29 79 53
66 75 79
2 13 86
24 65 74
24 23 93
81 88 95
72 23 6
47 83 94
82 99 37
11 6 53
11 33 21
3 52 86
82 51 64
24 99 18
54 44 47
4 78 86
59 46 2
47 39 75
37 75 86
31 25 54
3 13 44
25 23 57
62 45 57
36 33 66
31 45 60
11 33 66
54 46 83
67 46 47
87 75 34
29 33 53
62 44 83
66 72 79
22 73 54
29 6 66
54 98 36
37 52 44
67 46 2
11 75 43
39 39 33
72 45 40
22 25 54
92 83 27
45 76 27
72 23 56
2 52 41
44 52 44
54 46 13
11 33 9
2 43 37
80 67 18
82 83 27
77 34 9
36 79 18
22 75 34
75 3 94
52 75 79
82 23 74
93 39 33
39 56 75
58 96 38
76 46 76
72 50 83
58 96 32
2 78 37
46 99 21
72 64 40
11 73 34
0 43 37
82 73 60
24 72 95
58 96 61
7 67 13
24 75 74
98 30 20
39 83 94
47 71 33
7 83 13
47 3 72
30 43 86
24 33 21
59 44 2
24 72 79
81 23 93
2 46 86
52 72 79
90 83 72
3 13 41
58 94 38
2 13 41
82 23 95
0 78 4
3 4 92
45 64 27
65 11 20
29 33 66
77 96 61
45 83 27
11 75 64
11 25 54
21 4 2
72 50 57
82 25 34
76 2 13
77 34 32
76 2 76
47 39 33
58 11 9
59 4 47
25 45 83
66 72 95
39 83 33
92 64 13
30 29 91
45 99 37
36 79 9
65 94 38
98 30 61
61 23 6
72 50 6
45 99 27
90 3 10
82 67 27
0 29 83
7 67 18
11 96 38
66 65 99
19 23 92
80 76 27
11 94 32
3 52 92
22 45 34
25 64 56
54 4 47
61 45 57
44 13 41
82 83 37
22 75 60
82 73 64
29 6 21
81 23 95
67 2 13
90 3 72
52 23 99
36 6 53
72 64 57
4 43 4
25 45 6
82 23 79
47 56 72
21 44 13
98 96 61
46 2 21
82 75 60
54 46 86
25 23 83
11 6 21
82 99 13
66 23 99
67 2 2
59 4 76
81 88 99
44 44 83
90 71 33
82 83 90
92 67 37
82 76 37
45 83 90
11 73 60
45 83 37
45 67 37
75 83 94
76 46 36
2 52 86
65 96 20
3 75 44
36 99 53
81 72 93
4 43 91
61 64 6
67 44 2
75 71 10
66 88 79
59 44 76
45 64 37
11 73 64
54 92 37
45 67 27
45 67 90
19 52 86
37 4 86
22 51 64
44 64 83
92 76 13
98 96 9
11 94 9
24 23 74
47 56 94
98 11 32
31 25 60
0 43 83
11 45 64
22 51 43
93 56 94
11 45 60
11 34 38
47 39 10
39 71 72
30 46 4
87 45 34
24 6 9
54 78 86
37 23 92
19 23 86
98 34 32
24 6 18
54 46 36
92 67 13
87 73 60
45 64 90
19 13 44
52 23 79
76 98 13
36 6 9
65 30 38
62 64 57
2 92 91
80 83 27
66 88 74
3 23 92
81 88 79
24 65 93
82 25 60
92 64 37
59 98 2
24 33 18
75 71 94
52 75 95
81 75 79
98 96 32
81 75 93
80 99 18
62 50 56
24 99 21
82 67 37
87 75 64
39 83 75
3 4 44
82 75 99
87 51 34
92 76 37
67 44 36
54 29 86
92 99 90
24 2 9
82 64 13
72 45 83
44 45 40
82 45 64
47 83 33
65 11 32
92 83 18
87 51 64
44 52 92
52 23 93
90 39 33
31 51 64
46 2 53
25 45 57
24 88 74
44 44 56
82 51 60
62 23 83
98 34 20
82 23 99
66 75 93
66 65 95
24 88 99
93 39 10
65 30 9
98 94 61
67 2 36
58 30 20
80 99 13
75 56 75
31 25 43
2 52 92
47 71 72
76 44 13
25 50 6
67 2 76
54 2 36
7 67 27
11 99 18
2 23 41
87 25 43
80 83 13
19 75 3
72 64 6
93 56 72
44 23 41
24 99 66
80 83 37
11 6 18
77 30 61
24 2 53
82 64 18
21 2 76
24 79 53
59 2 13
93 3 94
44 23 57
93 83 75
44 4 92
61 44 56
19 23 44
67 4 2
87 51 43
29 2 18
29 79 18
80 83 18
11 11 61
46 33 21
47 83 72
44 44 6
19 52 3
58 11 20
2 29 4
54 46 76
37 52 86
25 44 57
81 72 74
36 79 53
2 29 37
44 13 86
75 71 75
11 45 34
24 79 18
21 4 36
37 13 41
4 92 4
25 44 40
44 45 56
0 92 4
75 83 10
11 94 61
46 79 18
59 46 76
54 4 13
11 75 60
81 72 99
0 46 4
82 72 79
36 33 9
82 83 18
98 11 9
67 2 47
65 11 38
58 34 32
30 92 83
22 45 60
3 13 86
58 94 20
75 3 72
39 3 10
82 99 27
44 45 57
11 99 9
82 45 60
76 44 2
0 78 91
39 71 10
98 96 20
19 75 41
22 51 60
2 43 83
82 75 93
90 71 75
58 11 38
11 94 20
61 45 40
54 78 37
65 34 61
62 45 40
52 75 93
36 6 66
4 46 91
87 73 54
2 75 41
82 51 43
25 64 6
39 39 10
2 78 91
77 30 38
62 50 83
11 33 53
24 72 99
24 65 95
44 50 6
82 75 54
31 45 64
44 23 92
37 4 44
65 30 61
36 2 53
65 34 9
52 88 79
7 99 13
93 56 75
44 50 40
76 98 2
11 33 18
72 64 83
46 99 53
19 52 92
93 3 75
58 30 38
77 94 9
47 83 10
90 39 75
39 56 33
82 99 90
54 98 47
75 83 33
25 45 40
61 23 57
0 46 86
59 44 13
30 29 83
46 6 53
77 96 20
76 2 36
