11 94 61
11 30 38
87 51 34
54 44 13
93 3 10
61 50 57
72 50 83
58 94 61
22 45 43
52 72 79
0 46 83
4 78 83
22 73 43
37 13 44
67 98 2
25 44 56
29 2 53
80 76 27
39 3 33
31 45 64
3 4 44
90 3 72
46 99 53
21 98 76
82 65 79
42 65 21
90 3 10
62 45 56
58 11 9
37 23 41
54 29 86
11 51 34
98 94 9
39 39 10
82 75 64
82 64 90
19 75 41
4 29 83
62 67 38
76 4 76
82 76 13
11 99 21
92 67 90
82 75 43
81 75 93
30 54 72
30 43 91
11 99 9
54 78 91
92 64 37
30 78 83
57 0 98
11 73 60
66 23 95
82 67 13
46 79 21
90 39 10
24 33 18
11 25 34
81 23 93
15 40 76
82 64 37
90 39 75
25 11 99
46 33 66
44 13 44
44 44 57
7 64 90
82 72 79
52 88 95
90 71 94
46 33 53
90 83 72
24 79 53
30 29 83
0 46 91
4 46 91
7 99 27
54 78 37
82 64 13
80 99 13
92 76 37
65 30 61
25 45 6
82 73 64
11 75 43
81 65 79
67 2 13
76 47 76
46 33 21
46 6 18
52 72 99
0 97 36
87 25 60
31 73 54
67 4 47
47 52 40
19 75 3
24 99 9
32 14 43
82 45 60
92 76 90
72 45 56
43 95 31
87 91 11
93 3 33
36 6 18
6 12 46
88 12 3
69 68 3
19 4 41
82 72 99
31 45 54
7 67 37
37 23 86
65 30 32
82 75 60
59 2 13
54 2 2
3 23 44
65 86 87
44 45 6
58 11 32
46 33 18
75 83 10
52 65 95
18 65 44
72 45 40
6 40 68
61 23 57
59 4 47
59 98 2
81 37 84
82 73 54
2 46 91
2 78 4
70 33 44
84 89 58
54 9 83
36 2 21
80 99 37
22 94 62
66 72 93
83 70 2
76 38 8
2 4 86
21 54 55
58 43 41
27 2 33
16 18 28
16 60 23
66 88 79
25 45 57
77 34 9
11 94 38
45 64 90
27 44 78
92 26 60
65 94 20
22 51 60
22 25 60
24 65 79
89 5 98
54 44 76
28 39 63
47 71 33
2 29 37
56 38 15
55 63 43
29 99 18
11 96 20
22 84 7
6 37 81
25 45 83
80 24 66
66 75 45
33 86 8
83 58 11
56 98 2
67 46 2
59 98 76
47 50 56
50 51 47
43 74 44
11 99 18
80 23 7
96 36 87
1 89 7
19 4 44
11 79 53
4 38 66
1 73 5
59 46 76
75 56 75
71 90 81
38 39 94
67 98 76
82 83 27
47 56 10
25 44 57
20 27 59
89 19 23
65 11 32
80 33 51
34 49 22
80 43 58
81 65 93
47 83 33
42 96 47
54 69 20
75 83 75
90 71 72
94 55 59
95 9 90
32 80 59
35 36 45
90 15 94
34 79 0
65 30 20
79 58 60
3 75 41
39 64 65
75 70 24
49 36 58
24 6 53
14 94 28
71 49 73
54 46 37
21 27 68
37 23 92
56 70 16
46 6 21
61 50 40
10 97 73
58 94 20
25 64 40
31 45 43
52 65 99
81 65 95
48 28 10
69 37 85
98 11 20
87 25 43
21 72 99
50 87 47
44 52 41
38 8 43
57 62 57
78 69 99
46 99 21
99 78 50
0 43 83
97 52 38
93 39 94
15 60 71
78 24 33
18 21 53
34 96 7
97 60 20
11 24 57
35 1 96
91 30 15
80 64 18
65 94 9
93 71 94
71 96 88
2 52 92
24 88 93
49 98 6
44 23 92
2 64 86
10 63 83
44 13 92
60 17 3
44 52 44
81 88 95
59 10 69
25 45 56
70 18 77
86 91 66
86 56 14
67 99 0
54 37 95
83 68 76
31 13 82
29 18 66
67 44 2
51 74 8
59 14 80
89 75 92
94 50 2
69 15 7
36 47 80
13 20 47
95 4 89
69 46 29
43 2 23
97 8 20
11 25 60
63 74 1
44 52 86
0 78 83
48 47 66
34 35 30
53 2 98
11 30 9
14 56 43
82 88 74
75 12 36
71 9 98
93 3 72
45 76 90
94 16 74
34 41 15
95 15 96
24 75 79
77 30 9
49 73 94
0 92 37
59 44 19
13 68 36
2 75 44
75 3 33
79 70 13
12 18 29
76 42 49
10 53 39
93 81 52
89 35 97
44 64 83
77 51 33
30 43 4
35 16 44
29 64 93
94 54 2
45 99 60
79 37 49
65 94 32
52 11 50
77 54 36
31 79 16
82 23 95
11 79 66
75 55 9
45 90 70
29 1 85
93 56 33
37 18 69
22 73 54
54 43 91
28 8 90
92 24 17
6 55 93
46 85 14
52 2 30
82 73 60
30 78 37
6 61 55
89 65 94
76 13 74
80 56 8
66 29 70
49 27 20
20 3 90
86 6 38
7 43 84
59 2 2
34 92 96
98 94 61
57 38 90
17 18 18
76 72 18
96 28 56
31 73 43
99 60 26
67 4 36
91 66 45
11 69 32
84 17 10
52 54 85
7 3 69
61 45 57
48 96 16
66 49 18
91 24 48
91 25 18
91 86 77
31 93 73
74 27 83
3 4 3
75 5 2
40 55 17
41 38 3
2 52 86
27 99 73
26 66 24
39 71 10
90 3 91
24 99 66
2 29 83
56 26 98
24 2 66
53 19 32
23 8 7
44 45 57
87 75 64
59 20 73
88 15 24
2 23 44
22 76 37
6 66 49
78 76 16
10 75 14
27 41 1
92 16 89
61 23 4
93 39 33
44 23 6
46 99 66
4 75 58
69 53 34
3 97 31
17 72 71
29 33 9
58 11 61
25 91 43
83 7 29
4 46 86
44 23 3
4 78 2
0 56 7
37 85 96
37 24 33
50 5 65
51 39 56
1 78 0
29 94 33
82 99 37
29 6 18
70 36 76
77 25 65
92 20 75
82 1 90
31 92 53
22 75 32
94 85 36
21 44 76
48 66 24
54 2 13
92 15 78
45 83 37
66 20 31
56 62 85
4 29 37
31 85 33
68 74 41
13 56 98
60 70 92
19 52 41
93 25 62
1 59 92
11 6 21
22 92 30
35 36 94
10 62 77
59 46 2
24 2 21
56 87 55
98 34 9
25 66 78
27 46 47
38 44 83
99 61 32
50 77 75
72 59 76
25 34 45
83 91 1
25 33 40
45 21 63
73 33 20
54 43 4
65 29 30
58 23 25
24 88 74
57 31 17
15 12 16
75 3 72
52 9 53
25 31 69
56 58 69
44 9 43
35 36 28
97 49 40
36 98 14
62 45 6
19 32 41
27 4 38
38 66 79
14 77 52
52 68 29
56 61 99
65 3 57
8 15 27
70 0 54
32 69 24
86 32 74
56 39 30
64 82 56
73 59 29
92 71 29
92 76 27
58 66 92
94 7 69
30 36 38
31 8 16
58 80 61
89 9 68
6 55 80
27 69 5
84 11 73
85 87 99
26 31 72
29 6 66
87 62 55
27 43 39
82 25 34
3 73 74
29 33 66
83 19 0
37 75 86
8 33 36
78 63 99
12 21 70
88 64 32
66 88 93
77 30 61
72 28 76
56 48 59
82 45 72
44 13 86
69 80 62
34 75 79
18 80 35
6 87 86
62 23 83
23 93 80
30 43 83
53 40 57
4 20 31
93 71 75
11 96 61
2 43 83
43 5 29
36 23 13
30 77 93
29 1 91
68 52 53
41 81 51
63 65 78
36 42 11
41 50 17
57 43 30
81 6 10
21 4 13
90 64 21
64 55 85
5 25 28
69 68 31
98 15 80
99 91 54
54 84 77
29 82 54
9 43 19
66 79 48
91 64 23
39 3 94
35 96 91
2 23 3
58 30 9
15 20 64
13 65 69
14 45 2
1 3 31
41 35 9
42 37 66
60 83 56
39 22 17
22 84 66
8 40 37
72 33 86
56 63 65
0 60 22
89 1 53
50 41 18
25 50 27
74 44 61
89 11 11
20 19 5
3 90 63
3 23 92
77 94 20
0 29 4
37 4 44
81 83 9
21 44 36
83 17 52
8 83 57
53 15 40
27 16 59
66 34 51
5 93 5
3 23 9
69 32 18
71 76 43
65 30 38
93 79 35
29 99 9
57 49 38
23 91 48
4 43 37
64 16 87
27 46 97
65 46 1
67 59 4
62 44 57
82 83 13
49 55 27
61 44 40
20 75 4
19 14 48
35 58 16
25 61 49
75 17 33
29 79 9
2 95 71
28 84 84
76 46 36
93 32 89
69 76 96
55 45 49
35 47 80
93 83 94
27 3 22
12 33 24
21 54 39
33 4 6
8 91 89
80 96 66
82 84 41
25 21 13
81 13 60
4 14 18
55 73 30
58 96 32
40 3 36
5 97 84
41 15 73
59 78 80
82 67 27
29 54 79
65 34 20
36 31 9
1 80 55
3 23 3
29 6 17
49 41 65
42 18 57
81 39 84
50 98 50
44 75 3
96 76 90
46 2 53
1 15 36
61 64 57
50 53 45
15 68 55
45 89 66
87 16 65
26 49 18
96 22 50
7 96 37
87 34 91
94 78 41
17 8 48
41 34 99
45 64 27
19 13 44
88 43 71
33 7 32
53 78 95
48 29 42
52 14 20
75 45 44
40 13 55
55 31 2
82 83 90
91 23 11
84 42 7
30 46 83
59 52 82
30 76 98
2 4 3
46 65 61
57 52 26
71 75 14
67 39 41
87 45 64
11 6 66
16 81 84
89 40 78
53 99 4
62 99 6
58 96 38
52 27 88
87 6 36
76 81 73
24 6 21
57 32 63
58 96 9
51 24 45
25 64 23
51 96 63
38 89 2
84 45 83
87 73 34
4 36 95
63 19 47
72 29 34
99 20 24
57 49 83
29 33 53
25 70 15
95 8 1
20 8 81
27 52 68
21 92 22
20 1 61
94 91 11
85 21 75
26 87 39
66 36 25
40 40 64
82 69 99
79 51 4
30 45 41
7 78 68
93 52 6
0 46 37
16 16 11
39 19 66
46 79 53
9 84 66
57 72 37
20 82 94
94 21 48
85 22 44
79 16 78
68 38 61
27 93 70
24 91 2
79 57 64
3 23 86
98 30 38
82 23 74
65 27 32
22 25 34
21 1 44
1 12 40
42 66 23
19 92 1
35 98 54
48 69 41
52 96 83
10 19 96
71 35 92
74 28 94
61 23 60
41 36 26
20 91 94
29 23 50
93 14 40
75 35 65
22 89 58
81 65 99
40 58 96
90 91 21
98 13 78
59 88 71
6 93 83
15 68 23
50 74 43
22 25 54
76 68 22
30 73 57
11 94 20
95 50 82
98 40 77
79 3 67
43 29 91
11 73 54
25 23 57
28 10 99
75 39 33
72 82 97
58 1 67
81 48 7
37 94 75
48 82 39
52 46 83
28 54 93
3 83 52
56 8 7
22 28 70
92 68 12
17 45 70
29 84 61
44 93 88
31 31 0
87 84 78
29 2 18
54 46 86
65 63 69
45 83 27
23 67 79
49 29 86
48 21 77
37 81 2
19 87 27
76 17 24
3 13 92
24 84 88
26 49 36
98 67 51
94 34 36
96 62 87
12 64 2
82 83 68
6 13 71
26 65 36
51 53 33
1 63 64
33 8 17
39 35 99
5 49 90
3 22 1
82 3 29
39 23 81
84 72 45
84 83 43
3 22 7
5 9 47
67 96 99
37 18 98
69 90 18
26 86 32
87 13 47
68 63 31
98 34 61
69 12 17
9 72 91
56 40 94
32 40 67
82 25 54
38 27 13
38 13 37
37 75 78
98 11 38
71 99 11
28 10 70
63 50 56
74 63 40
90 50 36
88 7 39
15 3 93
1 37 76
28 64 59
21 31 42
51 15 41
26 17 0
0 97 79
98 86 26
3 20 14
75 87 99
18 33 42
17 70 32
56 92 57
27 37 25
10 87 95
54 16 29
59 51 66
18 88 37
94 93 43
50 76 6
55 7 25
76 46 13
19 23 3
36 79 21
94 97 89
32 18 13
9 69 43
50 1 98
79 16 50
81 23 74
19 13 3
22 41 87
63 64 79
57 68 14
4 33 72
24 23 95
85 98 58
18 43 40
8 98 6
5 27 94
77 43 67
81 88 99
10 4 9
8 55 52
82 99 13
40 46 29
37 14 72
65 24 43
88 7 72
41 22 70
23 18 78
11 86 52
31 58 40
11 61 92
77 23 34
69 66 99
89 74 68
56 54 38
27 49 92
3 13 53
56 94 65
35 60 71
11 44 71
93 62 74
32 63 98
45 3 44
49 71 27
82 88 99
5 70 41
53 12 5
72 62 55
65 82 14
82 23 99
11 30 32
59 64 71
28 68 28
84 8 46
97 46 82
60 15 43
7 30 69
4 56 23
2 21 62
82 65 99
91 74 11
61 46 37
18 5 1
10 86 55
44 4 41
59 93 9
35 48 30
66 42 63
10 52 1
32 5 12
49 45 92
70 38 70
53 98 14
6 13 87
39 80 41
73 67 91
62 85 45
16 5 47
25 64 6
38 66 2
74 20 84
7 64 13
71 48 60
97 24 33
94 76 99
8 71 34
36 20 16
91 63 40
76 98 2
56 59 46
10 8 80
94 28 66
84 5 17
41 35 83
65 62 94
68 48 68
80 22 22
18 54 42
72 12 5
7 14 47
60 10 79
87 3 26
41 34 7
69 3 2
