416 831
832 379
748 215
955 282
379 979
790 599
31 3
282 380
552 678
809 361
975 956
709 339
975 637
416 181
726 100
228 75
348 150
647 312
228 175
636 767
497 234
555 560
871 317
461 989
517 831
31 351
586 38
862 416
105 221
978 380
376 749
915 847
39 721
683 289
67 208
900 515
558 838
703 205
748 604
68 423
31 412
39 602
234 151
376 822
568 175
601 502
887 599
343 232
56 183
185 592
726 13
979 188
613 392
571 892
561 728
809 158
248 269
952 861
157 200
765 770
19 246
313 80
663 321
186 740
212 269
585 342
133 553
680 731
183 437
809 847
647 973
456 55
215 436
540 3
719 664
315 287
813 895
952 980
768 599
399 454
730 968
832 180
19 400
496 697
475 728
313 8
813 831
202 501
558 289
26 832
416 60
462 289
183 892
647 454
586 740
440 398
795 795
840 75
841 181
92 584
234 100
978 786
752 83
31 89
852 267
163 379
695 61
918 550
495 233
827 312
663 204
46 979
554 252
900 892
613 670
212 379
133 956
408 350
77 777
66 175
379 100
611 968
280 851
348 321
300 36
538 731
182 968
273 968
313 911
297 465
664 379
564 984
900 29
493 979
979 592
634 665
752 805
748 748
215 289
540 284
765 268
120 600
364 728
636 895
452 231
27 507
343 87
739 430
439 344
92 900
550 164
163 233
775 89
212 282
585 268
967 38
768 953
215 391
924 749
125 8
669 61
781 658
765 101
924 604
114 181
268 795
385 317
353 494
379 851
192 189
887 560
278 501
462 204
521 735
979 412
739 269
324 133
776 982
180 284
61 412
571 774
528 201
297 101
856 36
157 527
439 892
555 183
813 472
739 373
837 548
564 494
555 689
752 655
157 264
871 979
84 592
639 208
225 584
597 372
39 599
56 651
829 248
765 500
862 436
832 187
105 838
175 13
110 628
809 663
452 121
373 543
979 397
379 317
628 121
429 615
342 321
183 284
439 500
27 678
735 101
957 427
975 553
840 580
768 75
401 778
998 61
952 661
744 121
918 231
458 351
153 269
149 289
545 796
655 231
937 838
189 584
852 550
130 256
355 467
33 605
872 670
790 46
214 188
100 749
571 189
640 295
105 659
451 975
475 289
262 365
131 721
273 851
27 233
249 321
157 276
646 427
205 180
120 548
67 29
655 306
336 526
967 550
58 321
550 52
726 487
634 232
19 674
249 873
871 321
776 164
998 321
116 628
900 895
517 911
408 175
202 189
34 350
496 423
726 795
695 891
56 599
952 548
748 838
809 178
264 89
692 547
550 982
664 252
744 82
34 543
781 548
27 655
234 548
36 264
847 584
955 557
39 543
56 175
153 347
759 982
66 602
127 850
663 873
900 358
36 372
545 526
110 252
564 721
888 831
683 843
862 891
641 595
199 670
719 502
967 777
657 398
924 838
775 902
253 33
300 372
730 8
937 75
703 306
189 989
249 380
647 267
918 121
540 183
521 697
248 118
776 420
163 221
416 472
399 180
795 661
401 982
852 804
979 584
68 430
568 75
975 892
300 527
253 347
440 389
475 627
497 419
342 674
558 52
362 268
91 339
765 975
719 454
84 29
497 851
376 954
114 592
735 902
58 661
412 29
355 584
747 564
336 917
348 503
595 979
175 734
469 956
282 416
214 106
595 490
31 592
373 971
238 892
707 75
979 580
66 979
233 571
739 252
829 740
500 200
468 232
439 637
219 234
683 665
887 183
186 911
827 205
597 501
34 295
641 118
955 373
401 226
456 372
131 183
343 52
595 246
669 416
639 537
748 221
234 600
495 941
597 101
597 55
601 851
170 321
77 83
27 265
38 276
432 908
998 674
345 256
27 560
91 868
31 902
986 339
451 870
278 36
837 102
552 664
695 786
149 982
228 490
212 647
813 740
559 516
978 400
461 168
856 112
432 55
91 267
815 822
558 389
564 953
887 971
955 234
967 870
46 971
683 847
967 254
519 504
550 516
61 397
199 112
153 42
550 232
26 418
840 507
655 419
102 795
790 423
300 264
641 373
324 548
497 734
349 226
521 282
575 60
966 868
540 271
979 500
582 215
986 38
38 101
790 350
116 33
790 295
571 584
634 778
105 75
189 101
199 599
61 284
683 420
127 843
61 351
568 602
813 38
185 89
568 219
322 430
687 236
915 928
663 627
493 317
553 423
27 749
362 254
308 731
781 317
795 600
100 584
775 233
33 979
362 500
189 372
34 602
39 295
322 282
214 507
264 412
461 189
978 503
175 419
597 276
373 46
517 8
157 36
555 490
66 490
707 490
185 344
225 604
100 774
116 347
219 321
703 851
91 892
262 786
957 822
131 46
315 900
628 312
550 289
730 767
495 604
91 3
308 372
234 661
234 133
856 527
862 321
639 29
669 380
401 665
84 892
58 605
976 516
116 526
432 571
199 873
282 321
199 728
613 564
640 953
555 219
735 284
568 543
469 870
744 749
212 735
475 61
87 658
149 665
253 180
542 580
552 267
775 749
248 595
84 911
687 219
308 76
552 265
399 33
847 215
664 42
628 954
27 502
571 42
399 678
280 661
27 900
967 267
957 454
249 670
268 419
125 851
324 487
61 268
553 85
68 557
462 786
719 973
776 861
768 236
493 441
663 380
871 984
336 697
68 42
975 268
234 734
66 423
696 896
451 956
279 236
615 805
636 80
692 979
975 83
345 158
887 689
313 257
558 226
493 548
979 659
528 181
159 670
561 16
469 284
862 728
601 82
349 861
379 419
162 804
955 347
349 52
583 778
281 83
528 838
837 984
747 289
175 548
952 516
219 661
852 678
683 158
967 664
345 361
401 256
33 441
440 516
159 674
683 778
937 221
730 257
456 101
776 178
27 454
955 628
77 956
440 838
583 896
469 770
967 592
475 416
163 287
324 439
92 188
809 982
768 350
215 674
696 289
120 13
61 975
225 580
67 502
199 380
91 770
163 917
461 200
300 276
975 592
765 553
559 774
640 886
279 246
918 38
437 158
268 984
495 398
273 592
664 796
199 400
279 350
364 150
528 774
349 778
439 770
61 83
440 748
128 721
300 879
385 734
900 38
233 372
597 599
840 682
131 655
924 900
646 339
628 678
564 133
955 187
458 770
379 234
439 975
709 186
998 391
582 188
595 236
585 553
748 75
297 183
429 208
182 60
829 968
501 158
475 674
521 423
273 29
986 550
976 287
641 282
67 767
336 269
38 183
66 599
249 728
979 637
468 554
120 605
976 749
324 13
744 851
100 936
813 767
461 467
282 674
84 60
116 595
475 246
110 180
373 295
952 100
571 101
68 180
362 777
228 219
646 678
273 38
264 284
640 183
313 968
376 851
747 391
687 602
67 678
186 257
264 770
840 941
379 980
639 851
300 731
583 232
575 80
183 423
56 721
582 507
163 430
952 832
182 80
827 749
540 553
871 600
871 548
597 467
268 312
278 200
542 584
149 164
399 38
597 989
636 248
957 231
336 180
437 832
918 82
655 13
586 592
91 284
640 689
837 100
497 984
343 256
669 564
559 936
279 295
297 527
348 564
324 851
756 200
542 106
747 416
128 175
641 252
385 234
180 101
829 208
571 271
687 953
12 16
571 663
133 254
56 236
915 52
967 427
278 527
105 181
540 276
976 900
102 441
437 52
564 100
352 269
324 312
199 271
56 953
186 60
829 80
655 100
664 373
322 187
628 664
837 600
182 75
39 560
253 430
500 465
847 389
233 892
815 306
199 76
554 180
745 183
180 592
27 941
703 265
19 786
248 796
348 728
840 201
552 427
105 389
593 740
640 246
615 543
429 181
27 721
952 87
67 121
998 204
92 838
586 8
131 295
278 879
967 502
105 398
262 728
67 333
399 595
628 502
130 928
752 254
765 342
918 186
199 527
497 494
46 183
692 350
141 248
747 728
67 615
345 87
451 412
475 504
583 361
564 602
67 777
238 29
163 735
655 548
564 350
452 265
856 465
835 843
398 284
957 339
219 133
955 796
249 576
163 269
813 892
564 321
264 101
462 61
683 982
189 276
628 205
153 774
348 380
219 102
497 13
655 550
493 439
157 168
888 592
67 205
228 602
297 989
915 843
27 602
775 516
756 599
192 584
77 770
795 102
888 248
183 118
26 516
141 38
364 61
752 777
159 321
775 892
561 564
214 201
680 76
719 306
153 85
528 900
521 628
127 226
58 317
401 832
68 880
452 954
68 373
745 527
669 150
189 571
628 82
77 101
937 749
439 777
918 454
437 982
571 778
663 576
398 412
91 454
583 928
192 527
379 600
408 543
373 560
695 670
795 321
322 347
967 804
586 537
553 33
297 908
634 850
553 347
432 584
841 941
153 187
952 795
324 494
730 892
726 234
439 342
408 805
707 979
552 312
795 151
564 490
695 391
585 637
611 38
149 232
815 954
429 358
540 584
19 61
862 246
114 257
521 526
568 490
77 342
840 774
58 312
322 735
856 189
125 740
542 749
91 101
128 655
775 221
315 584
748 398
