278 276
634 847
31 412
297 571
735 83
39 350
748 215
655 600
900 740
517 60
68 269
125 777
497 734
475 576
595 805
687 886
262 321
640 805
77 500
262 503
355 892
636 831
308 908
91 868
26 554
707 236
440 749
228 560
248 347
628 427
439 284
352 33
521 33
613 400
84 472
343 928
215 503
558 778
183 83
955 658
67 257
680 55
752 870
39 971
571 554
214 682
313 911
597 55
308 372
639 592
639 831
840 215
153 430
748 936
979 398
862 400
501 226
281 254
564 419
412 615
540 592
399 557
837 661
278 168
376 312
695 416
180 268
58 439
67 339
469 770
355 168
583 896
918 306
719 678
634 420
747 503
495 215
175 100
707 547
77 101
703 664
611 777
451 637
967 121
282 246
759 850
58 419
215 786
91 902
955 118
663 380
657 682
131 651
571 178
586 358
279 689
133 83
586 740
110 118
163 430
163 604
887 175
540 467
324 984
141 740
837 151
781 851
399 628
36 465
809 87
432 465
141 8
521 118
399 85
401 418
67 973
27 543
159 380
752 655
840 398
952 102
967 101
141 358
669 576
952 226
175 984
114 257
399 82
545 347
282 670
315 580
545 880
840 580
640 175
131 953
747 16
696 928
550 778
634 928
462 204
696 663
234 441
279 651
163 735
634 87
268 980
182 29
669 416
595 46
611 472
655 795
559 221
561 504
416 968
116 917
408 651
238 592
966 502
628 121
571 861
553 282
212 423
401 178
696 832
116 647
900 472
955 734
918 678
163 697
639 8
345 289
900 911
783 693
313 892
297 183
872 365
342 674
827 664
554 647
813 740
776 226
862 576
655 317
67 515
264 268
157 276
192 76
827 804
856 112
452 749
153 379
91 89
278 571
841 900
517 537
545 735
186 831
571 189
966 339
976 604
966 312
747 873
776 178
202 76
279 721
225 584
775 437
253 373
462 246
915 847
571 595
439 342
91 954
640 236
747 321
709 954
343 164
553 33
297 112
175 234
87 439
967 500
781 321
790 75
461 372
336 373
976 106
775 3
192 276
282 392
416 777
215 380
975 770
496 423
324 600
26 663
228 295
105 900
781 979
27 183
564 151
225 838
564 234
519 564
552 851
636 472
348 321
871 151
281 892
249 416
228 183
183 342
105 867
542 181
615 979
748 106
461 36
149 178
440 584
353 851
813 75
634 289
636 968
376 954
264 3
595 979
416 29
34 543
748 748
186 592
495 774
979 201
558 233
832 647
967 502
68 557
62 823
687 543
182 777
571 276
399 186
657 774
657 936
315 287
872 503
519 150
185 777
683 418
687 116
915 164
67 749
273 968
437 361
219 851
829 358
264 342
192 189
268 102
735 351
765 592
77 870
379 419
707 655
352 735
768 219
31 553
352 42
77 975
170 786
127 361
485 726
46 423
571 599
34 805
682 604
756 76
120 312
67 615
185 342
282 204
249 204
432 76
500 55
31 891
829 851
233 527
813 911
199 670
130 516
439 891
77 3
636 615
12 150
745 571
636 537
56 175
133 500
542 659
219 795
924 748
468 178
568 599
133 351
342 246
77 637
67 678
501 861
978 576
452 306
175 661
832 796
141 777
212 917
401 896
92 106
726 605
269 470
837 312
87 13
199 892
412 892
475 289
439 770
837 795
39 953
67 868
976 201
180 956
352 347
647 231
664 628
58 13
781 487
976 389
215 391
957 749
61 777
186 851
628 312
131 46
815 454
77 770
234 851
663 150
264 956
978 564
153 33
92 580
163 252
628 306
957 664
92 233
253 595
657 941
355 879
432 989
469 89
342 150
364 16
540 76
585 500
952 847
279 423
924 389
888 895
46 560
521 735
300 989
790 689
162 663
183 89
554 735
542 233
159 16
692 651
646 560
568 689
228 543
601 868
432 183
646 339
189 271
979 838
127 52
555 979
894 905
558 181
768 350
202 264
966 265
364 61
582 287
189 168
730 831
282 891
212 735
872 504
775 221
33 487
521 697
131 175
939 601
768 490
458 342
38 529
61 342
264 344
68 187
412 777
857 935
628 38
597 908
695 873
496 647
628 333
744 333
373 721
401 158
348 61
67 208
585 553
170 365
759 418
149 289
497 605
456 271
437 928
862 150
558 178
116 796
456 908
87 100
545 423
528 233
130 87
517 851
182 615
571 36
847 584
27 201
745 168
26 87
153 269
141 592
202 599
159 728
866 838
319 399
384 692
225 682
496 735
790 602
872 246
84 968
748 201
813 968
639 851
149 418
669 627
559 604
829 181
385 548
730 851
475 416
695 786
247 308
233 76
582 748
362 891
692 543
437 778
640 979
27 851
92 201
150 797
66 543
468 843
924 215
451 892
401 982
364 503
92 516
324 980
585 342
308 276
709 186
228 721
399 822
841 580
709 749
114 80
85 423
114 615
264 870
585 254
128 236
683 420
401 663
132 757
440 75
273 767
324 661
183 347
641 85
234 548
979 3
703 306
248 252
745 189
365 481
553 187
963 17
205 33
571 430
399 205
571 527
687 602
768 560
183 42
131 295
399 38
730 472
967 284
327 2
790 846
832 269
67 8
165 123
736 273
768 46
756 55
664 379
228 175
408 246
36 892
91 83
324 979
461 112
586 80
398 777
322 85
280 234
58 102
809 817
248 746
102 795
315 215
553 735
640 689
636 740
169 553
162 265
540 271
244 420
180 892
915 420
561 380
558 289
185 284
77 83
695 728
279 183
952 232
496 526
611 892
27 936
564 605
251 187
102 548
219 658
657 507
840 941
575 208
163 233
228 490
613 365
768 651
795 487
215 321
615 805
253 557
34 46
353 980
432 908
655 973
182 358
493 795
568 183
840 75
978 380
540 870
416 80
418 956
189 584
555 655
248 557
232 590
44 204
641 379
615 175
192 599
967 592
56 543
583 289
528 936
439 3
114 740
357 331
38 892
583 778
163 647
526 140
175 49
273 851
84 537
462 503
918 231
639 777
952 418
102 605
233 731
658 116
120 795
399 379
114 60
555 423
496 269
628 822
399 267
78 97
199 271
975 637
952 832
967 891
647 205
401 226
537 780
437 178
412 181
214 389
162 267
215 365
692 689
564 439
545 322
385 13
102 487
91 891
189 264
31 397
708 516
692 560
517 892
68 628
695 391
186 80
495 287
595 423
175 102
315 106
20 707
456 501
554 187
594 114
451 592
628 454
66 490
655 605
517 38
264 412
829 968
429 592
68 526
33 317
495 580
829 29
281 956
343 850
280 321
776 843
461 989
105 659
815 678
34 547
687 183
703 205
416 358
657 188
133 344
841 233
234 661
249 503
162 516
452 312
687 599
141 911
384 213
703 427
695 321
640 246
545 533
315 996
952 158
61 101
38 989
130 665
496 796
700 784
192 527
218 113
184 928
613 416
461 76
376 550
180 637
764 271
110 85
160 439
959 205
108 205
564 984
683 778
282 391
872 674
760 988
655 267
775 682
915 289
538 112
585 284
768 547
68 917
458 553
976 900
461 465
315 188
888 892
421 6
27 516
461 879
986 306
489 541
752 971
68 665
12 391
639 895
56 490
582 682
852 339
127 896
249 61
39 236
282 150
268 979
297 271
212 379
214 201
225 749
768 423
554 33
901 319
628 186
553 880
595 490
808 968
238 208
758 601
493 661
647 121
458 83
636 29
56 46
91 592
175 658
639 29
31 870
608 838
268 234
571 164
385 441
157 183
348 891
560 342
440 215
671 804
116 85
615 236
185 975
70 612
709 339
966 267
680 276
815 333
381 715
114 777
695 627
775 592
170 246
521 347
841 221
58 864
663 436
667 888
967 956
314 384
586 592
233 372
131 547
550 164
162 231
215 873
342 380
775 233
726 661
905 375
131 721
189 731
776 860
433 359
100 682
157 731
84 740
105 748
383 583
437 850
26 164
336 282
856 183
795 312
647 550
838 245
225 900
47 394
772 112
228 805
538 189
91 3
499 979
663 891
310 787
976 838
856 36
841 201
900 892
937 682
687 689
707 599
222 618
516 70
412 358
324 487
952 317
555 490
67 892
975 500
493 234
683 832
862 416
207 996
352 526
552 804
872 416
219 487
795 419
809 896
839 588
534 202
756 724
527 362
604 174
545 557
900 75
480 996
27 188
490 839
582 941
461 599
986 804
149 928
56 245
632 56
726 321
571 269
587 9
921 974
835 178
110 269
418 928
966 205
646 822
34 175
163 595
27 398
561 391
647 186
262 674
450 510
730 968
550 178
528 682
270 898
646 231
483 34
455 390
571 628
110 42
150 597
707 411
696 226
362 592
233 831
349 832
192 372
87 795
140 984
523 565
500 271
45 259
4 436
182 968
967 270
664 118
376 339
202 112
871 317
494 187
496 85
670 950
647 664
747 289
170 627
675 484
153 735
422 503
955 102
92 748
745 76
575 777
763 814
115 220
185 101
966 454
863 662
585 892
745 879
313 181
229 727
61 254
127 164
955 13
752 350
597 112
955 282
182 80
747 989
462 674
555 236
695 150
128 219
975 351
