219 439
355 989
559 75
180 83
202 101
967 749
238 75
664 33
615 547
228 350
636 851
564 661
437 832
398 500
832 880
501 52
268 441
872 380
225 188
636 248
182 740
364 246
36 501
120 312
832 42
157 599
183 101
469 553
273 537
412 208
27 682
646 205
735 3
558 554
163 282
571 735
440 181
564 651
739 774
571 731
182 615
528 287
199 416
735 342
253 33
575 895
571 101
841 188
215 61
355 527
952 928
583 850
657 838
978 365
832 595
655 734
182 38
726 13
110 180
452 822
552 868
540 200
593 592
496 628
324 658
401 778
519 416
496 880
362 83
469 500
189 892
12 627
813 75
568 543
36 879
440 604
297 571
91 892
355 731
517 75
192 55
815 804
709 822
110 423
432 168
268 661
692 490
432 112
373 602
39 423
748 659
199 527
324 234
558 75
120 979
214 75
348 670
68 735
432 189
680 908
26 361
496 526
748 749
664 595
827 678
282 564
27 46
308 264
790 543
130 256
322 252
540 879
322 774
872 391
27 175
353 151
38 55
955 33
611 831
795 321
837 984
586 592
542 398
461 571
986 427
264 351
613 289
795 13
253 373
495 900
91 678
745 168
87 419
739 697
998 400
497 441
561 786
278 501
373 805
186 358
829 8
36 183
528 201
730 592
593 472
978 150
871 600
967 770
352 347
61 284
955 252
655 441
496 430
33 605
469 397
952 665
955 100
924 748
703 339
432 879
952 234
67 831
840 774
918 265
228 953
408 219
887 246
640 350
564 605
183 252
308 36
157 527
469 870
313 537
768 651
735 592
636 60
36 168
561 670
248 423
837 151
634 87
352 379
924 188
768 46
159 504
66 350
26 158
966 678
709 851
268 100
153 85
646 804
835 928
27 516
105 507
77 770
550 87
279 246
475 321
27 312
613 670
595 46
412 968
719 804
192 989
730 208
175 419
280 234
703 851
27 333
496 187
872 670
315 233
399 186
976 659
163 516
669 380
183 83
412 515
225 233
582 389
408 423
585 397
202 264
976 188
439 770
952 441
315 188
655 502
401 516
692 721
558 215
695 891
110 379
967 891
735 344
639 895
324 100
141 358
979 516
34 295
87 658
561 321
385 321
957 186
462 674
313 181
437 554
131 721
655 851
451 975
183 774
571 112
747 61
46 602
540 254
966 82
67 339
36 101
39 246
558 584
986 267
128 651
538 55
278 879
432 467
564 75
458 437
189 372
745 908
639 38
452 186
228 689
647 82
408 175
58 980
398 437
128 246
56 295
205 557
27 584
342 150
571 465
159 321
835 232
163 557
937 936
192 183
105 233
730 515
26 665
915 896
559 659
795 661
966 954
67 804
888 740
180 342
601 868
128 350
342 16
362 592
564 295
183 180
979 412
324 151
352 252
967 502
192 264
58 441
408 543
601 312
978 321
967 254
26 232
707 75
695 321
439 397
542 287
114 181
683 158
163 373
67 777
67 427
493 102
601 231
550 178
790 651
189 264
739 735
77 397
558 928
669 670
234 321
871 133
91 550
979 659
550 850
300 527
234 439
408 979
68 628
362 891
976 748
752 412
558 900
149 87
719 851
957 231
153 180
837 979
521 697
308 879
38 276
279 423
553 423
664 85
273 60
493 795
355 55
324 980
38 183
501 232
349 256
561 873
205 735
900 892
180 351
500 599
726 321
345 256
27 580
458 342
613 728
297 501
558 659
399 282
781 312
280 980
553 252
937 682
234 100
847 659
545 187
641 252
183 347
552 502
493 984
986 822
730 777
918 550
170 627
519 365
87 984
540 467
571 200
528 106
887 979
26 226
268 13
571 554
538 112
887 350
475 728
343 843
38 372
373 46
628 38
355 276
87 439
77 3
308 276
768 175
279 183
752 295
268 494
765 83
300 264
399 735
657 233
540 284
745 879
348 891
501 289
827 267
759 289
398 342
957 205
837 734
582 774
127 516
775 838
540 571
84 892
102 851
127 982
695 416
67 911
34 236
27 604
345 847
180 891
768 721
67 205
835 418
915 232
813 472
887 721
998 564
521 347
324 317
376 265
133 342
571 379
888 75
840 682
348 392
120 151
545 595
349 418
215 674
966 312
827 339
412 740
540 891
373 295
324 494
100 221
141 892
219 100
552 427
657 682
542 75
952 847
655 868
36 76
937 941
185 975
558 106
149 226
133 254
61 351
180 89
840 287
67 333
278 264
199 731
249 150
575 80
692 543
636 38
125 831
280 321
550 164
456 101
564 953
33 321
352 917
613 150
185 553
550 896
937 774
918 822
192 599
127 928
813 257
416 615
163 526
628 749
281 89
558 420
815 265
116 373
205 180
559 188
719 973
966 851
739 647
214 682
280 487
809 420
202 731
528 181
238 777
159 204
31 592
500 989
163 430
664 373
238 911
871 548
219 151
68 697
545 85
601 267
613 873
19 365
185 770
46 886
815 121
376 954
27 659
719 664
795 487
399 664
27 900
571 42
564 984
575 358
495 398
827 973
776 232
781 439
439 284
353 102
496 269
398 553
521 880
571 982
695 786
683 87
27 838
300 36
212 430
496 697
248 774
408 547
249 400
558 774
67 740
571 584
170 436
273 968
91 284
185 592
636 831
67 358
517 472
186 80
128 490
300 372
215 391
116 33
399 373
225 774
759 178
133 268
183 342
550 554
759 158
735 770
664 187
225 749
268 312
163 33
364 674
613 61
141 895
555 805
615 246
657 287
456 372
975 89
752 236
692 602
468 418
692 979
185 397
475 891
281 975
398 870
595 175
585 89
26 554
979 870
967 637
595 655
19 436
141 60
493 13
192 36
114 911
170 204
683 861
87 100
91 427
34 219
27 599
105 749
91 339
234 980
966 333
183 891
595 236
827 954
215 380
655 102
752 75
56 423
92 584
595 490
379 734
538 36
91 254
552 454
840 936
183 777
199 501
521 430
189 467
385 494
141 208
215 728
918 339
829 208
872 503
615 423
170 61
955 487
829 358
432 731
234 658
739 379
253 735
105 584
412 248
640 547
77 344
558 507
538 989
752 342
747 674
468 52
776 665
813 895
273 208
583 843
461 584
554 269
550 226
493 734
279 953
952 600
452 312
550 982
399 526
641 423
77 956
27 868
719 121
680 183
31 3
36 465
872 400
120 441
31 351
27 38
575 8
900 831
748 221
268 102
452 339
519 391
571 256
957 664
663 436
615 805
376 851
634 232
887 689
493 100
362 397
937 507
408 655
182 75
924 181
583 516
781 658
756 599
163 42
692 805
353 548
125 592
262 674
127 554
352 269
986 312
19 400
998 786
759 778
102 317
353 13
281 268
452 82
571 896
440 749
264 891
183 344
27 306
114 208
680 264
528 604
228 886
663 873
120 980
110 628
67 502
84 8
726 661
709 121
214 659
759 232
376 121
379 984
500 465
835 516
703 973
586 38
401 554
979 770
781 321
91 82
461 501
500 527
61 956
77 101
832 269
775 3
564 487
601 121
185 437
91 344
696 158
342 392
559 838
765 870
582 221
249 674
568 183
212 735
986 454
100 900
157 892
432 989
615 689
279 971
815 339
39 75
225 181
61 397
114 248
552 306
521 379
353 734
975 892
957 121
437 843
313 248
398 3
416 911
613 321
555 602
790 953
692 886
215 503
709 454
615 602
212 595
58 321
56 599
77 437
571 158
162 418
38 908
496 796
31 344
91 437
496 180
205 373
183 42
640 175
613 400
559 201
586 777
795 312
655 973
545 180
233 599
249 576
297 101
157 584
597 112
159 674
703 868
571 571
640 75
130 87
238 80
19 246
669 289
655 980
976 838
87 734
280 312
540 344
268 795
128 183
461 465
813 358
669 786
585 83
586 767
46 219
496 282
955 118
105 659
12 786
212 379
353 133
545 252
559 748
550 778
832 347
475 400
966 121
205 42
856 55
739 595
253 697
918 868
687 547
186 248
452 868
813 767
12 504
100 584
56 183
669 400
744 868
401 861
451 3
68 252
695 674
58 439
92 900
979 900
559 604
998 576
872 204
998 16
219 851
162 847
640 979
163 941
776 982
66 547
564 655
613 246
399 312
593 80
887 543
657 215
967 454
189 189
429 515
955 795
657 580
856 112
162 868
495 181
462 436
157 276
348 576
739 373
571 232
752 655
827 822
385 234
924 941
225 659
538 501
593 29
809 843
199 365
634 778
967 975
27 678
952 312
555 490
669 392
540 189
162 778
379 151
634 896
692 971
33 100
336 697
601 664
856 584
683 982
955 234
268 734
163 749
571 847
664 269
461 467
36 36
582 838
795 151
493 487
399 851
401 164
669 627
709 186
26 164
887 953
517 60
979 891
979 284
364 627
322 85
475 576
214 507
636 892
924 221
412 257
979 344
528 584
324 851
12 321
829 740
33 661
462 204
856 731
183 595
364 786
133 956
827 121
871 658
153 647
976 215
238 767
451 89
809 418
219 661
353 441
398 101
364 321
554 796
640 886
249 246
745 276
775 682
871 795
67 208
84 257
744 121
847 201
461 36
