217 100
954 708
678 157
685 518
618 284
966 905
799 596
221 919
508 525
831 993
869 660
208 810
625 362
991 443
156 183
757 518
11 401
749 362
71 251
70 828
435 867
376 565
899 852
120 14
789 215
688 46
693 144
410 62
143 683
863 863
530 100
863 144
665 834
718 905
181 644
635 76
417 870
143 955
332 573
386 452
763 62
111 299
262 936
816 962
687 385
966 362
173 557
649 600
902 444
171 487
774 505
961 399
962 578
678 215
968 100
420 254
321 545
816 300
173 417
261 645
22 878
979 266
112 785
278 449
410 538
961 754
372 260
901 832
687 785
393 266
44 144
928 505
831 538
869 300
530 927
565 962
791 154
759 756
53 951
61 97
310 81
846 226
659 962
221 449
749 90
791 110
461 399
759 467
927 847
589 457
376 214
789 991
102 405
864 809
944 860
704 219
830 229
898 300
79 778
517 573
457 416
488 951
954 273
823 437
114 171
486 50
962 901
208 3
757 968
988 819
490 46
815 810
870 832
688 326
34 534
687 487
122 540
441 326
486 14
6 470
420 135
866 69
875 876
450 295
804 565
1 417
301 735
869 927
932 62
310 110
211 251
118 139
26 915
763 538
211 661
193 544
563 507
408 416
920 888
343 557
61 809
678 102
301 732
674 401
716 229
565 164
353 578
278 337
730 923
111 100
968 50
92 832
503 228
500 160
336 260
618 139
816 44
208 778
112 726
26 229
143 326
70 467
863 708
625 268
70 164
241 10
749 268
181 362
332 215
966 443
917 567
718 470
853 741
774 333
731 102
762 519
304 160
730 978
816 860
988 500
968 251
248 62
718 223
240 682
37 518
118 962
789 932
966 855
940 969
248 426
863 493
112 939
849 164
728 644
53 578
79 418
143 821
48 606
589 819
100 501
118 702
211 14
449 714
59 437
193 210
219 991
733 183
727 671
306 452
875 254
410 991
954 114
261 449
37 635
215 702
112 487
120 114
954 660
545 135
22 295
441 683
741 819
649 821
621 745
618 645
173 214
563 69
457 803
439 216
249 437
185 939
70 860
830 157
114 172
211 567
602 546
79 368
901 50
441 834
741 321
578 44
890 661
718 411
420 347
954 293
706 469
554 401
211 44
920 518
125 418
712 432
578 702
442 778
442 286
835 321
957 606
597 876
514 154
898 452
869 114
332 316
928 531
899 299
435 751
220 139
712 110
304 339
849 599
863 174
899 701
371 29
70 487
117 574
730 348
292 172
241 714
285 899
615 260
875 878
450 951
118 226
530 736
665 596
173 615
991 905
853 557
310 69
875 347
71 452
898 487
219 867
118 3
791 545
139 968
583 416
188 3
583 531
420 493
738 183
300 596
150 103
625 487
306 337
410 978
712 69
332 157
139 76
36 776
909 154
615 968
34 226
22 876
815 741
940 965
143 927
215 756
417 268
991 271
173 596
730 5
386 544
554 852
470 519
470 293
835 765
597 144
651 268
36 736
547 962
441 308
488 803
727 174
958 139
343 832
863 690
640 321
640 271
962 251
384 809
36 505
456 726
486 901
48 100
117 690
100 216
449 100
602 268
415 76
217 803
899 951
372 598
759 286
572 732
442 452
301 158
823 969
587 955
489 214
898 965
11 223
718 899
456 785
730 417
11 596
572 863
774 726
712 834
976 531
875 471
262 260
92 219
831 493
618 337
846 210
621 919
689 878
6 965
991 644
635 154
59 89
439 819
816 283
394 135
185 474
994 867
447 449
6 600
37 160
848 219
508 565
685 936
849 860
901 469
336 596
688 899
872 538
185 505
62 197
486 505
486 898
741 939
204 567
659 702
70 300
442 810
890 544
863 671
791 260
932 316
122 899
635 507
791 635
816 308
111 938
589 157
70 810
188 965
530 246
831 308
456 443
11 326
503 923
944 171
490 899
220 756
901 643
336 120
452 867
450 505
674 252
649 252
474 649
348 405
883 467
968 898
898 815
278 184
111 578
272 252
917 682
92 525
447 226
877 417
498 333
958 557
583 951
61 471
727 14
988 102
846 172
474 615
496 444
689 229
185 598
804 810
423 606
730 595
6 713
348 969
782 402
681 216
171 667
642 273
991 847
423 114
241 444
321 154
220 955
215 467
870 649
640 90
730 959
449 251
449 898
264 644
61 135
514 518
870 219
219 62
694 286
685 635
716 876
441 955
530 14
749 183
883 828
966 183
901 557
408 927
731 426
940 470
490 470
348 89
193 919
730 402
34 284
789 457
738 870
869 852
940 100
114 226
435 316
954 832
62 905
693 339
420 471
616 545
44 863
493 955
642 519
712 968
535 643
486 756
659 667
150 339
587 671
153 518
20 745
372 507
565 702
204 405
652 251
652 702
789 216
450 690
508 214
688 226
488 736
954 969
816 226
954 596
188 667
988 426
968 578
901 795
2 938
635 579
127 219
688 40
800 254
2 10
118 863
799 927
587 114
279 600
727 98
848 94
731 819
26 751
659 164
384 254
944 863
635 908
122 683
488 531
248 962
651 939
118 919
336 959
966 939
217 578
944 283
749 487
208 599
940 682
336 741
450 103
831 852
193 534
659 44
118 667
944 418
928 578
371 661
979 557
310 968
718 226
994 962
688 252
249 567
143 223
26 819
71 828
741 102
452 538
572 46
957 821
652 487
114 184
689 538
181 268
620 968
804 214
800 471
883 810
393 642
909 908
310 228
496 438
26 308
321 402
890 251
185 513
798 754
488 938
503 69
774 735
266 598
554 702
304 295
79 962
635 611
976 14
954 539
954 519
800 863
219 174
741 487
450 97
143 540
890 505
957 223
554 252
994 819
321 936
774 284
789 567
799 46
625 513
384 97
687 855
547 102
693 876
991 939
394 809
565 286
266 765
470 969
359 938
927 487
572 592
447 645
718 183
849 962
221 158
386 592
143 252
384 144
665 540
353 938
34 732
442 467
597 951
486 592
193 171
642 606
269 487
991 321
890 139
332 932
376 116
241 578
217 531
517 945
514 936
439 316
901 525
872 819
869 401
384 951
37 598
712 955
741 538
336 94
6 300
53 776
211 962
410 819
272 326
665 600
991 598
204 174
306 184
1 642
26 46
530 951
940 497
883 286
301 592
730 962
240 29
535 417
450 100
652 815
53 898
500 295
117 809
285 600
278 645
211 815
848 348
652 599
490 300
450 809
762 962
530 10
306 544
932 5
815 116
264 785
741 765
863 897
988 945
204 955
991 513
264 765
22 538
830 567
816 852
332 500
261 452
181 847
70 599
332 141
188 418
353 736
304 97
461 876
890 171
954 921
898 702
804 438
685 545
846 645
749 321
343 615
150 135
831 713
442 828
621 645
545 160
143 834
269 251
150 229
678 62
902 416
712 211
968 661
848 596
241 100
621 46
823 497
738 513
687 197
122 226
410 945
863 229
127 595
763 991
22 160
336 432
249 493
678 141
728 855
991 726
535 649
789 573
384 103
488 299
336 579
870 642
306 171
706 642
269 300
649 683
321 507
693 809
958 735
292 735
798 493
343 417
800 538
782 432
800 754
640 474
849 487
114 452
343 116
490 401
34 955
193 863
652 368
957 300
20 534
120 567
489 557
954 525
359 736
685 507
500 951
496 100
816 701
112 855
716 809
563 154
100 962
674 223
301 756
310 888
450 876
332 978
597 347
853 649
486 578
44 493
733 411
336 438
349 642
292 544
704 596
920 598
887 519
208 756
927 443
241 927
59 519
217 505
635 968
823 98
457 736
452 932
762 286
372 518
70 251
439 567
120 174
188 452
445 160
901 951
410 751
53 927
300 300
118 815
34 46
704 642
589 962
791 81
835 474
728 321
493 592
616 432
940 405
694 3
211 667
902 736
420 144
272 596
625 197
79 251
26 867
789 157
687 505
217 299
100 5
220 333
222 567
508 266
393 94
173 741
716 878
890 46
642 660
716 339
188 519
688 540
435 457
452 316
674 834
944 333
863 809
875 229
927 197
782 518
799 852
901 595
139 69
877 348
730 716
547 501
994 157
572 333
759 702
359 714
730 932
731 215
394 878
353 416
269 44
640 939
221 171
261 171
749 785
204 100
53 438
163 14
875 690
759 283
712 545
20 171
1 741
503 110
120 293
79 702
853 417
22 97
222 573
59 493
554 300
301 745
188 300
909 142
181 546
563 936
240 14
461 538
535 214
156 321
578 251
100 991
730 62
831 915
102 606
393 116
264 546
928 467
966 785
181 505
578 368
917 606
988 962
150 295
48 174
498 534
762 702
171 467
11 470
508 348
310 579
849 368
678 945
954 437
853 458
264 939
508 810
587 661
221 210
359 776
869 661
704 214
71 965
278 735
804 94
659 860
863 29
185 183
727 405
966 268
474 116
222 932
694 44
763 978
336 595
830 141
371 606
718 726
112 546
100 538
156 855
34 333
835 785
774 449
731 538
217 898
127 116
393 417
678 316
415 69
730 154
712 635
508 615
687 321
386 955
883 667
503 154
112 474
962 416
500 144
156 362
545 809
261 955
