545 103
678 501
621 449
306 544
450 10
733 847
221 284
120 493
616 789
278 919
730 417
694 487
957 497
420 103
285 223
349 596
48 660
26 333
581 619
78 902
665 899
143 821
264 474
37 959
580 681
846 645
816 702
269 965
272 252
420 878
470 100
681 500
223 825
120 293
568 683
734 952
730 438
920 908
23 270
349 458
59 671
159 9
706 649
763 229
962 246
68 222
376 610
572 745
797 570
118 534
889 595
774 765
621 172
652 418
886 701
264 197
393 698
305 604
181 197
408 100
59 955
117 993
219 437
961 993
708 753
798 477
461 471
156 939
863 347
379 760
301 274
687 443
353 714
222 501
447 592
421 839
866 183
625 847
727 81
56 251
554 815
481 982
22 97
102 969
396 89
529 188
79 815
112 90
863 969
498 210
651 765
498 158
269 3
193 449
587 660
37 76
47 878
487 521
851 887
625 785
843 699
791 579
925 578
148 603
789 819
185 183
597 538
899 834
890 938
329 894
70 283
122 401
954 925
618 745
476 430
848 643
185 82
804 615
749 321
846 735
394 254
846 337
965 735
150 897
138 576
996 488
843 13
620 968
704 643
285 326
20 184
712 713
7 642
789 102
638 384
920 228
30 736
152 224
620 545
852 572
689 471
413 659
429 40
492 17
866 323
804 707
10 646
173 832
497 767
179 148
426 363
351 627
225 590
940 114
680 707
249 66
777 392
796 313
991 443
66 656
650 851
486 246
674 927
964 315
393 596
288 949
869 530
420 175
958 46
877 649
652 283
301 919
410 102
994 567
34 226
29 646
440 304
310 432
76 538
79 487
871 367
621 381
946 657
979 219
483 715
185 385
757 635
292 46
518 190
930 124
685 775
276 525
527 743
779 905
819 248
961 339
231 664
877 526
547 162
807 635
82 902
727 606
112 289
994 932
897 444
798 295
724 276
664 682
436 714
435 716
332 573
295 871
665 40
118 210
572 645
349 126
284 956
656 449
774 847
999 220
579 652
359 251
741 785
639 873
510 578
907 392
523 352
349 832
532 648
741 573
381 785
249 660
304 295
804 698
944 226
219 102
130 418
624 129
184 31
251 717
774 735
486 776
547 501
712 936
362 261
717 170
102 14
638 162
727 195
269 503
61 423
284 834
463 524
569 781
704 992
496 20
597 878
602 268
301 642
598 588
418 767
237 282
609 390
405 24
921 856
680 542
40 877
44 9
970 315
552 570
461 574
257 81
158 90
866 625
680 339
688 401
330 666
674 910
119 378
163 530
530 416
345 53
292 171
153 923
92 931
890 100
789 215
681 666
520 73
336 595
236 380
685 110
188 301
927 905
189 436
42 770
830 932
382 161
816 828
901 219
441 596
622 828
277 685
19 360
892 174
681 945
744 65
689 160
107 461
866 386
584 464
902 50
650 823
161 266
545 347
450 776
804 219
11 915
482 125
376 13
132 877
827 279
545 229
261 756
870 266
870 642
903 508
831 347
899 955
76 124
60 893
532 98
364 958
248 650
496 444
815 266
374 118
61 876
883 467
140 853
857 421
277 844
119 171
530 296
255 822
517 500
47 736
716 471
456 183
79 368
979 15
153 976
91 67
738 785
809 365
578 470
811 954
994 538
810 486
793 438
706 596
988 819
605 294
400 47
230 776
713 448
596 538
248 40
958 139
70 286
849 965
353 776
285 882
928 198
233 360
222 503
609 104
349 89
898 286
875 144
262 81
25 480
515 232
211 860
674 300
520 788
924 174
696 423
640 183
556 133
849 756
376 219
240 567
514 511
762 778
474 539
993 744
276 882
573 245
898 828
490 600
583 351
716 254
104 591
343 458
861 300
306 732
44 993
733 197
652 452
839 630
420 306
84 715
495 792
38 810
294 127
118 970
632 501
563 277
878 336
455 117
541 623
248 889
213 688
968 15
984 658
888 711
954 759
301 237
151 84
751 75
736 481
764 466
730 567
44 254
663 618
400 676
988 754
397 410
143 353
421 598
572 226
163 519
146 487
322 51
461 229
505 975
933 224
589 500
37 154
828 150
731 645
26 40
642 567
312 534
70 251
835 785
554 859
215 286
834 93
869 652
118 158
441 211
112 74
231 993
999 837
419 650
693 127
215 114
488 284
50 854
815 921
592 746
261 557
716 642
693 641
554 965
633 261
611 279
709 260
625 773
493 35
26 326
327 586
780 506
422 606
402 149
687 44
728 855
92 921
376 348
911 491
730 229
973 102
5 90
966 412
848 479
513 970
784 339
439 237
716 863
114 139
204 406
439 745
417 598
651 443
312 690
816 860
814 941
968 927
5 498
510 61
388 970
700 889
457 279
442 810
384 471
982 644
706 232
336 936
469 777
554 380
635 611
691 667
716 399
901 549
37 110
646 187
344 537
125 778
21 71
994 991
7 519
959 867
259 835
405 363
554 318
996 360
900 529
748 188
241 100
483 567
850 121
929 40
243 331
269 778
393 292
589 229
388 581
133 234
161 405
1 525
733 598
962 951
655 778
554 778
660 982
897 740
113 270
730 458
816 661
129 261
219 426
608 743
573 109
27 925
19 829
53 567
597 951
174 433
893 263
833 948
373 809
931 354
334 944
940 252
660 532
385 969
318 323
183 329
651 505
247 533
475 573
419 102
442 519
173 458
224 663
741 715
266 939
943 817
567 179
264 443
750 156
393 565
867 217
650 240
221 919
685 964
422 977
877 879
417 765
414 979
397 388
784 932
956 199
592 914
125 286
525 310
548 410
397 543
849 251
381 973
719 464
327 929
639 48
321 402
493 710
51 108
732 503
269 897
446 100
128 412
457 795
19 49
261 919
950 505
866 160
729 355
394 574
248 991
708 894
957 114
621 583
548 745
121 985
318 431
853 539
578 904
157 132
405 533
877 921
749 474
698 817
910 985
705 868
586 448
784 911
410 867
514 110
770 4
370 156
231 308
2 951
830 673
757 120
901 934
807 959
125 427
822 60
141 349
29 763
243 841
126 592
907 272
501 69
353 203
670 425
807 883
803 469
184 136
104 863
587 114
1 570
705 584
365 422
33 643
641 503
225 746
877 438
999 149
883 667
703 580
966 385
232 953
0 681
322 903
996 848
85 849
738 985
173 968
442 368
934 266
648 730
669 766
439 735
476 910
56 966
664 295
511 534
832 409
644 973
540 298
22 574
477 903
784 994
173 313
735 523
898 708
871 687
434 307
598 252
393 417
74 396
855 731
730 784
927 268
959 227
128 105
596 681
554 406
80 385
274 323
469 105
496 640
247 867
292 80
500 689
48 548
107 683
752 163
384 878
171 215
840 709
881 228
67 425
806 919
881 644
935 717
688 136
415 81
631 778
911 211
563 832
105 717
649 721
728 271
657 543
459 704
171 756
894 366
470 473
323 800
590 402
261 917
83 643
322 234
356 441
626 740
118 251
913 294
581 817
835 612
621 534
974 342
733 855
319 26
637 11
681 569
371 497
791 221
954 955
332 291
687 785
306 601
762 164
611 222
78 461
737 117
517 38
220 171
420 260
831 701
692 540
256 753
262 787
974 646
137 162
115 471
168 108
310 743
211 98
910 10
587 14
618 886
838 775
371 996
517 102
510 404
735 689
816 211
94 720
20 337
482 989
928 531
193 137
439 567
184 756
204 591
192 602
722 975
343 659
974 320
527 321
901 495
540 777
265 799
830 506
421 738
256 73
18 393
488 724
202 372
389 854
41 39
386 745
457 661
699 642
539 709
17 707
718 226
241 944
530 251
144 514
436 1
315 589
866 383
363 218
351 29
798 968
17 345
382 929
466 189
483 898
773 306
642 925
415 157
253 200
866 69
621 955
816 44
151 581
501 140
527 852
283 477
344 981
61 151
0 462
396 341
597 779
302 852
813 733
688 834
312 737
506 39
330 818
30 597
681 154
541 989
442 730
401 984
710 29
336 888
384 254
723 822
357 567
538 215
875 939
185 785
257 364
104 491
948 415
207 690
300 915
595 133
924 380
339 771
36 876
632 289
465 847
72 612
735 373
341 467
864 951
695 231
283 563
352 46
877 266
595 894
686 257
415 959
826 216
140 146
758 21
262 611
428 372
954 822
994 333
563 598
61 796
879 764
359 246
219 955
848 565
671 795
44 411
548 376
598 143
495 244
147 493
55 430
845 465
298 309
87 980
834 636
875 574
151 717
74 384
612 380
696 619
618 383
248 157
575 365
86 212
207 68
688 981
83 543
578 984
286 72
116 515
240 951
151 757
253 983
716 538
188 452
0 572
578 828
301 557
538 832
38 118
71 3
523 689
452 298
38 651
604 423
716 447
901 50
161 713
555 597
870 741
254 342
937 449
764 893
531 600
245 708
276 513
59 983
922 325
150 302
911 688
961 878
841 73
794 224
171 314
519 692
159 183
987 694
628 791
449 416
778 159
539 393
942 561
643 981
962 488
567 230
889 650
334 763
172 244
240 493
894 594
839 965
716 809
721 956
389 234
427 203
853 565
261 337
942 30
489 810
40 770
208 368
