57 17 26
14 5 33
53 80 37
2 76 26
19 14 23
69 44 94
54 24 54
53 80 54
82 54 92
95 20 36
80 81 35
82 80 54
23 54 92
58 41 20
2 76 10
26 16 35
95 14 32
30 85 45
26 16 5
79 33 39
32 95 81
84 21 35
14 85 45
19 32 2
2 78 10
62 14 97
54 60 37
80 54 92
16 7 43
44 10 86
53 65 2
27 75 97
27 60 54
15 44 9
44 94 96
20 22 79
63 7 43
14 85 5
32 2 33
27 54 37
14 89 98
27 14 74
87 91 65
80 63 92
80 79 43
84 33 71
41 54 44
44 22 13
69 57 1
79 70 1
27 60 92
80 21 35
36 48 94
46 85 33
3 10 7
26 99 71
20 69 81
0 60 13
80 16 71
63 79 44
57 17 20
15 37 88
92 57 1
8 69 91
84 94 13
44 76 81
44 20 96
26 81 35
84 20 79
79 44 9
15 37 94
79 21 35
5 41 34
8 94 79
79 99 14
39 27 13
69 70 94
58 41 2
19 14 20
27 24 50
26 33 39
39 20 65
15 48 1
84 99 71
53 54 37
23 78 86
7 27 30
30 2 98
79 99 71
8 14 74
0 94 96
94 13 74
14 95 45
19 65 26
82 60 54
0 22 96
2 20 26
44 22 79
5 14 20
63 7 92
95 75 32
58 17 26
84 60 79
27 24 54
23 80 62
41 59 92
92 57 88
57 17 2
0 22 13
66 79 64
70 21 14
84 33 5
58 14 34
58 32 23
3 20 81
79 44 76
49 78 7
32 95 45
36 37 9
26 33 35
63 54 8
8 24 32
0 60 81
20 60 96
53 60 37
20 60 91
16 59 43
19 32 26
79 57 1
41 7 92
27 13 97
2 78 81
54 54 92
44 20 10
58 65 2
70 81 35
94 75 50
80 16 39
80 54 43
79 33 71
49 86 7
95 13 97
14 5 81
79 48 88
58 14 20
23 10 10
66 79 44
30 2 81
39 44 36
54 82 37
20 69 96
44 69 91
80 7 92
30 2 45
79 33 35
78 5 81
95 13 32
70 16 5
70 21 5
80 33 71
84 81 5
79 37 1
26 33 71
16 79 44
8 75 74
20 94 13
70 21 35
36 70 76
46 95 45
44 78 26
39 27 72
15 44 88
14 85 98
92 44 1
87 80 72
23 82 62
79 44 88
92 57 9
53 24 24
7 27 65
79 21 14
63 79 43
62 14 74
82 80 92
8 20 13
3 76 26
45 91 13
20 22 96
19 41 34
45 44 72
30 5 98
20 20 91
19 14 26
14 95 98
14 5 45
8 24 99
95 80 72
62 75 50
23 86 10
92 70 94
57 32 26
80 63 43
63 59 43
30 95 98
7 27 72
41 63 8
46 2 5
36 70 1
44 22 96
63 59 44
5 65 34
94 24 99
53 82 92
27 13 32
84 33 35
20 60 79
8 94 91
44 78 81
2 10 7
69 70 1
23 86 86
41 63 43
79 81 14
84 16 5
7 80 72
30 85 81
27 77 74
53 60 54
8 77 50
3 86 7
23 76 26
95 44 65
95 24 97
41 79 44
36 44 88
53 32 26
80 16 35
70 99 71
44 76 7
78 85 81
78 2 45
95 77 97
82 24 54
84 81 35
15 48 9
19 65 34
53 24 37
66 54 44
27 13 50
70 33 39
53 32 20
70 21 71
57 65 23
58 32 20
27 54 92
41 79 43
19 17 20
69 44 9
45 44 36
36 37 88
5 32 34
23 82 37
2 78 26
87 27 36
23 24 24
79 70 9
32 95 5
70 33 71
45 27 13
95 91 13
79 16 71
27 14 99
87 20 13
3 10 26
0 94 91
49 78 86
26 16 14
94 75 97
8 75 97
2 86 86
70 16 35
7 20 65
84 16 14
16 63 8
44 86 26
30 2 33
57 65 34
23 60 62
19 17 2
23 24 37
66 59 44
80 54 64
23 20 81
7 80 30
8 77 32
30 95 5
5 14 23
84 69 81
80 7 8
19 14 34
30 2 5
0 69 79
92 57 94
62 24 50
80 81 14
3 10 10
39 80 13
53 32 23
44 94 13
53 32 34
23 54 24
26 99 14
2 76 7
26 21 71
57 14 34
44 78 7
7 44 30
3 20 86
16 7 44
69 70 9
62 24 99
2 86 26
92 37 94
27 24 74
15 70 88
87 80 36
41 79 64
8 60 79
14 2 98
41 54 43
14 85 33
62 13 32
46 5 45
82 82 62
46 89 81
20 94 81
46 95 33
32 5 81
8 20 91
36 44 1
78 5 45
84 99 5
84 81 39
27 14 32
0 22 81
79 37 76
30 5 45
23 24 92
87 44 36
32 85 45
7 91 13
79 57 76
26 33 14
14 89 33
94 77 97
19 65 2
27 80 54
82 80 62
84 22 81
70 33 35
44 86 86
70 81 39
26 21 39
5 32 23
54 54 62
39 91 65
80 99 5
32 5 33
44 60 79
87 27 72
27 60 62
30 85 33
3 86 81
2 20 81
94 13 32
36 44 94
57 65 26
15 44 1
8 14 99
39 44 30
32 89 98
14 5 98
62 77 32
79 48 94
96 16 78
54 60 62
8 69 81
63 54 43
8 13 74
45 27 72
80 79 64
84 60 91
7 44 65
78 95 33
79 21 5
23 60 54
63 59 8
41 59 64
53 54 54
66 63 44
78 95 98
82 80 37
46 89 45
7 27 36
69 44 76
58 65 34
87 80 13
3 76 81
95 13 74
92 44 94
46 85 45
16 54 44
70 33 14
95 44 30
95 91 65
2 10 81
70 55 39
49 20 26
39 27 36
36 37 94
84 60 81
80 59 44
82 24 24
82 60 62
15 48 88
70 81 14
0 69 81
32 85 81
2 20 10
61 11 73
70 81 5
63 59 92
95 91 36
58 17 34
20 94 79
84 22 96
49 76 81
16 64 96
53 17 20
84 94 91
8 13 50
87 27 13
15 37 1
20 22 91
79 21 71
36 48 76
40 33 0
0 60 79
54 80 62
49 86 86
79 81 35
84 21 39
32 5 45
14 85 81
79 16 14
36 37 1
16 59 44
95 13 99
66 54 8
23 82 24
62 10 94
23 82 54
79 57 88
78 2 98
70 16 39
60 43 7
27 77 50
32 85 33
32 2 45
84 33 14
95 14 99
84 69 13
49 86 26
3 10 86
16 7 64
8 22 13
87 27 30
53 82 62
71 20 6
27 60 24
8 14 32
15 37 9
26 81 14
84 81 71
24 94 39
3 78 7
80 7 44
66 7 64
69 44 88
95 44 36
54 54 54
46 85 5
48 3 7
46 15 34
62 14 99
44 76 26
23 86 26
54 80 92
58 32 34
84 94 79
27 82 62
19 32 23
30 89 33
16 63 64
44 20 79
69 49 56
14 5 5
84 69 96
27 82 37
27 80 24
66 7 8
94 8 4
2 20 7
79 70 88
16 63 44
84 99 14
8 22 96
49 78 81
16 54 92
49 10 7
20 20 13
58 14 23
46 89 5
54 24 24
5 32 2
0 60 91
44 20 26
44 78 10
66 7 44
82 72 18
66 79 92
7 44 36
66 63 43
80 79 92
82 24 37
36 70 88
82 82 54
39 44 13
53 17 23
80 33 5
12 39 0
69 37 94
37 42 22
80 54 44
80 59 43
46 2 33
63 54 92
8 13 97
52 70 60
84 99 39
62 77 50
8 22 79
27 24 92
79 44 1
45 80 65
0 69 91
45 92 37
69 77 97
66 59 43
27 75 99
23 20 7
84 20 13
41 79 92
45 20 72
7 20 72
49 10 86
32 89 81
79 99 5
2 76 86
0 69 96
39 44 72
6 11 85
95 80 30
41 63 44
44 22 81
66 63 8
46 5 5
44 69 79
46 85 98
19 62 8
68 4 42
91 89 23
23 80 24
54 80 24
0 20 79
7 20 30
4 54 25
30 85 98
45 20 13
27 80 92
20 60 81
32 89 33
30 89 98
19 65 20
53 17 34
19 32 34
79 81 71
79 16 39
54 82 62
15 70 76
32 2 5
19 17 26
82 54 62
57 10 29
63 63 92
15 57 88
0 20 13
80 59 8
53 14 2
84 99 35
54 60 92
1 11 62
53 80 92
68 85 59
15 70 9
41 54 92
93 98 49
3 78 81
78 89 5
40 46 41
83 36 9
92 37 76
52 93 65
78 85 45
6 83 12
69 57 94
69 48 88
19 41 23
49 76 86
74 4 27
15 48 94
23 89 94
86 94 23
46 95 5
87 44 13
94 13 50
15 57 94
95 77 50
94 77 74
65 59 96
30 5 33
49 76 7
53 82 24
75 62 16
48 0 85
32 2 81
54 82 54
46 5 98
46 89 98
82 24 92
41 63 92
82 54 24
52 20 12
79 70 94
95 24 99
22 83 22
39 80 65
7 80 65
16 54 64
43 13 38
49 10 26
27 24 37
16 59 92
89 5 96
39 91 36
8 60 96
63 7 8
64 88 11
26 81 39
44 94 79
80 21 39
3 76 10
14 89 45
23 60 37
23 86 81
8 69 96
90 58 78
79 48 1
17 12 63
70 33 5
95 27 72
92 37 9
0 20 91
79 37 88
23 54 54
58 32 26
20 94 91
82 79 47
62 14 50
78 5 33
79 99 39
19 14 2
79 44 94
46 85 81
62 75 32
35 54 3
69 37 88
18 66 11
5 14 34
70 85 67
8 60 13
44 20 13
66 63 64
16 63 43
80 81 39
76 14 55
95 14 97
2 86 81
8 22 91
99 58 13
25 44 54
82 82 92
45 80 72
62 13 99
53 14 23
21 23 30
66 78 39
49 20 7
82 54 37
45 80 36
41 7 43
44 60 96
57 14 2
82 82 24
23 60 24
42 98 57
23 76 81
95 80 65
26 56 11
41 7 44
20 69 13
54 60 24
58 65 23
92 70 1
89 27 74
11 4 13
8 24 97
99 98 69
49 86 10
44 22 91
82 60 92
83 37 87
27 13 74
95 77 99
77 17 78
65 5 78
7 91 65
27 82 24
4 30 38
87 11 90
59 44 21
62 24 74
87 80 65
23 98 66
93 14 73
99 82 81
51 76 93
11 68 99
27 80 62
13 12 87
55 66 67
53 41 34
5 41 23
92 48 9
26 50 1
45 91 65
27 60 37
42 99 22
84 21 14
25 16 31
45 27 36
58 17 2
23 10 26
82 82 37
53 65 23
90 21 61
58 41 26
8 75 99
36 57 9
49 20 10
83 73 93
26 33 5
23 91 94
78 89 45
79 48 9
80 21 5
62 46 67
49 10 81
87 20 72
46 2 81
30 89 81
99 55 78
82 54 54
0 54 43
19 41 20
7 3 90
41 59 44
54 23 81
70 37 58
9 46 8
23 20 86
99 77 68
97 44 21
69 37 9
63 59 64
53 60 62
0 94 78
19 65 23
82 97 94
47 22 14
95 80 13
8 24 50
87 80 30
1 93 57
20 34 55
54 14 87
80 2 23
98 47 53
4 24 59
2 10 86
85 83 41
49 14 89
26 10 66
92 8 49
97 18 38
78 5 5
63 7 44
87 54 42
0 41 45
53 65 20
84 21 71
8 13 32
3 50 95
38 51 51
0 22 91
62 27 69
17 77 26
19 93 99
15 99 42
45 14 28
77 89 75
66 46 17
56 93 55
23 76 86
55 84 34
0 36 45
92 98 45
34 81 50
18 73 1
5 41 20
71 66 61
95 91 30
73 10 43
6 37 19
23 33 64
28 77 18
94 13 99
63 54 64
66 54 64
52 62 36
95 20 13
30 75 50
13 60 63
79 33 5
44 20 91
57 41 23
54 24 92
53 60 24
54 54 37
62 13 37
73 59 81
39 63 64
9 61 79
16 59 8
87 44 72
57 56 37
84 66 34
93 74 53
32 41 39
2 20 86
23 78 26
88 85 43
15 35 32
50 63 58
4 65 79
39 27 30
11 33 20
26 99 35
95 26 67
2 62 4
60 48 29
32 34 67
44 10 7
84 54 14
67 65 61
18 22 59
71 63 50
11 45 85
27 77 97
46 89 33
23 5 83
90 80 59
27 54 24
64 24 91
44 94 91
92 48 76
67 58 99
32 71 91
23 47 77
7 91 36
19 41 26
1 47 75
72 54 44
80 39 74
79 33 14
63 75 47
23 80 37
18 73 72
43 7 47
21 98 17
10 44 31
46 94 59
49 76 10
51 72 25
87 20 65
92 23 54
69 19 90
41 55 86
5 18 20
54 66 96
79 57 9
41 5 74
26 59 80
82 80 24
69 57 88
53 55 4
53 24 54
38 45 60
53 41 2
65 46 51
74 13 1
29 36 72
3 20 10
88 66 40
0 60 96
46 6 38
62 75 49
16 62 68
21 74 31
78 46 9
89 99 35
91 15 78
52 33 85
80 59 64
93 76 18
20 75 75
92 48 94
45 80 30
58 41 23
7 91 72
43 41 87
5 17 26
7 77 75
69 57 76
3 78 26
52 78 71
27 77 32
7 20 13
24 21 33
74 69 6
92 46 99
14 86 15
40 4 60
75 58 18
94 77 32
14 2 81
8 21 62
3 20 7
5 65 2
7 64 15
94 24 74
79 81 5
53 17 26
45 8 8
34 94 33
91 80 12
76 57 22
57 14 26
82 60 37
6 65 96
57 6 10
43 37 62
1 70 43
44 86 7
23 10 86
51 29 9
19 59 77
39 80 72
84 32 12
72 65 16
