69 44 76
84 69 81
7 44 65
8 14 74
66 59 92
57 41 34
30 2 98
8 20 81
41 63 64
30 5 45
39 27 36
62 75 50
23 82 62
23 10 10
44 86 81
70 99 5
53 14 23
70 33 71
95 27 30
27 80 24
15 37 94
45 44 13
44 94 13
46 5 33
27 24 24
95 77 99
36 70 9
36 70 88
26 21 35
2 10 26
84 94 91
46 95 81
44 69 91
41 59 92
26 99 35
41 59 64
44 10 7
94 75 97
23 82 24
16 59 8
80 63 64
63 7 8
92 48 76
23 54 54
8 24 74
53 14 26
26 16 5
5 17 20
94 77 97
23 82 54
95 44 36
14 95 81
46 5 81
53 60 54
82 60 92
26 16 71
16 63 64
23 86 26
84 21 5
92 48 1
14 95 98
7 27 72
7 80 30
79 99 5
69 44 94
41 63 92
32 95 33
23 80 54
84 94 79
15 57 88
36 57 88
54 24 24
20 20 96
53 82 54
3 20 7
58 14 23
53 65 2
16 7 64
14 85 33
82 60 37
41 63 44
27 80 37
3 86 26
2 76 86
70 21 71
14 85 45
7 27 13
66 7 44
44 69 81
58 14 2
63 7 44
0 20 79
39 20 36
66 79 44
41 63 8
92 44 1
95 80 36
58 17 23
14 95 33
45 20 13
44 20 13
69 57 94
32 2 33
27 60 54
62 77 74
23 86 81
3 20 86
92 44 9
95 14 32
44 22 96
57 17 23
30 5 98
27 13 97
41 79 92
87 44 13
62 24 97
3 76 26
0 94 79
95 24 50
44 60 13
2 76 81
26 33 39
78 5 45
79 48 1
44 69 13
45 27 13
0 22 13
41 54 64
54 54 62
26 21 5
23 20 86
63 59 8
44 10 86
23 80 92
54 80 37
66 79 92
66 59 64
27 13 50
3 76 10
30 85 98
54 60 92
70 16 14
20 94 91
8 75 32
92 37 76
87 27 13
44 22 81
44 94 81
62 75 97
8 14 32
39 80 72
20 69 91
79 57 9
70 33 14
5 17 23
94 75 32
82 80 54
66 63 64
30 89 81
44 20 86
26 99 5
63 79 44
70 16 35
80 59 8
26 99 14
23 60 24
95 80 72
57 14 23
58 65 20
8 14 99
70 21 5
30 2 5
63 79 64
39 44 72
41 7 64
2 86 86
14 89 45
23 24 62
3 78 7
27 75 32
5 32 2
78 85 5
84 33 39
79 33 71
53 65 34
0 69 13
7 20 65
45 80 65
49 86 7
8 60 91
84 81 35
27 60 62
8 20 91
69 57 9
87 44 30
19 17 20
87 27 36
45 27 65
63 59 64
82 24 37
94 13 97
15 48 88
84 60 91
23 82 92
3 78 86
82 80 92
62 13 50
23 86 7
20 22 13
57 32 26
84 81 39
27 24 99
54 24 54
79 48 88
79 70 88
95 20 36
79 48 76
5 14 23
54 82 37
8 60 13
0 94 91
53 41 23
87 20 72
15 70 9
3 10 7
92 70 76
7 44 30
19 14 2
41 79 64
5 65 34
53 65 26
39 27 72
66 79 8
95 75 99
3 78 81
45 80 30
0 20 91
53 41 26
15 57 94
84 16 5
44 76 7
32 95 98
32 89 33
23 20 7
84 81 14
39 80 36
8 13 32
23 24 54
0 60 96
15 48 9
84 94 96
95 75 74
58 32 2
80 16 35
53 60 37
94 14 97
87 44 65
63 7 43
15 44 9
54 82 92
45 27 30
79 44 94
16 7 44
39 91 13
58 17 20
92 37 94
8 69 96
54 82 62
16 54 43
69 48 1
53 54 37
5 32 20
16 59 43
57 17 20
26 16 14
8 60 96
45 20 65
62 14 32
80 33 39
15 44 94
87 20 36
62 24 32
19 32 26
79 16 5
36 44 1
45 27 36
45 20 72
8 77 32
49 86 86
27 24 50
82 60 62
0 60 81
36 48 1
32 2 5
82 54 54
16 79 43
84 99 39
27 60 37
44 20 81
8 60 79
8 13 99
69 48 88
32 5 5
20 22 96
69 37 94
87 91 36
63 79 43
53 54 24
87 44 72
15 48 94
62 75 74
79 33 5
78 85 33
54 24 62
26 33 5
15 57 76
8 94 91
66 7 8
49 76 7
16 54 64
44 22 79
19 14 23
2 76 7
78 85 81
23 20 10
80 79 92
95 77 32
66 59 43
92 37 1
19 17 23
79 99 39
53 60 24
58 14 34
82 54 24
63 59 92
8 94 13
57 32 2
16 79 92
80 81 35
46 85 33
95 24 99
7 20 13
57 32 20
95 20 13
70 16 39
58 32 26
27 60 24
87 27 65
27 60 92
14 5 98
84 21 35
39 44 30
82 80 62
5 32 23
8 20 13
70 99 39
46 5 45
82 82 62
46 85 81
66 63 92
8 22 79
44 20 96
53 17 26
2 86 26
8 20 96
27 75 50
23 80 62
27 24 74
8 22 96
44 10 81
14 95 45
8 13 74
19 41 34
14 85 5
5 65 23
94 24 97
19 32 34
36 37 88
23 76 10
2 20 86
53 24 92
41 59 43
26 99 71
5 17 2
15 70 94
19 14 20
80 21 71
23 80 24
36 37 76
63 54 43
63 63 44
27 75 74
53 80 92
84 81 71
58 41 20
84 20 81
66 63 43
92 48 94
79 37 1
27 24 62
7 80 13
94 24 32
20 94 81
20 94 13
84 33 35
8 24 50
30 5 5
95 24 32
80 33 14
7 44 36
8 77 50
49 78 7
36 37 1
32 95 45
78 89 5
2 78 7
3 10 26
57 41 2
80 81 39
49 76 26
87 80 30
80 81 71
8 77 97
49 20 86
87 44 36
14 89 98
54 80 62
14 5 45
5 17 34
53 80 62
92 48 9
95 27 72
14 2 81
92 57 94
95 77 50
3 78 26
70 21 14
66 54 44
70 81 39
53 65 23
62 13 97
44 69 96
23 54 62
80 79 44
84 21 71
53 80 24
27 82 54
27 77 99
2 78 86
95 91 72
78 5 81
80 21 14
45 80 72
3 20 10
69 70 9
63 79 8
39 91 72
46 89 98
15 44 76
41 54 8
79 99 14
63 63 43
95 13 32
41 79 43
66 7 64
66 59 44
5 14 2
58 65 2
78 95 81
80 99 5
30 5 33
45 91 13
36 48 88
58 14 26
69 44 9
69 57 76
36 57 1
44 78 10
80 79 8
46 95 45
0 60 91
70 16 71
20 94 96
23 78 26
16 7 43
7 80 65
94 14 50
78 85 45
84 69 79
27 13 32
49 78 26
54 24 92
87 91 13
46 5 5
41 63 43
53 24 62
2 10 7
79 48 9
79 21 35
20 60 13
5 41 23
7 44 72
62 14 74
5 32 34
79 37 88
27 24 97
95 91 13
2 20 7
27 13 74
84 16 35
36 70 94
7 91 65
95 75 97
94 13 74
8 14 50
44 76 26
36 70 1
49 78 86
46 95 33
27 54 54
14 2 98
32 85 33
0 69 79
79 21 71
80 7 8
95 13 99
84 99 5
94 24 74
36 37 94
80 79 64
79 70 9
94 14 32
5 41 20
45 91 72
30 2 33
39 91 65
41 7 92
8 20 79
57 41 20
54 82 54
8 94 96
84 60 96
69 70 88
30 2 45
27 14 97
41 7 8
23 10 7
45 44 65
80 21 5
69 48 9
16 63 44
95 77 74
14 85 81
7 27 36
14 2 45
44 60 81
53 54 54
79 16 14
32 85 98
32 5 45
27 54 62
23 54 37
82 82 54
53 24 37
63 7 64
19 17 26
44 69 79
0 22 91
70 81 5
70 21 39
39 44 13
80 63 92
30 85 33
7 91 30
41 59 44
7 80 72
8 60 81
46 85 5
32 95 5
49 78 10
44 20 79
26 16 39
27 13 99
44 86 10
84 81 5
23 54 24
46 95 5
44 86 86
46 2 45
19 17 2
49 10 10
95 44 13
39 80 65
95 91 65
32 5 98
95 14 50
3 76 86
0 20 13
79 81 5
26 81 39
30 89 98
46 95 98
62 14 97
49 20 81
69 70 1
23 76 7
79 48 94
20 22 79
26 81 14
69 57 1
84 99 14
80 59 43
54 80 92
27 82 62
0 60 13
87 20 65
16 79 64
79 16 39
0 22 81
95 14 97
84 69 91
78 89 33
95 80 30
8 75 74
19 41 26
54 80 24
84 20 13
53 65 20
53 32 20
95 77 97
70 33 5
2 20 10
53 41 34
23 78 7
57 14 34
20 69 79
92 57 76
27 77 74
80 33 71
62 13 32
20 69 13
16 79 8
39 44 65
57 65 23
41 54 44
39 91 30
20 69 96
80 7 92
53 41 20
84 94 81
44 20 10
80 59 64
44 20 7
87 80 36
94 77 99
79 44 1
32 95 81
80 63 43
8 22 91
49 10 81
53 32 23
84 33 5
27 80 62
23 20 81
63 59 44
84 60 13
32 2 98
20 20 79
23 54 92
79 81 14
58 17 34
57 65 26
80 16 71
27 24 37
70 81 14
70 99 35
79 57 94
3 78 10
70 99 14
92 37 88
70 16 5
0 69 91
30 85 5
78 2 5
3 10 86
30 5 81
0 69 96
84 99 35
87 80 72
36 48 76
80 7 44
30 95 98
58 65 26
19 65 34
66 54 64
30 89 33
92 44 88
26 81 71
84 33 71
49 86 26
26 33 14
27 14 32
84 20 79
44 22 91
8 69 81
44 60 91
44 86 7
2 10 86
23 76 26
3 76 81
79 99 71
95 24 97
69 37 76
79 99 35
2 76 10
36 48 94
15 48 76
20 94 79
92 44 76
66 7 43
16 59 92
0 60 79
92 57 88
79 81 35
7 44 13
57 17 34
41 59 8
66 63 44
57 41 26
19 32 23
23 24 37
44 60 96
82 82 24
8 24 32
69 37 1
95 14 74
84 21 39
82 24 62
84 99 71
78 85 98
70 33 35
45 80 36
79 81 71
20 60 81
63 54 44
57 14 20
53 60 92
8 24 97
53 60 62
19 17 34
15 70 88
79 16 71
92 70 94
15 48 1
87 91 30
27 80 92
78 2 45
49 10 86
8 22 13
5 41 26
32 85 5
20 22 81
84 69 96
78 95 45
30 89 5
94 24 50
54 60 62
36 44 94
80 16 39
39 80 13
8 75 97
41 7 43
44 20 91
23 82 37
58 41 26
46 89 33
70 33 39
94 14 99
80 63 8
19 41 23
54 60 54
82 60 54
80 7 43
19 32 20
44 94 79
57 41 23
82 82 92
57 14 2
8 13 97
39 20 72
78 89 81
2 10 10
54 60 24
14 2 5
80 99 39
53 80 54
14 5 5
95 13 50
16 54 92
84 22 13
14 89 33
2 76 26
92 57 9
32 85 45
53 32 34
30 95 81
15 44 1
53 17 23
66 54 92
54 54 92
92 57 1
44 20 26
0 20 81
95 27 36
82 60 24
53 82 92
94 77 50
78 95 33
94 24 99
19 65 20
62 77 32
8 69 79
32 85 81
94 14 74
39 27 30
16 54 8
49 86 10
5 14 20
2 86 7
16 63 8
69 70 76
84 33 14
63 63 64
15 57 1
8 22 81
23 10 86
2 78 26
2 86 10
19 14 34
58 17 26
8 24 99
39 20 13
94 77 32
23 24 24
44 10 10
80 33 5
82 24 54
2 78 10
94 75 74
49 76 86
32 89 45
27 14 50
84 69 13
46 2 98
58 65 34
26 99 39
26 33 71
46 89 45
95 80 13
27 82 37
66 63 8
0 94 96
79 37 94
39 27 13
20 60 79
95 80 65
36 44 76
30 85 81
82 54 62
26 16 35
23 20 26
20 20 81
70 81 71
16 59 44
16 63 92
58 41 23
95 20 72
44 78 7
44 78 86
62 14 50
54 82 24
20 69 81
16 7 92
26 81 35
27 14 74
62 24 74
26 21 71
66 54 43
41 7 44
27 24 92
45 44 72
45 91 30
69 70 94
54 54 24
0 20 96
95 20 65
62 24 50
46 5 98
39 91 36
44 60 79
46 85 45
3 86 10
36 57 94
95 91 30
2 20 81
57 65 34
45 20 36
30 95 45
5 14 34
15 37 76
16 59 64
45 27 72
19 41 2
3 10 10
62 24 99
79 16 35
84 21 14
79 57 88
95 13 74
79 37 9
53 80 37
87 80 65
84 22 81
19 41 20
8 69 91
92 70 88
54 80 54
95 13 97
80 79 43
23 60 92
84 94 13
54 54 37
82 54 37
92 70 1
44 94 96
69 37 88
82 54 92
53 24 54
27 54 24
15 70 1
32 5 33
58 17 2
84 20 91
8 75 99
44 78 81
15 57 9
44 76 10
80 59 44
27 82 92
30 95 5
14 89 5
78 2 33
54 54 54
58 65 23
62 75 32
78 2 81
80 54 8
30 95 33
80 63 44
16 63 43
92 48 88
80 21 35
63 63 92
16 79 44
94 13 32
8 77 74
19 65 2
57 32 23
2 10 81
95 44 72
57 14 26
27 77 32
79 81 39
15 37 9
80 16 5
58 32 23
54 60 37
84 20 96
53 82 24
53 14 34
57 65 20
44 78 26
14 2 33
23 10 26
26 21 14
19 65 23
16 7 8
53 17 20
82 24 92
23 24 92
7 20 30
8 94 81
5 17 26
23 86 10
26 33 35
7 80 36
53 17 34
27 77 50
2 86 81
80 54 43
