80 21 71
20 22 91
70 99 71
58 17 2
26 33 5
15 37 9
87 27 36
3 78 10
79 21 14
80 54 64
41 7 64
82 24 24
94 13 99
94 14 32
45 27 36
8 20 91
14 5 33
53 80 37
92 37 1
78 85 98
66 54 43
27 13 32
80 99 14
16 54 64
32 89 5
16 7 43
8 24 99
45 80 13
84 81 71
62 24 74
5 32 23
46 2 45
2 10 7
0 69 13
2 10 81
80 7 8
54 24 62
58 65 34
70 16 5
14 2 98
0 60 79
8 75 50
7 27 72
44 10 10
79 81 71
16 63 92
63 63 64
46 2 98
49 10 81
27 24 74
5 41 34
66 7 64
54 80 37
15 37 1
14 89 5
53 24 37
84 81 35
57 65 20
62 14 99
41 7 92
27 54 24
95 20 36
53 60 92
44 20 91
19 65 2
58 14 34
20 20 79
69 44 94
69 44 9
82 80 92
66 54 8
0 20 91
92 37 9
53 82 92
44 86 10
7 80 36
5 41 2
44 60 91
44 69 96
39 80 13
62 77 32
58 41 2
26 21 39
45 80 36
70 21 35
27 24 37
92 44 88
26 33 71
8 13 97
78 5 33
66 7 92
8 20 79
54 60 62
44 86 7
69 70 1
70 21 71
63 63 92
5 32 34
8 20 13
49 76 7
66 79 8
66 63 8
79 37 76
27 80 24
54 60 24
19 32 26
95 75 32
57 65 34
20 22 13
0 22 79
16 54 8
14 95 45
49 20 86
69 37 1
79 57 88
84 20 81
80 54 8
20 20 81
30 85 33
95 77 97
82 54 92
78 2 98
16 79 43
16 79 44
82 24 92
23 54 62
94 24 32
23 54 54
5 65 26
84 21 71
23 78 81
44 60 81
57 32 26
79 37 9
39 91 65
92 70 76
26 16 71
2 76 26
80 16 71
19 65 23
66 7 44
53 82 24
46 89 98
45 20 30
54 24 54
92 57 1
84 33 39
36 70 76
39 20 30
84 20 96
14 95 81
27 80 37
78 89 33
41 63 92
39 80 72
79 33 71
46 95 45
20 94 96
57 17 26
78 89 45
14 89 81
32 85 33
45 27 13
44 78 7
8 69 91
2 10 10
46 2 33
79 99 5
45 27 72
23 60 62
62 75 97
27 82 24
82 82 37
53 14 34
19 17 23
95 24 50
63 54 43
46 2 81
8 69 79
54 24 37
27 77 74
2 78 81
45 91 30
79 37 94
79 57 76
20 22 96
23 80 54
53 82 62
23 80 92
54 60 54
70 81 71
26 33 35
92 70 94
78 95 33
94 77 74
5 17 26
63 7 43
20 69 79
79 16 35
53 24 62
15 48 94
53 54 37
14 85 98
95 24 32
82 60 92
0 22 81
30 95 45
8 14 74
53 60 37
15 70 9
87 27 65
95 80 72
3 76 86
79 70 94
7 44 36
54 60 37
54 80 54
26 16 35
53 24 24
49 10 10
44 22 13
19 14 34
8 77 32
54 82 24
84 94 96
30 5 81
19 14 26
92 44 9
19 65 34
45 44 13
58 65 23
27 24 92
7 91 30
8 24 32
94 24 74
70 99 39
84 33 5
27 77 99
95 75 97
19 41 34
49 78 7
79 48 76
80 63 8
94 14 99
16 7 8
23 82 54
26 81 5
82 54 54
92 57 94
58 14 26
82 80 54
8 94 13
82 82 54
92 37 88
84 81 39
79 37 1
8 75 32
94 14 74
84 16 35
53 65 20
26 33 39
8 77 74
23 60 37
92 37 76
27 60 54
14 2 5
27 54 92
32 5 98
3 20 26
58 32 2
32 89 81
63 79 8
80 54 44
39 27 13
46 85 5
23 10 26
46 5 33
63 59 8
30 5 5
36 37 1
36 57 9
5 14 20
80 81 35
79 81 14
45 20 13
27 13 99
2 20 10
44 94 13
20 69 91
3 78 86
63 7 92
16 79 8
3 76 10
44 22 81
78 85 45
87 27 13
41 59 64
36 37 9
79 81 5
53 65 26
14 85 33
70 33 39
5 32 26
62 24 50
87 91 36
39 80 30
23 86 86
36 70 1
94 13 97
95 91 13
87 80 13
57 17 23
80 54 43
27 75 99
49 78 10
0 60 91
80 33 71
0 20 81
3 20 81
69 48 88
15 57 94
84 16 39
20 94 79
36 70 9
39 44 13
45 44 36
5 17 2
54 54 92
3 20 10
63 79 44
32 89 45
57 32 20
84 60 91
80 59 44
84 60 96
7 20 65
26 16 39
7 20 13
32 5 81
23 10 7
23 20 81
7 20 36
19 32 23
92 70 88
70 33 14
46 85 81
30 2 33
63 59 43
3 86 7
80 16 39
58 65 20
20 69 81
20 69 13
26 99 35
36 48 94
79 70 88
82 82 92
94 75 99
95 75 74
23 54 37
2 86 26
44 94 81
66 79 92
44 20 13
27 24 32
44 78 26
16 59 43
44 60 13
32 95 98
62 14 50
44 20 26
70 21 39
8 75 74
78 2 33
84 60 81
41 59 92
66 79 64
94 14 50
26 99 5
3 86 10
78 2 81
45 80 65
23 82 24
63 7 64
66 54 64
23 86 10
0 60 96
84 20 79
46 89 33
8 13 74
87 91 30
95 14 50
84 99 14
57 41 26
62 24 99
16 63 44
95 20 65
3 86 81
0 69 96
53 32 2
44 94 79
20 94 81
84 22 13
30 89 5
53 60 54
19 32 2
95 20 13
26 81 14
5 65 34
70 81 5
84 99 39
66 63 92
53 65 34
79 44 88
41 63 8
79 33 39
41 7 43
63 59 92
54 82 92
7 44 30
27 60 62
78 95 5
20 60 13
14 89 98
53 41 26
95 13 97
16 63 64
41 63 43
58 17 26
62 13 74
58 14 20
63 63 43
95 13 32
95 44 36
36 44 76
15 44 88
79 44 94
69 48 94
87 44 30
79 70 1
80 99 35
53 80 24
8 22 13
27 54 62
16 59 64
92 48 9
46 85 33
27 24 97
87 44 72
82 60 37
95 91 72
26 81 39
80 7 64
7 27 13
36 44 94
27 14 74
14 85 5
80 16 35
8 14 97
94 24 97
45 80 30
15 44 94
63 54 92
27 24 62
80 99 39
79 16 71
84 21 35
78 95 45
44 86 86
41 63 44
84 94 91
80 7 92
79 21 35
53 60 24
0 69 91
84 94 81
27 82 54
23 24 24
49 86 81
26 21 5
32 2 33
8 60 96
84 16 71
45 91 36
15 70 94
14 85 81
57 14 23
79 48 88
32 2 81
36 44 1
53 32 34
70 21 5
54 54 62
54 82 54
82 80 62
78 85 81
19 32 20
69 48 76
44 86 81
57 41 20
27 54 37
54 82 37
44 69 81
58 65 2
27 13 50
23 76 86
19 65 26
36 48 76
84 33 71
95 20 72
27 77 97
23 76 26
80 81 71
44 60 79
2 10 86
87 80 65
19 17 2
5 32 20
62 14 74
30 85 5
80 59 92
23 80 37
92 48 94
23 82 92
62 13 99
39 27 72
23 20 10
70 99 35
30 2 98
44 10 86
30 95 81
58 32 20
82 24 54
20 60 91
78 5 98
3 76 26
58 14 23
15 57 88
79 44 76
16 59 92
44 22 79
79 37 88
27 75 32
46 85 98
36 37 94
7 27 30
95 44 30
78 5 45
92 57 88
44 78 10
32 2 98
20 20 91
63 54 44
39 91 13
57 32 23
20 22 79
5 14 2
27 60 24
84 33 35
23 10 10
39 20 72
58 65 26
45 27 65
69 37 9
66 54 44
84 20 91
15 48 1
2 76 86
84 22 81
95 13 74
84 16 5
8 94 79
41 54 44
8 60 81
30 5 98
27 24 50
54 80 24
95 24 74
44 76 26
54 54 37
14 89 33
7 44 13
45 20 36
54 24 24
49 76 81
80 21 35
49 78 86
62 13 97
44 69 91
30 89 81
53 14 2
69 48 9
15 37 88
92 44 76
46 85 45
30 85 45
16 79 64
16 63 8
36 70 94
14 2 45
94 77 97
79 57 9
27 80 92
92 70 1
8 94 81
5 65 20
94 24 99
26 16 14
23 10 81
53 17 26
20 60 96
62 14 97
41 63 64
70 81 39
5 41 23
57 32 34
80 59 43
7 91 65
32 89 33
58 41 34
95 77 99
84 20 13
23 82 62
2 86 10
23 54 92
54 80 62
53 17 34
57 17 2
79 57 1
30 95 33
84 60 79
95 13 50
27 82 62
5 14 23
94 13 32
41 79 43
58 32 26
49 78 81
27 24 99
30 95 5
80 79 92
39 44 36
23 20 7
95 91 30
49 20 26
0 60 81
78 95 98
80 54 92
54 82 62
20 94 13
7 27 36
82 82 24
44 20 86
95 14 97
70 81 35
23 60 54
63 79 92
23 20 26
46 89 45
39 27 65
62 75 99
23 76 7
78 85 33
41 79 44
46 95 81
82 82 62
53 82 54
45 80 72
0 94 96
58 32 34
46 89 81
41 79 92
26 21 14
46 5 5
8 77 99
95 91 36
32 95 33
41 79 8
63 79 64
27 14 97
27 75 50
23 54 24
84 99 71
92 48 76
15 44 9
46 2 5
87 91 13
94 13 74
46 89 5
78 2 45
26 33 14
82 54 37
19 14 20
46 5 81
53 14 23
78 89 81
15 48 88
19 65 20
23 24 92
79 70 9
46 95 33
94 77 32
84 94 13
14 5 45
80 33 14
7 44 72
8 14 50
5 41 26
53 14 26
44 22 91
26 21 35
16 7 44
44 94 96
41 59 44
69 57 9
39 44 30
7 91 72
57 17 20
82 54 24
79 33 35
70 33 35
95 14 32
16 63 43
41 7 44
32 5 45
82 60 54
8 22 79
8 94 91
92 48 1
19 17 26
19 41 20
27 14 99
53 17 20
78 5 81
3 76 7
63 63 8
84 21 39
84 21 5
94 75 74
27 13 97
44 78 86
94 13 50
0 94 91
3 86 86
8 13 99
5 41 20
30 89 33
36 44 9
27 14 50
62 75 50
94 75 97
0 20 96
44 69 13
66 59 64
45 44 30
92 57 76
7 20 72
80 81 5
82 80 37
63 59 64
57 32 2
15 44 76
19 17 34
79 21 71
66 63 64
78 95 81
19 32 34
27 80 62
57 14 20
79 21 5
27 82 37
58 41 20
53 17 2
78 5 5
23 76 10
7 80 72
36 48 1
66 54 92
44 10 26
20 60 81
8 77 50
84 22 96
5 65 23
53 54 62
26 81 71
44 78 81
95 14 74
32 85 5
95 80 30
63 54 8
95 80 36
80 81 39
8 69 96
41 54 64
0 22 96
58 17 20
62 77 74
79 99 14
95 20 30
20 60 79
8 22 96
32 95 5
23 80 24
44 20 79
41 59 8
30 89 98
14 95 5
57 41 34
32 85 81
87 91 72
70 33 5
53 54 24
87 20 30
62 75 32
80 16 5
53 32 20
79 81 39
95 80 13
5 65 2
3 10 81
5 14 26
95 44 72
30 89 45
80 79 43
49 20 10
53 54 92
69 57 1
36 57 1
70 21 14
3 78 81
44 20 10
3 10 26
69 57 76
2 86 7
36 57 94
70 33 71
3 78 7
3 10 7
2 76 7
79 48 94
3 76 81
62 24 97
44 10 7
94 75 50
32 89 98
8 69 81
32 85 45
23 78 10
23 86 81
8 24 50
23 82 37
94 14 97
16 7 92
26 99 71
23 80 62
58 41 26
57 14 26
84 16 14
87 20 36
8 14 99
46 5 45
79 57 94
8 69 13
49 20 7
62 77 99
39 20 13
62 75 74
92 48 88
70 16 71
39 80 36
87 27 72
84 22 91
45 91 13
32 5 33
27 60 37
0 20 79
92 44 94
30 5 45
7 80 13
16 54 43
36 44 88
3 10 10
30 85 81
15 57 9
95 77 74
80 21 5
70 16 35
36 57 88
80 16 14
58 41 23
44 20 96
26 21 71
46 95 98
44 69 79
62 77 97
66 79 43
16 7 64
95 75 99
49 86 26
92 57 9
54 80 92
62 14 32
49 76 26
39 91 36
45 91 72
19 41 2
2 20 86
23 24 37
84 69 13
80 59 8
80 21 14
70 99 5
95 27 30
39 91 72
8 20 96
39 20 36
63 54 64
57 17 34
49 86 7
63 59 44
19 14 23
95 27 13
95 27 36
41 79 64
15 37 76
23 60 92
80 7 44
82 60 62
80 7 43
62 24 32
87 20 72
27 60 92
80 21 39
80 81 14
49 76 10
23 78 86
15 70 88
95 75 50
36 57 76
79 16 39
2 20 7
7 91 36
20 22 81
57 14 34
7 27 65
49 10 86
15 48 9
8 75 97
15 57 1
63 7 8
54 60 92
69 57 94
27 54 54
95 91 65
14 95 33
80 99 5
26 99 39
23 86 26
95 27 65
57 14 2
62 13 32
69 44 1
19 17 20
23 78 7
54 24 92
2 78 26
2 76 81
30 5 33
84 33 14
53 54 54
23 76 81
14 85 45
79 99 39
95 80 65
84 69 96
53 41 2
87 80 36
39 20 65
3 78 26
69 48 1
8 77 97
84 21 14
79 33 5
53 65 2
44 76 10
36 37 88
14 2 81
84 69 79
45 91 65
19 41 23
14 2 33
5 14 34
57 65 2
39 27 36
95 24 99
2 10 26
15 70 1
87 80 30
53 14 20
44 94 91
