10 16 99
95 80 30
44 60 81
59 77 58
26 90 34
14 51 20
20 61 99
30 89 45
19 17 34
26 99 14
18 63 75
63 54 64
66 82 42
5 71 35
24 97 71
53 77 26
23 82 54
57 17 20
66 7 8
79 16 71
69 51 76
87 44 30
73 30 72
2 68 98
27 89 80
47 94 55
14 19 14
79 60 35
6 68 75
3 10 86
68 83 35
33 84 18
80 92 54
97 6 1
81 48 41
41 96 8
4 51 93
98 83 73
83 55 56
86 25 27
16 84 34
36 64 88
83 61 42
48 20 22
49 19 68
43 41 46
30 85 98
33 49 81
39 20 65
99 52 7
58 30 66
65 32 70
1 12 99
61 66 65
76 82 4
60 66 51
21 37 66
82 60 54
94 84 45
75 54 82
92 44 16
17 35 70
24 17 80
79 57 94
53 14 20
96 5 30
46 40 65
12 55 31
0 94 52
34 32 76
46 98 79
0 74 59
68 93 33
30 45 27
36 57 88
77 53 39
67 32 53
59 48 60
1 60 35
60 58 86
49 78 86
36 27 5
41 76 34
40 14 15
17 39 18
70 28 47
0 40 88
66 56 97
31 94 71
44 19 6
46 97 83
67 65 43
70 38 95
23 53 66
32 89 98
15 52 4
11 92 46
39 23 46
85 99 39
0 51 47
41 1 44
32 90 25
0 1 54
9 84 44
10 58 33
80 32 43
8 65 60
19 49 99
34 62 19
93 32 12
32 54 44
91 4 22
30 89 81
11 78 67
66 65 28
39 52 67
6 66 30
4 58 5
1 13 17
25 50 33
29 58 48
57 0 14
54 98 83
60 89 34
62 36 98
97 43 89
39 13 52
93 50 2
65 71 1
70 37 44
23 20 7
17 31 9
23 54 92
76 67 33
39 26 95
44 72 25
62 8 89
51 3 31
4 12 72
35 19 97
59 8 84
69 55 74
52 27 97
60 3 71
21 18 67
94 44 59
7 83 1
9 22 21
16 98 18
58 41 26
80 81 35
30 79 54
46 38 59
89 16 82
63 7 99
1 77 92
81 90 91
35 26 61
87 6 57
83 86 61
32 46 83
12 23 33
38 10 95
73 60 35
20 95 98
13 31 66
33 39 82
66 74 5
60 30 51
70 98 8
17 29 66
75 13 50
22 42 13
50 11 85
27 14 50
35 88 44
98 98 20
94 14 74
57 56 80
24 50 66
49 83 50
74 35 89
51 51 69
88 83 61
87 91 13
2 73 26
32 84 86
25 47 44
89 2 93
94 87 29
8 24 99
87 80 72
77 21 88
85 81 75
63 30 53
55 4 57
25 66 91
20 15 92
26 53 90
2 34 2
62 80 74
20 89 41
31 37 83
84 69 81
17 81 74
89 15 69
29 99 0
15 72 74
18 89 89
27 68 85
16 54 43
82 35 72
52 57 26
46 19 95
72 13 34
88 40 64
63 2 63
57 41 23
10 5 41
53 37 38
10 34 83
65 65 73
42 26 23
99 61 15
35 90 92
26 7 4
37 15 71
36 87 55
36 40 50
42 49 10
96 90 69
33 35 86
1 16 80
83 63 25
94 65 55
58 98 75
55 87 25
31 46 38
98 23 30
57 96 47
93 1 39
69 59 60
32 85 65
20 23 97
40 95 12
80 42 73
91 66 74
48 41 86
19 14 23
95 36 56
7 67 4
40 4 16
32 25 52
32 86 37
98 50 21
76 44 3
5 26 45
59 6 12
74 62 89
25 21 61
79 60 76
36 10 34
91 92 44
40 85 86
94 74 97
91 60 71
39 64 59
97 96 5
25 96 3
59 6 80
33 25 68
69 76 90
68 55 68
6 21 36
53 65 20
12 69 48
18 53 0
58 89 97
15 35 8
29 79 23
97 96 54
57 69 13
7 28 23
19 22 22
77 27 34
4 53 26
25 80 80
59 96 14
36 81 70
60 43 91
5 96 54
26 43 22
16 54 92
46 5 98
38 91 12
93 34 64
83 30 23
98 25 71
4 93 7
87 68 2
18 21 26
78 20 16
95 19 19
50 39 31
29 20 46
14 88 32
37 2 79
66 42 90
66 15 36
92 85 70
60 25 89
82 64 14
34 54 12
25 62 50
58 6 90
24 96 87
88 20 7
97 75 59
5 93 39
57 9 84
77 95 16
94 16 61
28 51 92
67 76 24
27 8 89
27 18 72
1 86 98
50 8 72
30 57 6
79 33 39
75 73 97
87 98 32
55 8 45
42 62 27
84 30 32
46 52 87
64 40 65
49 98 60
29 2 17
56 66 12
73 66 43
60 42 66
69 40 38
2 24 56
22 70 19
44 95 77
69 37 76
33 60 72
61 32 28
22 96 54
41 35 47
16 25 56
13 85 81
85 4 45
43 37 29
55 89 61
57 88 90
58 14 2
3 47 98
58 66 96
44 75 78
82 17 90
0 69 96
57 22 73
58 7 57
66 21 84
48 80 80
37 21 40
67 72 19
92 30 96
1 5 42
52 91 83
11 58 42
34 22 60
26 26 0
40 47 82
96 97 27
49 52 26
10 83 62
20 89 81
57 94 51
71 98 46
6 47 2
33 95 80
70 73 60
65 78 16
18 40 17
42 51 1
90 37 14
33 94 45
82 1 49
56 46 46
90 39 75
46 35 75
83 49 98
38 53 47
76 49 60
50 29 37
82 90 15
78 68 56
49 9 34
97 40 15
22 93 59
55 9 95
36 37 88
93 2 40
72 1 68
69 47 55
81 56 55
67 78 12
38 20 63
56 58 91
61 25 40
10 6 58
41 68 47
48 56 77
76 0 58
86 62 70
61 40 49
76 68 24
66 53 21
75 97 39
90 71 50
32 14 42
31 14 27
58 13 14
89 6 96
37 22 19
92 44 1
97 82 40
57 41 26
80 99 14
87 78 19
78 99 35
28 72 36
22 56 5
73 5 65
74 78 35
63 44 83
0 20 45
13 58 87
4 28 60
23 80 92
12 26 23
61 6 29
9 1 2
85 80 44
24 89 89
19 15 97
30 85 33
61 72 37
85 3 21
55 35 35
79 34 71
35 85 38
18 85 99
92 44 94
64 73 13
67 3 9
61 8 33
47 30 69
38 57 54
59 69 45
61 73 79
76 47 70
87 68 25
7 43 17
4 73 5
52 64 17
59 20 20
66 53 37
81 65 81
58 85 30
71 52 33
93 33 78
16 84 10
28 47 34
66 0 80
93 63 61
24 4 82
9 24 94
11 98 87
16 31 64
54 31 96
10 45 34
16 44 96
51 62 55
17 33 43
21 85 26
78 95 45
15 71 45
95 71 81
8 4 43
62 22 53
3 57 8
2 53 50
66 80 78
68 41 31
51 34 71
78 31 55
80 90 1
64 52 98
25 35 65
93 80 58
55 89 90
19 85 61
70 8 13
80 93 58
77 9 4
91 42 4
69 60 3
16 96 94
91 57 33
50 14 12
75 37 20
82 16 31
3 48 59
98 40 8
78 70 10
13 51 10
27 12 52
85 14 72
55 34 22
66 4 82
66 53 12
55 30 48
34 28 75
82 29 66
6 45 82
35 71 37
49 32 45
55 67 72
74 21 43
84 48 92
53 21 37
51 44 30
39 11 51
49 84 5
2 74 11
55 46 31
46 68 9
2 26 18
47 23 35
35 58 8
62 77 50
87 56 12
84 69 65
77 97 61
10 67 8
62 49 30
18 92 96
73 59 74
46 71 46
34 88 88
72 28 71
75 55 2
5 91 93
37 8 47
84 79 3
77 67 65
57 37 94
27 58 34
1 29 16
18 36 33
32 35 96
55 48 53
19 9 2
60 95 23
36 79 23
78 14 57
21 82 33
84 22 91
75 53 63
81 64 6
62 88 66
54 4 30
34 42 37
58 72 26
20 21 8
70 17 36
76 44 95
25 92 69
15 51 6
44 26 51
54 15 94
24 87 9
85 40 43
87 57 5
84 22 79
87 71 61
81 19 9
58 41 20
68 43 53
63 77 81
55 44 39
79 47 63
93 88 39
58 24 32
2 20 7
33 45 64
73 96 35
51 46 37
98 49 9
66 46 71
89 88 69
84 16 39
62 60 16
77 16 53
60 56 10
42 66 17
85 98 64
46 82 73
8 13 56
20 52 67
79 82 3
57 83 90
71 67 79
23 94 44
66 39 31
22 35 34
7 1 57
25 65 16
22 35 38
69 86 49
30 42 29
12 56 1
96 47 65
67 96 50
17 68 88
19 76 48
65 86 8
80 9 11
8 82 23
84 99 71
57 30 62
96 83 57
81 57 88
34 36 22
98 36 38
8 17 8
12 57 21
33 60 43
76 96 65
39 62 51
57 82 56
80 14 28
78 98 26
30 36 92
44 22 79
8 82 42
44 10 10
46 79 85
82 46 50
92 73 99
2 6 51
97 22 46
70 97 29
8 51 69
86 37 12
16 28 50
29 43 37
61 68 78
84 63 72
15 44 22
48 38 15
31 52 29
91 31 44
21 65 72
8 3 87
61 0 53
86 64 28
28 41 14
72 96 43
90 99 95
27 24 24
63 96 0
59 80 98
75 12 13
36 33 68
28 75 84
66 94 3
91 67 73
41 82 23
45 85 74
12 98 62
95 89 84
83 44 76
50 6 29
69 61 16
27 31 40
72 78 19
15 1 87
98 75 65
7 57 96
55 90 79
70 50 56
30 59 40
91 84 66
54 88 64
92 10 78
11 72 74
98 43 54
71 75 69
32 80 95
2 13 92
88 17 24
45 26 68
25 23 67
94 48 61
36 6 38
66 71 63
88 6 75
54 77 35
89 76 79
20 65 4
42 93 92
79 70 9
77 48 88
15 48 1
1 96 11
12 29 22
48 83 34
82 44 70
88 78 29
40 78 17
17 8 17
32 88 71
87 72 33
45 77 24
44 23 76
30 55 52
6 74 48
12 5 38
70 51 97
7 63 35
49 18 55
23 10 7
31 83 41
32 93 36
46 59 81
70 84 20
30 69 10
87 99 22
26 71 97
24 69 59
91 48 19
43 91 97
35 81 88
99 37 92
59 19 11
31 43 71
65 43 63
55 65 35
19 81 76
68 32 2
26 40 3
7 89 68
93 70 62
70 87 1
58 61 42
72 57 12
32 26 92
4 54 28
14 46 6
27 83 24
15 44 76
38 53 41
24 49 99
53 1 83
61 31 72
77 16 31
38 81 57
31 38 63
32 87 84
86 19 13
75 97 92
21 37 46
42 77 19
34 75 90
27 77 99
50 16 41
72 26 15
9 31 92
51 74 94
95 92 35
33 97 81
41 66 96
37 75 38
80 73 24
34 66 71
76 67 21
14 98 36
98 71 84
28 99 98
16 17 51
19 49 1
50 79 23
61 73 10
59 59 30
89 82 57
6 37 65
56 76 46
43 92 28
95 97 82
94 91 91
57 17 70
51 43 56
2 18 51
80 7 43
19 85 92
32 95 33
6 45 49
90 14 46
98 21 52
50 7 41
34 35 56
8 69 91
77 73 63
61 33 71
63 85 27
19 35 68
96 5 95
74 18 98
2 13 46
58 62 78
31 25 55
60 3 13
79 36 81
36 67 56
6 97 60
43 92 27
45 32 41
28 32 78
91 75 83
15 44 9
3 46 82
58 23 27
3 53 34
4 2 58
53 23 27
25 11 6
32 5 81
48 75 26
61 62 41
27 47 58
3 71 27
16 11 40
95 72 10
76 67 96
30 55 95
57 75 75
24 49 3
81 98 80
89 96 99
67 90 90
17 98 67
97 93 38
29 95 31
29 73 40
80 38 76
71 15 28
94 96 2
27 43 22
29 4 72
77 41 29
28 44 28
30 38 97
98 5 60
41 0 23
78 73 88
96 73 61
35 52 51
37 16 54
43 96 1
95 54 64
15 58 80
69 41 10
78 99 36
48 67 21
4 98 81
11 66 29
31 49 40
79 70 1
10 54 54
65 74 23
0 33 39
90 24 21
51 63 73
16 18 62
29 68 77
77 94 54
41 31 11
35 80 38
1 15 1
22 88 85
9 95 57
93 4 65
35 75 96
68 57 55
22 20 69
73 76 9
81 18 2
57 38 1
72 95 69
12 35 22
22 33 76
26 35 76
59 61 9
42 92 46
46 60 12
62 27 40
16 81 40
97 56 65
14 45 10
41 81 69
98 37 41
26 6 0
52 71 58
98 1 69
15 47 82
60 59 75
12 11 77
46 8 8
51 65 93
93 9 90
57 91 21
25 50 2
69 53 94
99 59 3
42 82 8
13 66 42
0 16 64
23 83 81
29 92 40
8 21 35
72 17 39
44 54 55
32 75 86
58 14 10
26 6 87
63 73 70
10 55 84
87 77 72
97 1 83
5 98 15
79 75 85
62 68 21
11 9 52
5 97 5
54 75 59
96 24 26
2 67 22
61 52 11
42 94 70
99 70 68
10 58 26
37 51 18
69 11 38
5 17 64
82 95 60
38 28 96
98 98 1
39 26 97
2 24 10
30 96 6
69 48 92
32 27 62
45 2 73
81 67 34
66 55 0
33 94 58
81 59 53
15 52 22
45 42 16
27 82 24
9 84 7
89 51 13
30 35 50
73 38 56
37 95 80
44 99 84
94 24 99
6 52 89
72 2 2
71 51 63
88 84 5
56 54 81
18 25 70
2 59 0
83 14 60
77 82 55
63 94 45
35 59 27
59 8 86
91 67 27
66 54 78
69 72 33
99 58 13
21 86 66
7 24 14
