8 13 50
84 60 81
95 14 99
46 89 98
8 94 91
70 99 71
84 16 5
92 70 76
8 22 81
92 37 9
5 14 20
3 76 7
92 37 94
78 95 5
79 37 88
92 44 9
30 89 5
44 69 13
58 17 2
15 70 9
16 79 43
27 14 97
84 99 35
79 81 39
82 80 92
70 33 35
3 20 86
36 48 88
50 38 79
44 86 10
8 77 99
44 69 91
49 10 26
95 75 50
69 57 1
36 57 94
66 59 92
54 82 54
44 94 81
92 70 1
32 95 5
0 20 79
84 16 39
53 32 20
23 3 52
95 20 13
26 81 5
87 80 30
70 16 5
26 33 5
66 59 44
44 20 96
41 63 44
66 59 26
95 13 50
66 54 8
2 86 81
36 70 94
88 4 87
41 54 92
52 7 89
57 41 26
75 15 82
79 16 35
84 10 52
70 21 14
2 78 86
20 60 79
98 10 76
9 59 13
39 27 30
45 44 36
14 95 81
27 77 32
95 27 13
0 22 96
46 5 5
54 54 37
69 37 1
23 76 7
70 33 5
45 20 65
23 10 86
70 81 71
78 93 92
63 54 44
44 10 81
27 24 24
63 86 73
62 75 50
63 59 8
70 94 51
15 37 88
17 27 83
80 81 14
26 21 71
4 77 34
67 31 98
44 44 70
8 1 95
95 54 96
8 77 50
94 77 99
35 5 75
26 81 71
14 85 81
70 99 39
80 33 35
80 81 5
29 77 8
39 78 2
23 54 92
15 48 9
10 74 35
73 19 58
7 91 30
46 89 81
66 54 64
44 69 81
19 32 23
81 77 57
69 70 94
87 27 30
43 29 45
2 20 10
63 54 43
26 99 71
84 33 5
36 6 80
37 80 75
29 18 21
11 92 13
85 20 40
5 65 26
23 82 62
43 12 6
25 76 53
80 79 44
13 38 87
87 91 72
80 24 7
84 21 71
26 83 84
8 77 32
0 5 69
53 65 26
8 94 81
26 99 39
95 44 30
15 44 88
42 10 16
16 54 44
65 44 67
53 82 92
66 59 8
44 86 81
80 63 8
87 20 65
92 70 9
54 49 13
2 76 7
23 60 37
15 69 38
87 80 72
84 81 39
64 75 86
39 80 13
5 14 34
93 51 66
7 28 38
5 32 34
23 80 62
79 70 9
89 97 17
39 20 30
36 37 94
37 30 7
80 79 8
14 89 5
36 70 9
2 86 10
28 69 8
25 99 21
54 46 45
20 60 91
8 33 49
54 24 62
53 65 20
58 21 9
88 46 84
95 20 30
71 75 93
49 78 81
24 88 15
5 32 20
39 91 13
50 88 73
5 44 49
22 91 95
28 96 83
8 60 81
4 68 62
10 38 14
77 16 39
82 61 81
81 26 53
3 85 36
53 65 2
30 2 45
3 99 95
94 24 99
99 62 31
75 50 53
49 86 7
16 7 44
5 65 34
8 24 50
17 72 6
79 20 24
92 48 88
63 59 12
52 57 51
78 85 33
16 47 1
71 27 37
53 52 71
95 27 72
84 69 96
37 12 36
78 67 11
45 20 13
78 67 47
25 45 52
42 25 10
88 11 47
47 6 44
83 39 91
19 48 4
46 75 34
42 92 30
68 21 52
30 5 5
55 90 62
33 12 21
66 7 8
72 84 31
39 16 73
92 18 88
19 41 23
27 75 50
95 75 74
3 74 55
80 99 39
65 72 87
57 32 26
58 55 19
54 83 7
67 10 78
62 77 50
65 26 85
19 14 20
61 45 30
73 99 16
8 46 16
17 73 60
21 31 42
95 33 12
32 95 45
80 99 35
46 26 50
81 74 71
17 23 71
33 52 75
18 33 27
79 23 33
18 8 91
57 32 57
54 1 29
80 81 71
39 80 30
15 57 76
30 9 88
23 78 81
28 67 13
3 20 10
73 27 1
90 21 37
54 10 46
45 60 61
66 9 21
49 55 33
84 71 72
82 54 37
95 80 36
71 6 78
22 64 78
24 20 73
61 3 67
26 73 41
84 20 81
49 20 86
49 76 7
80 63 92
84 94 79
87 27 36
0 89 24
55 68 84
82 71 14
78 89 33
65 73 47
33 37 92
1 98 66
45 80 30
38 36 57
89 59 86
2 83 14
82 24 24
28 7 14
26 16 71
4 23 74
68 35 19
13 35 47
31 21 80
29 85 45
78 1 16
25 72 67
78 15 43
90 90 6
50 21 92
46 77 95
50 93 80
79 90 37
17 34 31
1 38 13
5 91 45
90 80 80
43 33 64
82 80 24
14 51 22
27 54 37
57 4 22
21 17 2
52 62 54
48 53 11
53 14 2
59 55 40
43 96 42
19 54 79
2 38 68
37 78 76
12 59 69
2 10 81
49 86 50
23 21 70
60 64 98
33 29 50
14 85 45
94 77 97
58 32 26
79 21 39
84 33 14
23 48 26
73 5 29
11 67 45
38 34 58
63 26 21
61 21 59
68 11 70
15 28 30
46 20 68
80 7 44
85 66 65
42 39 48
53 5 9
41 15 15
36 44 9
36 5 83
37 17 38
20 35 99
68 84 43
99 6 73
54 41 59
53 11 55
28 20 73
10 1 56
17 67 29
39 29 75
83 22 32
66 79 43
10 40 91
92 34 58
23 82 37
80 26 16
64 21 3
77 77 55
58 14 26
4 14 32
9 13 71
57 62 28
62 13 97
7 80 30
47 79 76
9 88 19
95 28 13
96 72 98
24 66 99
66 97 66
8 85 60
51 55 21
90 3 93
40 98 49
45 27 13
28 56 59
17 68 95
16 20 64
48 4 25
76 23 67
7 74 40
74 60 40
16 75 59
13 24 74
57 16 42
54 40 45
35 73 14
46 5 33
87 15 72
88 20 70
37 44 95
7 79 71
71 10 95
29 40 99
53 65 34
21 59 47
23 24 62
54 41 86
51 8 81
81 40 40
23 82 24
42 96 59
94 14 97
23 86 10
23 86 86
79 28 52
53 80 62
91 66 22
6 21 11
40 71 47
77 93 82
50 44 67
20 42 1
24 64 3
23 21 66
55 16 97
84 11 64
58 41 34
14 84 87
39 18 34
94 32 82
14 2 51
22 50 88
11 85 57
20 20 81
58 47 82
66 33 43
59 42 34
12 63 7
29 89 94
97 34 19
56 88 98
84 26 84
0 20 91
56 86 83
73 90 52
53 67 23
18 35 43
38 42 5
52 92 14
40 38 33
46 85 5
70 26 4
46 86 81
15 57 1
94 3 79
5 65 23
20 60 13
77 81 34
91 80 16
35 6 94
97 63 47
92 57 94
76 85 82
70 50 17
44 50 94
20 94 79
21 18 87
27 60 92
32 95 60
75 99 33
6 30 14
61 90 43
6 69 38
59 77 88
21 59 67
58 32 34
0 80 75
87 67 0
99 20 68
57 32 34
27 80 54
84 74 30
13 80 19
92 86 53
88 33 51
47 97 82
54 80 92
32 30 65
77 26 1
37 9 30
34 35 58
46 1 25
82 46 41
3 83 22
62 83 13
54 10 33
20 45 50
97 44 25
57 5 86
69 61 93
35 55 47
93 40 38
74 44 46
95 68 32
26 11 84
22 59 97
36 95 51
61 39 73
66 7 66
16 59 43
21 14 11
23 93 52
69 92 38
28 62 85
13 62 92
7 44 13
41 92 62
51 58 77
3 66 48
13 93 76
70 81 35
60 19 22
38 6 80
50 27 10
40 49 61
53 17 2
18 97 26
83 42 17
64 30 27
68 92 56
84 60 13
44 78 81
29 50 55
98 31 25
69 57 94
51 79 34
22 17 30
64 49 42
44 22 81
40 31 7
62 65 74
46 35 29
11 8 71
86 96 73
61 69 26
4 82 34
99 28 89
23 0 30
82 23 92
1 69 43
46 90 75
98 21 49
99 39 17
36 70 76
19 32 34
27 3 81
94 75 50
4 41 62
96 86 16
16 54 8
40 11 73
18 72 25
75 98 87
11 4 36
94 94 45
18 68 39
8 94 79
25 59 92
13 19 39
66 14 64
58 78 45
50 4 89
70 61 34
63 65 35
95 2 35
90 22 16
8 27 71
41 59 64
88 59 46
95 0 91
59 3 74
44 23 88
65 57 87
76 65 97
40 17 16
54 82 92
65 22 67
87 33 12
79 53 90
17 29 63
72 58 98
60 43 46
66 67 62
84 69 81
7 24 58
32 1 11
45 93 21
95 24 50
44 7 48
96 75 86
27 61 4
8 82 56
60 66 63
72 90 5
56 77 45
8 20 13
81 98 65
22 54 20
26 22 17
3 20 18
98 70 33
70 10 66
75 43 84
49 16 79
45 31 90
55 92 12
48 50 85
58 33 49
92 48 1
83 50 31
16 46 2
91 80 77
73 4 39
63 7 92
57 22 49
46 16 46
1 91 53
37 61 60
67 75 7
40 96 98
46 69 81
46 65 59
83 41 6
44 10 99
18 42 60
71 56 91
10 55 82
39 7 33
94 13 32
51 96 22
36 44 76
50 9 28
74 52 45
44 28 51
18 10 26
56 33 5
44 78 86
58 32 2
41 64 90
10 23 9
66 97 78
17 57 29
53 44 66
85 83 11
56 9 14
0 88 20
19 55 99
5 17 2
7 20 18
42 98 74
89 92 29
98 0 6
69 71 15
44 94 79
69 57 76
73 47 78
3 36 68
70 7 67
55 40 96
40 67 84
31 43 56
73 31 40
27 62 3
6 87 67
64 4 59
18 15 91
24 37 41
69 48 9
84 99 5
43 25 85
66 82 61
9 12 60
30 89 98
67 29 71
36 54 93
95 24 74
29 47 18
39 76 27
20 22 96
45 20 55
2 63 73
64 17 57
13 37 38
37 96 91
40 10 80
10 68 49
56 67 24
39 1 40
1 51 56
91 79 26
79 99 35
97 79 52
12 10 32
13 15 10
28 92 82
14 36 20
12 84 46
32 89 33
96 93 67
45 20 76
2 13 24
53 34 18
42 29 82
78 87 82
26 33 71
13 44 85
63 90 47
94 40 13
10 10 97
87 11 2
89 32 39
60 23 62
55 27 63
53 24 37
76 30 35
24 46 49
57 17 2
19 47 3
53 25 47
79 44 1
26 98 81
25 83 0
38 93 55
58 14 34
13 42 63
86 70 29
25 98 24
43 85 93
15 11 34
40 51 15
15 44 1
19 65 26
57 88 70
54 60 37
36 44 42
2 76 10
69 46 78
69 27 34
67 50 63
43 25 9
43 85 29
85 75 54
84 39 23
44 45 81
65 98 47
71 51 56
51 61 29
1 82 16
30 73 11
95 65 14
71 89 38
5 79 69
91 30 86
97 62 34
3 6 84
64 89 4
90 36 12
10 91 30
77 68 47
16 35 96
40 74 18
6 29 29
69 48 94
60 82 13
26 21 7
44 17 34
8 60 79
24 89 49
71 82 8
2 20 90
46 88 6
71 39 29
30 45 9
94 91 50
89 85 20
15 85 90
30 11 50
26 25 1
46 95 5
30 89 81
36 80 49
59 31 87
85 57 96
7 70 34
24 60 89
96 58 69
77 95 9
85 19 23
57 33 44
18 94 70
78 84 96
90 25 34
23 69 26
74 34 6
33 41 24
8 69 92
66 51 74
28 98 99
31 6 12
5 14 2
12 80 25
68 36 64
33 6 99
70 4 99
10 13 0
44 73 78
27 73 34
84 82 26
65 90 74
22 82 64
99 5 94
66 95 38
73 57 80
28 45 0
59 80 81
52 60 6
78 71 85
78 59 13
54 80 62
3 86 81
78 44 29
53 24 95
30 45 81
21 94 74
4 74 59
70 44 14
80 32 73
6 41 12
76 70 8
91 21 78
89 50 31
51 44 82
22 28 53
6 55 16
17 27 17
33 73 79
6 3 48
12 91 63
22 38 24
11 19 81
83 29 31
47 64 64
81 10 3
2 83 93
6 45 6
67 27 56
65 88 35
30 5 33
67 22 30
58 55 24
70 21 50
41 7 79
79 70 1
17 35 93
53 87 44
50 37 75
5 57 95
40 64 96
36 44 1
16 32 4
46 2 98
80 7 64
31 69 71
39 80 72
56 36 90
2 78 10
56 79 96
24 99 19
5 70 68
95 71 97
83 44 17
39 27 36
24 48 5
28 74 15
38 87 25
0 18 68
37 92 26
71 14 87
30 54 26
56 38 21
39 63 17
19 64 36
49 51 26
13 98 32
33 24 8
8 40 73
68 68 47
59 47 30
84 27 97
80 77 93
24 4 22
74 33 3
66 59 43
44 60 13
63 63 64
5 16 74
11 73 29
40 32 6
59 40 0
29 5 83
12 35 52
7 80 72
91 96 68
46 29 67
5 41 26
64 88 73
85 2 4
58 28 3
50 58 5
54 92 49
16 4 59
15 82 93
17 66 86
43 83 92
60 19 31
11 23 62
65 73 42
8 66 79
47 92 10
57 14 34
42 23 88
30 17 78
31 26 79
95 68 12
99 37 73
50 62 88
20 31 75
92 38 56
32 24 20
62 2 44
8 69 91
87 44 36
6 20 62
39 15 4
19 11 30
37 89 6
96 4 87
37 67 44
33 24 39
26 51 34
64 88 34
90 73 72
52 44 1
66 54 43
84 33 35
66 58 26
25 8 61
51 64 64
74 38 94
88 76 69
95 43 84
71 33 63
58 59 0
47 75 44
10 27 77
42 32 60
81 15 5
35 20 95
31 2 84
1 18 52
23 57 86
7 50 29
