77 47 27
19 83 74
52 46 60
73 20 83
77 72 44
45 7 79
98 15 4
37 10 74
14 16 74
41 15 37
35 53 12
77 4 77
98 15 27
35 80 12
71 62 71
77 5 83
76 72 43
77 44 83
77 5 64
37 10 4
45 66 81
35 46 22
26 53 14
70 35 26
74 38 98
19 72 43
58 7 74
31 62 79
27 62 34
79 72 64
18 53 19
90 12 37
91 7 74
5 62 86
52 89 43
46 12 67
37 16 74
98 69 37
48 15 4
0 35 98
70 35 98
14 7 55
31 90 19
61 66 79
90 67 15
88 90 76
88 85 86
7 46 19
98 69 4
21 30 43
37 7 83
2 73 74
2 97 6
9 69 79
91 7 40
46 4 44
63 97 6
91 73 74
0 38 91
74 43 17
21 81 64
71 43 79
88 85 71
45 7 43
52 53 60
21 30 52
80 4 67
82 41 64
80 44 67
63 7 40
18 80 43
90 5 81
81 37 40
81 97 5
37 83 55
39 90 76
2 97 41
70 35 91
98 12 2
0 59 15
0 59 98
52 46 43
97 30 52
57 80 60
42 12 77
48 38 27
58 73 6
98 15 79
77 12 83
18 46 12
57 53 43
19 10 55
21 72 43
74 51 17
79 30 16
91 34 6
71 99 22
71 22 64
41 83 37
90 5 43
79 30 43
77 12 44
57 80 19
41 35 17
98 12 79
18 89 60
42 4 67
76 30 52
77 99 83
88 85 76
42 12 44
61 7 14
56 62 22
80 47 83
16 5 81
31 85 79
70 51 91
26 67 79
81 34 74
41 51 26
79 81 16
82 22 22
2 37 5
90 69 4
77 47 44
26 66 15
33 4 27
39 90 86
5 85 19
18 80 60
71 41 34
88 43 76
73 83 55
52 53 19
70 51 98
97 19 16
82 5 22
29 59 17
16 7 79
27 99 22
48 12 2
29 35 26
14 10 83
74 59 91
26 7 43
88 90 86
48 15 2
90 15 79
77 4 83
35 90 22
79 19 64
18 90 12
71 90 71
26 7 81
2 97 74
19 20 74
21 60 52
52 90 60
82 99 34
71 89 79
42 47 44
41 83 27
48 12 37
27 22 22
26 53 81
48 69 27
71 22 22
29 51 15
74 59 98
57 46 60
5 43 79
42 4 27
0 59 91
39 90 19
41 43 26
29 38 26
26 7 14
31 90 86
61 53 15
18 46 43
27 62 22
77 22 34
70 43 15
71 41 83
97 81 72
0 51 17
71 22 34
91 37 5
33 72 44
41 38 27
37 16 83
97 19 52
77 99 19
73 20 55
33 12 67
71 22 83
57 90 43
29 51 91
73 10 74
31 62 76
21 19 43
0 35 26
45 66 43
77 22 64
27 5 22
68 7 83
45 7 81
21 19 72
76 81 64
26 5 43
68 83 4
57 46 22
71 43 71
56 22 64
41 15 4
77 12 67
91 34 41
41 51 17
33 4 83
18 80 12
41 35 91
0 35 17
71 90 79
70 51 26
77 22 22
71 62 19
41 15 2
79 81 72
63 7 5
81 37 6
19 30 52
76 81 72
80 47 44
71 22 19
46 4 83
5 43 86
56 99 19
48 38 4
57 89 43
9 83 37
37 7 4
27 41 83
35 90 60
79 60 52
29 35 17
41 38 4
42 47 27
77 62 19
79 30 72
56 41 19
39 89 86
14 83 74
79 19 72
27 22 83
71 85 19
90 5 14
73 20 74
27 99 19
80 12 83
14 20 39
52 80 12
91 7 6
68 20 39
2 37 6
76 60 64
19 16 74
41 12 2
46 47 27
80 12 27
26 66 43
19 83 4
45 5 79
73 10 39
48 15 79
14 7 83
19 7 83
98 83 2
68 10 74
45 7 15
90 38 27
82 5 19
35 80 43
91 37 41
0 59 17
26 66 14
0 43 15
77 62 83
77 12 27
74 35 17
37 16 4
63 97 5
26 53 15
9 12 2
98 12 37
77 4 67
42 12 27
90 83 37
98 69 27
88 85 79
29 38 15
90 67 43
41 83 2
45 67 79
88 43 86
21 81 52
61 7 79
9 15 2
98 83 27
80 4 44
68 20 83
35 89 19
27 99 83
31 90 71
61 7 43
35 53 60
57 90 19
81 37 74
19 60 72
61 7 15
56 22 22
57 53 19
68 83 55
33 44 67
57 80 22
97 30 43
71 62 34
41 43 15
29 43 91
18 90 43
90 7 14
90 66 43
2 37 40
45 67 14
56 99 64
26 66 81
81 97 40
82 22 83
42 44 77
48 83 2
81 7 40
27 41 64
56 5 22
7 89 12
73 10 55
39 89 79
0 35 91
26 53 43
29 43 17
70 59 98
16 67 43
46 47 67
68 7 39
41 59 98
19 81 64
97 30 64
16 67 79
79 81 64
45 5 81
61 67 43
71 5 22
77 99 22
90 83 27
19 30 16
41 51 98
97 19 72
81 34 6
42 72 83
35 53 19
26 66 79
27 62 19
31 89 86
81 7 41
19 20 83
77 22 83
68 20 74
71 90 19
19 81 43
9 12 79
81 97 74
56 5 34
0 51 98
68 20 55
88 90 19
9 69 37
26 67 81
33 47 27
0 35 15
90 38 4
31 43 76
90 67 81
45 67 43
88 62 79
71 90 86
37 16 39
37 83 83
61 53 79
31 89 71
41 59 17
16 53 79
42 4 44
77 72 77
14 7 4
48 15 37
21 60 64
61 53 14
14 83 39
5 89 79
76 60 52
73 16 39
48 83 27
0 59 26
76 81 52
81 7 6
0 43 26
0 43 98
82 99 83
37 83 39
74 59 26
18 89 43
88 62 86
61 5 14
80 72 27
80 44 77
7 90 60
41 38 98
21 60 16
48 69 79
81 73 40
18 89 19
39 90 71
2 34 74
88 43 71
29 38 98
80 44 44
19 72 16
58 37 40
77 41 19
79 60 64
90 12 4
81 37 41
76 81 43
39 62 76
70 43 17
80 4 83
5 85 86
31 85 86
68 83 39
88 89 19
48 38 37
39 85 71
35 46 60
16 5 15
16 66 14
39 85 79
5 62 19
14 83 83
74 51 98
91 97 6
5 62 76
82 99 19
77 44 44
29 59 26
79 19 16
14 10 74
41 51 15
41 69 4
42 72 27
29 35 98
74 35 26
73 16 55
45 53 15
7 90 22
73 16 74
90 83 2
80 72 44
52 80 22
31 89 19
68 16 83
98 83 37
76 72 72
63 34 74
5 89 76
58 97 40
90 38 37
35 80 60
90 12 79
79 19 43
5 85 71
19 20 4
63 73 5
39 62 86
2 7 74
63 37 5
19 72 64
90 53 79
41 43 17
52 46 19
19 81 52
7 53 12
42 12 67
56 22 34
19 16 4
5 90 19
76 72 16
41 69 2
91 37 40
29 51 17
42 72 44
63 97 41
81 73 6
90 69 27
9 83 79
79 81 52
37 10 83
19 19 52
91 73 40
19 7 4
16 66 79
70 51 15
76 72 64
31 62 19
61 67 81
77 99 64
91 73 5
33 47 44
56 62 34
82 41 83
80 47 67
57 89 12
76 30 64
46 44 83
70 38 17
56 5 64
90 69 37
58 34 6
88 43 79
19 83 39
80 12 44
98 83 4
57 90 22
7 53 22
90 7 79
90 53 14
48 12 27
26 7 79
61 67 79
31 90 79
48 69 4
91 34 40
88 85 19
82 99 64
56 62 64
82 62 19
18 53 22
90 83 79
14 20 55
56 41 83
58 73 40
21 81 72
39 89 76
58 7 6
76 60 43
74 38 15
77 41 34
42 44 67
98 69 2
46 44 44
31 89 76
91 97 5
0 51 26
33 12 77
81 34 41
77 5 22
14 10 39
98 38 79
18 80 19
46 12 77
82 41 22
77 4 27
90 53 43
68 7 4
16 53 14
35 46 12
2 34 40
33 4 77
77 12 77
21 19 52
46 47 83
46 72 67
37 10 55
41 83 79
5 43 76
2 73 40
41 35 98
97 81 43
56 99 83
35 89 12
29 38 91
27 22 34
56 22 83
61 5 15
79 19 52
48 83 4
19 30 43
73 10 83
76 30 72
71 62 86
29 35 91
29 59 15
19 81 16
42 72 77
71 99 34
33 47 83
27 22 19
19 60 43
70 38 98
71 90 76
7 80 60
82 22 64
74 59 15
33 4 67
19 60 64
57 80 12
82 5 34
27 5 19
19 19 43
98 38 4
79 30 64
98 15 2
97 30 16
41 59 91
48 12 4
70 35 17
0 51 15
77 41 64
68 10 4
39 43 19
91 97 74
71 62 76
80 4 77
52 53 12
71 99 19
58 7 41
27 41 22
31 85 19
16 7 43
63 73 40
41 59 15
5 62 79
9 12 27
45 53 43
2 7 40
5 89 86
46 4 77
26 67 43
97 60 64
21 30 64
37 83 74
79 81 43
73 83 74
57 53 22
71 5 83
77 22 19
29 43 26
18 80 22
42 44 83
18 53 43
41 38 37
39 90 79
90 53 81
31 43 71
88 89 76
19 20 39
48 69 2
70 35 15
70 38 15
79 72 43
39 85 76
90 66 81
7 80 12
18 90 22
73 7 4
19 10 39
73 20 4
9 38 4
52 46 22
39 62 71
76 19 64
90 83 4
80 72 83
41 38 79
16 67 14
16 7 81
76 19 52
79 72 52
56 99 34
68 10 83
33 72 83
5 90 86
81 73 74
14 20 83
61 67 15
52 46 12
88 90 79
46 44 27
19 7 39
31 43 19
5 90 79
80 72 77
21 19 64
7 89 22
42 47 83
81 34 40
5 85 76
91 34 5
41 51 91
71 62 64
19 16 39
39 85 19
90 69 2
97 81 52
91 7 5
80 47 27
33 44 44
41 38 26
58 37 6
46 72 77
2 73 41
5 43 71
18 90 60
88 62 19
37 16 55
39 43 76
79 72 16
61 7 81
68 83 74
16 67 81
16 5 43
98 12 27
42 47 67
97 72 72
81 37 5
63 73 6
19 7 74
41 38 15
77 72 83
42 72 67
58 73 74
82 62 34
71 43 76
57 90 12
48 83 79
52 89 60
37 7 55
70 59 15
77 62 22
45 53 14
18 89 12
71 99 83
98 12 4
37 10 39
27 99 64
90 69 79
76 19 72
41 38 91
33 47 67
71 43 19
19 16 83
35 90 43
70 43 91
16 53 43
76 60 72
31 43 79
58 37 74
80 44 27
14 10 4
57 53 60
7 89 19
5 85 79
73 83 39
74 51 15
39 89 71
37 20 74
57 46 12
16 66 15
74 38 26
18 53 60
82 5 64
19 19 64
56 41 34
81 34 5
29 51 98
76 72 52
5 90 76
74 59 17
90 5 79
37 20 39
41 69 79
98 38 37
42 47 77
18 46 22
26 7 15
82 41 34
80 12 77
90 38 79
73 7 74
14 16 39
14 16 4
57 89 60
33 44 83
97 60 52
9 12 37
29 59 91
74 35 15
52 80 19
90 67 14
35 89 22
68 7 74
35 90 12
70 51 17
90 7 81
46 4 27
58 34 41
81 73 5
31 43 86
77 44 67
56 99 22
39 89 19
82 99 22
63 97 40
57 46 19
35 46 19
56 22 19
39 62 79
7 89 43
9 69 2
63 34 41
9 83 2
63 73 74
16 5 79
21 60 72
48 15 27
41 38 17
19 7 55
2 7 41
27 5 64
79 72 72
5 89 19
63 37 74
26 53 79
46 72 44
90 38 2
81 97 6
98 38 27
2 97 5
57 46 43
45 53 81
19 16 55
27 5 83
7 90 43
48 83 37
58 37 5
52 80 43
77 47 67
2 73 6
98 38 2
52 90 43
82 5 83
61 5 79
41 35 26
90 53 15
19 10 83
52 53 43
90 15 2
56 62 19
26 67 14
27 22 64
81 97 41
97 81 16
14 83 4
33 72 77
26 5 81
90 67 79
63 37 41
68 20 4
91 73 41
5 90 71
33 72 67
52 80 60
52 90 12
16 7 15
71 89 76
21 30 16
18 90 19
63 37 6
46 12 83
35 89 43
74 35 91
73 7 83
76 30 16
91 37 6
56 5 83
74 43 15
21 81 43
77 44 27
33 44 27
27 41 19
7 90 19
88 89 86
71 85 86
41 12 27
9 83 27
73 20 39
0 38 98
52 89 19
21 72 72
7 80 43
26 5 79
97 72 52
68 10 39
19 19 16
88 43 19
76 19 43
41 43 91
29 59 98
41 69 37
35 46 43
77 99 34
57 89 22
0 38 26
16 53 15
29 51 26
33 72 27
19 60 52
97 72 43
31 89 79
90 15 27
61 67 14
58 73 41
26 67 15
5 89 71
7 80 19
16 66 43
56 41 64
61 66 15
81 73 41
33 4 44
27 41 34
18 46 60
88 62 71
71 5 34
46 44 77
7 53 43
82 62 83
71 62 22
76 30 43
45 5 14
42 44 44
76 81 16
7 89 60
97 72 64
45 67 15
9 69 27
48 12 79
58 34 5
45 53 79
46 47 77
48 38 2
80 72 67
37 20 4
88 89 79
71 85 76
52 90 22
41 15 79
88 62 76
58 73 5
45 66 15
68 16 39
68 83 83
91 37 74
97 30 72
71 5 19
90 15 37
29 38 17
77 41 83
77 62 34
82 62 22
14 20 4
41 83 4
90 66 79
9 38 27
27 62 64
35 89 60
46 12 27
7 80 22
42 12 83
91 97 41
90 15 4
7 53 19
9 38 79
