57 46 19
57 46 60
16 67 79
90 53 81
2 34 6
98 83 37
82 22 83
16 66 81
46 44 77
56 41 34
97 81 16
41 69 79
90 5 81
71 89 71
48 69 37
91 97 5
2 97 40
0 59 98
35 90 12
7 89 60
29 35 91
18 89 43
52 53 60
58 34 41
42 12 83
63 73 6
56 22 83
41 59 26
14 83 74
76 30 43
98 12 27
74 51 17
48 69 79
68 7 4
0 35 17
63 7 6
90 69 27
37 16 4
21 19 52
77 62 19
71 99 64
82 5 83
39 89 79
18 90 60
71 99 22
82 22 34
57 90 19
21 60 16
37 20 55
58 97 5
46 72 44
56 5 34
46 12 77
61 7 14
58 34 40
90 26 76
61 5 14
45 66 43
45 45 84
26 7 79
97 60 16
90 67 79
14 7 83
41 38 4
73 20 74
10 16 14
76 60 16
85 20 8
57 53 12
10 26 91
17 58 3
39 62 86
88 43 19
71 90 86
98 12 79
77 47 77
68 83 4
9 38 79
79 60 43
73 7 74
46 47 44
73 16 39
97 19 43
26 0 7
68 10 83
77 5 34
45 7 14
48 15 27
33 4 83
63 7 5
66 63 99
65 55 97
96 43 24
77 99 22
0 87 51
88 89 76
33 4 77
97 72 64
27 92 57
22 33 68
19 83 74
31 62 19
46 44 67
71 5 19
33 12 44
5 89 76
20 92 97
2 37 74
39 43 71
82 5 19
79 30 72
62 32 59
27 22 64
88 85 76
19 30 64
75 42 30
3 73 56
71 5 22
55 86 12
81 97 41
2 37 6
98 89 97
27 99 64
32 12 26
99 4 47
71 22 83
16 67 14
80 47 83
31 43 79
61 53 79
85 86 10
81 1 73
61 67 79
88 89 19
5 89 79
94 94 90
98 69 27
97 62 9
58 0 35
71 45 59
91 7 5
97 30 16
14 10 4
5 85 76
80 47 44
59 95 75
42 12 44
80 39 26
93 47 52
57 53 22
28 22 41
42 12 27
16 67 81
63 73 40
19 7 74
6 40 5
0 43 17
41 59 15
2 7 6
35 80 22
89 90 24
40 20 90
26 53 79
95 16 61
55 19 20
33 72 77
31 90 76
62 86 73
71 89 76
19 30 72
26 5 81
77 99 19
73 71 12
77 4 77
4 79 27
45 5 43
15 35 86
39 90 19
75 26 22
21 72 43
41 69 40
56 99 64
61 43 71
71 31 35
45 5 79
7 45 79
79 30 64
58 68 8
63 81 34
96 17 47
37 10 4
6 90 29
2 83 91
44 63 60
52 97 66
19 19 16
6 70 57
78 27 79
90 66 79
79 61 47
24 17 10
5 89 86
63 55 73
82 41 22
46 4 27
48 50 47
61 25 54
2 17 59
77 72 27
52 83 8
82 62 19
90 83 27
45 53 79
26 7 43
60 45 32
27 41 64
96 12 64
33 4 67
88 89 86
27 62 16
44 0 75
98 60 59
9 69 4
77 72 83
42 57 12
21 66 50
71 41 34
42 72 27
5 87 55
55 9 95
32 17 22
71 28 50
71 65 9
21 81 64
14 16 39
68 83 74
67 14 83
47 26 79
41 43 15
37 89 72
42 47 83
90 7 14
74 43 17
19 83 83
44 9 46
56 26 12
81 36 68
57 83 71
16 96 51
49 0 33
0 43 98
44 13 41
90 58 90
30 70 51
63 68 17
99 13 71
81 37 6
97 89 70
45 5 81
19 16 39
58 58 58
25 78 59
0 43 91
52 32 9
55 38 16
9 83 4
31 89 19
16 85 49
12 54 35
61 5 15
2 7 5
41 83 2
34 70 98
46 82 2
98 96 97
67 56 0
91 80 79
16 76 29
84 81 99
96 20 78
48 96 3
18 90 22
19 45 0
16 53 79
42 48 33
80 12 44
77 12 77
91 6 43
24 82 42
94 99 23
77 43 17
37 16 39
7 53 22
79 38 77
90 35 62
94 39 34
82 22 64
59 72 58
51 97 0
40 15 35
30 51 94
82 62 83
32 42 69
90 15 79
15 86 40
92 35 58
28 67 25
71 72 28
19 16 83
6 48 80
10 13 96
28 85 89
65 83 49
65 5 61
20 17 24
10 18 58
89 64 64
51 51 20
78 82 13
84 36 83
77 32 43
82 51 64
35 45 83
35 53 60
53 85 11
77 47 67
80 71 62
10 2 16
78 74 63
63 94 4
9 5 48
46 39 17
5 90 76
0 91 49
2 19 44
25 93 61
24 82 50
63 88 38
20 13 35
71 41 22
98 62 28
1 36 19
72 66 55
21 49 16
39 89 19
53 58 24
39 62 76
97 30 64
77 37 54
75 5 18
74 26 33
19 30 43
7 80 12
62 9 21
12 98 49
12 7 52
67 0 15
4 48 39
22 23 21
41 51 15
28 14 8
79 60 16
82 99 19
44 16 57
33 72 67
65 41 49
38 49 62
88 21 11
29 41 21
78 12 67
52 89 43
48 83 79
94 20 7
70 59 91
67 98 40
53 51 12
85 53 74
99 60 16
88 89 71
12 90 56
79 12 65
77 44 77
14 16 4
18 91 41
44 47 87
51 37 38
98 50 15
16 53 43
46 12 27
30 17 92
1 27 33
62 3 30
14 58 21
31 54 14
37 13 8
82 88 43
98 12 14
90 40 16
18 89 15
72 92 5
1 6 60
82 22 22
86 24 87
13 90 4
55 49 57
29 59 17
77 54 14
76 4 29
72 8 88
76 19 16
9 15 37
77 43 22
12 30 72
8 43 0
91 37 40
45 48 97
65 96 46
88 57 35
57 62 58
95 23 77
77 42 99
15 45 3
49 83 7
74 43 98
28 70 62
76 52 88
49 26 70
46 57 27
35 86 85
85 23 30
78 60 89
29 43 91
94 70 3
30 50 69
33 41 76
57 80 43
23 28 3
16 96 31
14 56 27
25 74 15
71 0 6
5 50 85
0 77 22
77 44 82
54 55 78
96 20 27
89 29 97
78 60 48
11 9 12
21 7 24
78 91 34
62 89 9
41 15 79
38 1 34
12 17 78
79 60 64
30 1 84
68 31 51
87 87 9
13 72 91
66 59 11
1 20 5
45 95 46
6 14 85
32 32 20
41 15 37
72 35 34
14 57 46
63 37 41
19 10 55
45 66 81
44 85 35
54 76 63
86 93 62
26 3 14
46 44 44
94 98 9
10 28 15
26 75 11
10 48 43
47 35 96
55 56 35
88 46 35
52 46 60
29 59 98
69 14 7
21 13 5
84 48 68
26 66 81
81 3 32
19 72 16
39 90 79
27 91 52
59 33 22
69 84 69
22 55 77
41 6 58
74 30 26
57 4 41
18 25 84
89 75 56
7 89 22
70 43 26
4 90 84
69 16 99
75 11 51
67 53 5
41 15 2
70 59 98
26 7 15
51 95 54
87 24 98
88 66 55
71 78 73
45 17 15
65 51 83
84 79 11
47 72 29
32 85 82
19 10 39
88 26 86
32 17 35
72 13 11
89 3 2
68 89 59
48 11 93
88 26 50
36 41 72
29 55 72
37 94 35
40 62 49
39 30 27
45 7 81
63 80 50
15 93 36
64 71 58
26 22 8
13 53 77
10 43 50
60 56 44
12 26 17
90 43 60
7 46 12
93 30 6
52 25 82
80 72 67
17 69 76
4 54 82
16 72 3
14 68 63
52 37 49
61 52 63
99 37 80
63 98 45
29 18 17
44 71 4
74 35 91
24 96 36
20 10 26
46 35 54
37 56 56
39 63 7
12 70 37
59 71 79
83 8 92
32 24 82
49 70 36
57 73 60
30 57 95
46 66 42
97 83 13
13 82 88
84 13 45
72 64 98
70 52 66
66 57 53
57 38 79
24 90 53
33 12 77
92 36 4
70 35 1
74 38 91
59 95 92
75 61 38
79 65 46
56 34 62
68 16 83
4 18 40
12 37 96
95 6 50
96 89 75
46 87 84
12 46 70
1 60 16
29 3 57
23 73 92
27 62 22
37 20 83
98 49 30
18 42 39
7 54 91
60 89 74
53 93 1
86 87 22
72 46 71
34 63 47
92 32 81
93 76 70
81 7 5
28 45 50
58 60 32
18 26 91
97 80 54
51 44 52
97 83 72
33 46 90
41 35 91
5 64 13
9 66 52
14 17 25
79 14 59
39 85 79
87 97 73
81 73 41
96 68 47
93 51 40
79 30 43
13 43 60
51 63 72
64 84 0
9 97 87
36 59 31
68 61 56
2 68 20
16 31 13
96 54 49
79 46 56
16 35 47
65 49 70
41 16 18
39 79 64
15 65 50
75 29 24
89 49 49
91 56 37
1 73 8
49 8 80
14 50 58
6 62 98
97 79 42
34 77 30
73 83 83
96 34 84
90 96 3
78 18 5
70 47 98
36 74 7
97 45 9
81 29 36
82 36 22
54 39 54
83 29 60
88 52 1
19 64 84
63 73 41
64 62 31
31 12 48
69 47 6
46 38 4
90 1 83
15 35 80
32 72 65
70 38 17
89 79 87
93 62 92
31 79 23
14 10 42
92 30 67
15 83 6
30 3 84
96 92 92
25 8 92
82 49 93
80 79 57
23 75 69
2 28 65
7 87 51
96 58 37
77 55 51
65 90 6
53 47 71
9 34 29
74 2 29
45 5 46
16 48 35
91 37 74
98 52 91
47 68 94
92 32 49
56 11 17
46 44 27
12 11 16
89 89 42
62 21 16
46 17 37
54 24 56
31 86 88
68 52 70
54 9 46
68 80 91
81 54 60
45 33 2
26 41 78
8 68 2
51 31 19
47 54 64
85 22 12
74 45 47
1 67 3
2 37 41
74 14 80
53 53 68
28 91 70
80 12 67
26 98 71
15 75 38
38 93 49
59 4 91
48 16 52
46 61 78
70 38 15
3 2 54
99 27 67
98 38 4
34 59 70
28 96 46
91 88 19
84 33 83
96 4 41
12 75 3
45 67 79
23 47 86
33 40 34
31 37 75
57 46 43
90 53 43
94 64 52
49 35 60
7 58 6
8 78 56
48 79 29
92 5 76
7 53 12
97 69 16
44 79 84
2 34 40
59 63 20
35 4 57
40 5 5
98 69 2
3 74 61
84 37 57
61 67 14
1 4 31
50 63 88
86 88 39
20 48 66
42 92 54
54 53 14
76 30 64
41 38 37
50 6 6
88 33 72
95 55 47
0 60 25
40 47 28
79 70 43
25 0 95
43 59 45
0 8 26
23 69 48
37 7 39
4 20 15
26 87 2
21 26 35
31 43 19
55 25 23
68 91 26
22 40 35
95 56 99
39 0 57
51 69 20
33 14 45
11 11 92
52 7 45
5 41 74
6 48 2
42 49 48
38 95 41
41 27 92
33 6 76
5 89 16
43 59 53
69 48 3
61 96 34
36 10 63
53 91 75
55 77 19
75 37 73
88 55 66
98 42 13
50 59 93
38 93 79
40 37 99
83 64 50
12 69 93
31 4 38
80 12 77
96 65 13
41 46 20
92 21 97
60 9 76
89 45 18
36 4 64
84 13 72
81 37 40
46 67 10
48 36 26
95 71 3
18 46 60
37 57 52
48 84 99
33 4 72
50 28 66
75 63 36
85 70 64
58 71 3
72 98 94
56 80 93
22 7 62
99 80 79
88 67 53
23 62 90
22 44 26
64 5 88
56 35 55
19 91 81
42 91 63
99 64 21
19 81 52
19 36 71
53 91 84
80 89 27
95 59 77
66 15 49
61 37 67
63 87 36
81 60 69
78 28 97
95 75 82
42 96 57
47 40 5
67 28 94
79 42 40
19 72 43
83 34 82
1 10 14
91 97 41
70 38 26
20 68 94
90 16 48
39 29 36
5 55 38
21 33 57
25 57 27
4 90 25
29 66 65
16 44 46
48 83 4
62 76 86
19 72 64
55 15 50
1 60 62
39 64 54
92 48 17
40 80 11
74 8 4
9 88 87
47 8 66
56 99 83
16 55 48
71 58 44
30 96 98
75 26 29
31 19 35
37 50 1
10 56 27
75 10 80
16 89 10
99 57 44
71 71 34
82 62 59
19 7 39
24 68 39
80 76 65
30 41 10
63 17 51
85 29 3
93 82 87
55 7 41
3 18 32
90 79 25
91 47 80
40 42 53
25 64 70
71 65 8
58 4 12
74 62 84
0 32 84
5 74 11
29 34 38
16 53 15
15 81 42
37 53 68
56 35 89
84 50 15
56 22 93
0 1 3
83 39 27
34 54 77
77 71 55
63 85 61
50 49 52
42 60 3
29 80 80
98 92 41
39 67 78
33 47 77
36 18 72
77 74 97
47 65 14
44 57 81
83 23 65
41 36 22
93 60 64
50 88 35
80 44 44
68 11 96
46 12 67
99 61 38
96 69 3
90 46 50
44 36 25
75 92 40
31 90 71
79 86 10
31 71 15
38 1 74
73 10 39
2 62 57
98 54 7
91 44 63
31 90 19
89 1 21
51 45 97
56 55 44
60 56 1
99 30 39
32 30 15
10 63 76
15 53 45
50 70 6
77 22 83
84 40 47
33 66 58
87 46 72
30 54 11
14 18 21
48 93 31
37 93 45
38 72 61
24 68 19
51 57 16
36 26 72
83 86 3
56 27 74
46 64 66
21 28 66
73 78 26
37 13 54
32 41 81
96 67 41
70 55 66
28 99 97
44 28 41
7 6 84
7 74 43
66 99 13
85 66 76
96 98 88
