46 4 77
58 73 74
29 38 91
80 72 27
29 38 26
91 73 41
91 37 40
41 59 17
80 72 67
98 12 2
42 47 27
58 37 6
90 38 37
80 47 83
56 22 22
82 5 64
73 7 4
42 44 67
77 62 64
42 12 67
45 53 79
33 12 44
79 19 16
71 22 64
19 83 55
90 83 79
21 81 16
41 38 26
21 81 43
80 47 27
33 4 27
81 37 40
52 53 22
42 44 44
35 80 19
0 43 91
91 73 40
77 72 77
26 7 14
98 15 79
56 62 34
39 85 76
71 41 19
5 62 71
73 20 4
46 12 44
88 62 79
35 46 60
90 7 43
77 72 27
91 37 5
91 97 74
71 41 22
41 38 27
33 12 67
37 7 39
77 62 83
14 83 74
68 83 39
19 7 74
79 19 43
39 43 86
46 4 27
19 30 43
39 62 19
42 12 77
31 85 79
33 72 67
90 12 37
79 30 72
58 7 5
52 89 60
97 72 72
57 53 60
0 51 17
70 43 98
45 67 79
52 53 12
77 5 22
90 53 43
90 5 14
33 72 77
9 12 79
58 73 40
18 89 60
9 83 79
76 81 43
9 83 4
90 12 4
68 7 4
19 7 4
58 97 74
81 97 74
52 80 12
7 90 60
37 20 74
74 43 91
5 89 86
61 5 79
19 20 4
41 59 26
26 67 15
76 30 64
18 89 19
19 81 64
77 41 83
26 67 81
88 43 79
76 30 16
5 62 86
76 72 52
37 16 4
35 46 22
45 66 79
29 35 15
57 46 43
18 46 22
31 43 79
16 7 15
39 43 19
73 7 55
79 81 64
31 89 19
56 99 83
2 73 5
70 59 15
5 89 76
88 62 19
61 67 43
31 43 71
27 22 83
77 99 64
79 60 16
77 62 22
58 34 74
82 22 19
52 46 22
46 72 83
68 7 39
45 66 81
77 99 19
63 37 74
58 97 41
26 7 43
0 59 98
9 15 37
41 43 91
41 35 91
88 90 71
41 83 79
9 15 4
80 12 44
41 12 27
41 35 98
41 43 26
79 19 64
71 62 71
80 47 67
2 37 74
88 90 86
57 89 22
77 5 83
57 89 43
71 62 34
27 22 19
42 47 83
9 38 2
7 90 43
26 5 81
29 51 26
70 43 26
19 10 39
98 12 27
2 37 6
74 59 15
19 30 64
56 62 64
97 30 64
98 38 37
27 62 64
37 10 83
0 51 98
41 38 4
63 7 5
7 46 43
61 7 15
71 41 34
7 53 22
21 60 16
52 53 43
71 90 19
48 38 37
61 67 15
19 19 72
74 43 15
35 89 12
16 66 43
91 7 5
71 90 71
91 97 40
79 72 72
29 59 26
5 85 76
56 5 22
90 5 79
71 22 34
80 47 44
0 51 26
18 90 12
18 46 19
90 12 79
9 83 2
97 60 64
9 69 4
9 38 37
91 34 40
39 85 86
2 34 6
77 5 64
0 43 26
70 35 17
63 97 41
9 12 2
2 97 41
33 12 77
39 43 71
61 66 43
9 69 37
91 7 74
26 66 81
39 85 79
77 99 22
21 19 16
27 99 19
52 90 60
31 62 19
68 10 55
81 34 41
14 16 83
80 72 77
19 60 72
74 51 91
90 15 37
41 43 17
35 80 60
39 43 76
2 73 74
81 34 74
19 10 83
14 83 55
19 7 55
18 90 22
73 20 83
5 85 71
19 81 43
97 30 16
93 0 53
33 12 83
57 53 12
19 30 16
26 53 79
71 5 83
2 7 5
7 46 60
76 19 72
48 69 37
57 90 12
39 62 76
71 5 34
57 89 19
48 15 37
19 81 52
52 46 12
16 67 15
9 38 27
56 5 64
79 30 16
7 90 22
42 44 77
14 10 4
82 99 22
73 20 39
70 35 98
76 81 52
33 72 44
27 22 64
79 72 64
46 72 77
26 5 43
18 80 60
26 53 14
76 72 43
46 44 44
90 83 27
35 53 22
98 38 27
90 5 43
19 72 52
14 20 83
76 60 52
77 44 83
7 80 43
41 69 2
16 5 15
52 46 60
61 53 14
56 99 64
35 53 43
39 62 71
80 12 27
79 81 52
63 37 41
18 90 19
82 41 83
29 35 26
63 73 41
70 35 15
81 7 74
18 90 60
68 20 39
82 41 19
5 62 19
41 51 91
56 22 83
63 37 5
98 83 2
70 59 98
16 67 14
5 43 19
91 34 6
46 12 67
46 12 27
91 34 41
80 72 83
68 10 4
52 46 19
31 89 79
98 83 4
29 59 91
90 69 4
58 7 74
58 73 5
61 5 43
27 5 34
63 7 40
73 16 74
80 47 77
73 16 39
37 83 74
7 53 60
76 60 72
58 37 5
76 81 64
18 89 43
98 15 2
88 62 76
52 46 43
90 7 14
97 19 43
71 89 76
18 53 43
79 30 52
39 89 19
19 16 39
79 81 16
27 22 22
68 16 55
56 22 19
68 20 74
9 15 2
76 60 16
76 30 72
58 73 41
46 4 67
71 85 76
2 34 40
97 81 43
45 7 81
58 37 41
77 12 77
19 72 43
56 41 64
7 89 60
41 51 26
71 62 79
19 16 4
31 85 71
0 35 98
82 62 22
42 72 67
41 59 15
18 53 12
35 46 43
41 83 37
16 7 81
58 34 40
57 46 60
90 83 2
79 81 43
81 97 40
27 22 34
45 67 14
80 44 44
97 60 72
98 38 79
97 19 16
9 69 2
68 83 74
65 22 51
81 73 74
71 62 19
71 90 79
81 97 6
91 97 41
35 46 12
97 60 52
16 53 15
90 67 79
33 4 67
77 72 44
88 43 71
26 53 15
56 62 83
90 15 2
71 99 19
61 7 81
57 46 12
21 81 64
77 5 34
52 89 22
21 30 64
9 38 79
77 4 44
88 43 86
19 83 4
88 89 86
45 53 43
41 69 4
77 22 83
52 89 43
68 16 74
35 46 19
98 69 2
21 60 43
2 34 41
71 90 86
45 5 43
90 53 79
35 89 22
46 44 67
82 41 22
45 66 43
7 89 22
33 44 77
7 46 22
71 62 76
79 60 43
79 60 52
72 89 30
71 85 86
71 85 19
97 72 64
14 20 55
48 83 37
88 62 86
48 12 79
21 72 43
33 44 67
71 62 22
73 10 39
77 4 83
19 72 64
19 20 55
73 10 4
73 83 55
31 90 86
48 69 2
21 19 52
71 85 71
52 80 22
51 99 95
77 22 64
18 80 22
35 90 43
90 53 14
41 38 91
80 72 44
19 14 99
91 37 6
63 73 74
77 44 77
71 22 22
26 5 15
19 19 64
73 20 55
80 44 67
5 43 76
91 7 41
88 89 79
98 12 4
42 72 83
19 83 39
71 85 79
77 76 64
26 5 14
58 34 41
31 62 79
27 99 64
0 59 26
73 16 4
45 67 15
52 53 60
70 59 91
42 72 44
19 30 52
96 90 21
41 51 15
70 38 15
76 19 43
26 67 79
26 66 79
26 7 81
73 77 2
19 7 83
97 72 52
19 20 74
61 53 79
29 43 98
74 38 17
90 97 16
21 72 52
37 83 39
52 53 19
26 34 13
9 12 27
77 72 67
81 34 5
63 7 6
7 46 12
71 99 22
95 55 85
48 38 2
33 72 83
74 32 44
37 7 74
57 80 19
37 7 55
58 97 6
79 19 72
91 97 6
80 44 83
81 97 5
0 59 91
7 89 12
27 41 22
46 47 83
37 16 83
97 19 72
70 51 91
45 66 15
14 16 39
68 7 83
80 4 27
91 34 74
97 24 15
5 89 19
5 85 79
14 10 83
90 66 81
42 4 77
39 13 99
98 12 37
16 67 43
45 67 43
37 83 55
52 90 22
77 47 44
77 47 27
31 62 71
37 8 78
80 71 68
73 20 74
26 67 43
88 62 71
63 97 5
18 53 22
0 38 98
68 20 83
3 92 86
74 59 17
80 12 67
71 62 64
98 83 27
48 15 27
48 12 27
32 23 49
90 33 70
2 97 40
91 37 41
18 46 60
63 34 6
50 20 23
58 7 41
19 29 94
54 3 68
68 20 55
68 16 39
45 32 53
90 69 2
46 47 67
83 26 54
74 38 26
46 12 77
19 72 72
25 28 73
90 83 37
41 61 61
91 34 5
56 99 22
60 26 20
71 89 79
63 34 41
42 12 44
71 62 83
29 43 15
77 62 34
56 62 22
18 85 27
99 3 4
14 40 27
0 88 93
10 34 69
73 83 74
70 43 91
98 12 79
41 83 27
68 10 39
58 37 74
31 43 76
39 46 29
56 41 83
97 81 16
99 31 33
7 80 60
31 43 86
19 19 16
91 18 17
73 97 72
48 82 50
86 86 86
71 43 86
57 80 60
41 69 79
63 73 6
93 85 21
71 5 64
98 38 4
35 90 19
98 83 37
56 41 34
76 72 72
41 35 17
79 60 72
57 53 43
50 98 29
30 50 30
2 97 74
77 4 67
71 5 19
70 51 15
33 44 44
43 41 75
14 20 39
29 43 91
16 5 14
73 10 74
54 33 45
90 38 79
51 86 84
88 85 76
16 5 79
59 32 94
5 62 79
85 51 77
77 62 19
97 30 52
75 48 27
60 94 13
58 37 40
71 99 64
62 11 1
64 38 29
41 15 2
17 11 91
39 90 86
14 7 39
95 38 8
52 90 1
57 46 19
16 24 50
96 61 55
16 66 79
74 35 15
13 68 64
6 48 44
88 43 19
16 7 14
73 83 4
14 57 38
74 35 91
47 79 32
93 38 22
71 24 84
13 71 26
70 38 17
48 52 59
43 68 49
39 85 71
56 22 64
52 34 42
26 7 15
8 19 57
96 57 10
69 13 8
0 38 17
21 72 72
80 12 77
82 22 83
66 21 34
27 99 22
57 46 22
60 29 57
48 69 4
79 19 52
41 59 91
22 99 53
42 44 83
53 41 96
90 5 15
0 51 15
80 44 27
71 43 76
56 78 17
32 64 93
19 16 83
0 43 15
29 35 17
31 61 22
21 60 52
76 60 43
29 51 98
80 37 97
3 85 11
59 92 54
82 62 34
90 66 79
81 73 41
98 69 79
45 5 14
76 30 43
77 41 19
5 89 71
95 2 64
85 86 97
35 53 60
37 60 60
33 12 27
76 60 64
70 43 17
72 85 60
24 84 73
32 50 72
80 60 24
54 94 97
41 38 15
82 99 83
35 89 19
42 47 44
96 18 65
98 22 63
64 88 34
80 5 90
90 67 15
81 73 5
80 86 68
30 89 39
89 33 13
65 48 35
31 90 71
2 58 8
63 5 85
27 62 19
79 55 93
61 67 14
70 66 52
91 73 6
77 47 77
57 91 26
27 5 19
35 18 8
34 63 55
85 8 7
0 35 91
12 78 30
57 90 22
22 67 40
83 23 95
41 51 17
82 41 34
82 5 83
35 12 80
52 1 70
56 41 19
29 37 95
61 53 81
82 5 22
7 90 12
4 8 15
29 51 49
41 51 98
57 62 37
93 44 52
68 7 74
1 16 26
90 5 81
99 64 9
77 44 44
56 97 99
53 24 79
33 47 77
58 89 80
90 38 4
46 47 27
57 90 43
18 80 1
74 59 91
63 37 40
22 5 14
47 77 64
77 12 83
39 77 87
56 65 42
54 10 56
41 15 4
41 73 8
26 53 81
31 90 79
82 41 64
56 56 64
57 80 12
98 69 27
33 4 83
64 91 64
45 94 97
33 44 27
99 50 87
27 99 34
78 9 51
34 43 2
56 92 51
86 46 30
87 86 16
82 91 85
27 12 57
20 23 89
71 77 16
76 19 52
48 69 79
77 99 83
19 60 52
40 38 55
33 22 30
81 58 45
45 7 79
96 77 32
14 7 55
60 55 84
79 37 77
52 96 87
84 72 87
13 46 40
31 64 70
0 38 26
16 53 14
61 97 94
68 20 4
83 27 21
35 12 2
45 67 81
57 41 38
61 66 15
31 90 19
17 92 30
18 80 12
19 20 39
35 89 43
35 43 4
41 38 98
61 80 11
35 89 60
65 92 19
19 83 83
21 72 16
65 11 91
76 55 10
98 49 95
39 85 19
58 30 96
36 86 48
5 43 86
81 37 41
85 29 57
21 19 43
74 59 98
90 12 2
48 78 57
98 63 7
82 40 90
66 7 51
26 53 43
78 19 37
63 34 40
77 5 19
53 56 7
79 72 16
18 89 88
98 33 89
25 29 0
56 90 23
63 41 27
75 30 96
66 34 38
76 72 16
27 62 34
14 51 6
42 4 27
97 74 15
42 28 69
39 89 76
46 49 0
46 25 92
57 89 60
11 80 30
37 10 74
91 17 81
10 36 11
15 79 61
99 43 43
29 51 91
71 3 65
31 89 76
1 50 81
88 34 49
33 79 25
79 72 43
10 43 58
3 35 34
62 17 39
1 95 38
98 15 60
86 82 46
54 23 73
90 66 14
37 86 67
14 7 4
45 5 79
5 89 79
14 28 66
55 78 58
13 21 34
56 71 49
86 91 4
20 14 3
74 43 98
68 95 52
22 49 5
87 6 66
88 89 76
27 99 83
71 22 19
0 38 91
72 32 30
3 49 75
17 24 77
12 86 22
18 80 43
52 90 43
56 5 83
35 19 48
14 7 83
97 30 72
48 27 76
90 2 20
80 66 26
45 5 81
97 60 16
82 22 64
37 20 39
74 50 60
95 2 42
