35 90 43
88 85 86
18 89 22
7 90 43
58 34 41
79 60 43
57 80 22
61 53 14
5 62 86
91 37 40
52 80 19
77 72 77
82 41 22
76 72 72
2 7 74
61 67 15
70 38 91
46 12 67
77 4 67
77 22 83
37 83 74
7 90 12
90 12 4
46 44 83
9 15 37
37 7 4
39 43 79
57 90 22
39 90 79
9 38 2
19 19 16
48 83 79
77 99 34
91 73 41
57 53 60
79 60 16
2 34 40
16 66 81
73 20 4
7 90 19
61 53 79
90 7 81
19 10 83
42 4 44
73 83 83
71 85 86
5 43 79
39 62 71
71 62 71
45 66 79
9 12 27
39 62 19
90 69 4
56 41 64
5 62 19
58 34 6
90 66 15
56 62 83
77 99 19
16 5 79
31 85 79
90 5 15
77 44 44
52 80 12
0 59 98
37 10 55
5 43 71
77 5 83
48 69 4
80 44 27
21 60 72
45 66 15
58 7 5
74 38 15
79 30 16
91 73 6
45 67 81
80 72 77
18 89 43
18 46 43
58 37 5
29 35 98
61 66 81
76 30 64
27 22 34
56 62 34
80 44 77
81 73 5
74 38 26
61 7 79
90 5 79
0 43 17
9 38 37
90 69 2
70 43 15
7 53 19
14 7 4
70 59 98
73 83 55
52 53 60
27 5 22
19 16 4
45 67 14
82 62 83
37 20 39
91 7 5
82 99 19
82 22 64
76 19 52
46 72 44
33 47 77
71 62 64
33 12 44
73 7 4
90 15 37
5 85 76
19 72 64
45 53 14
42 4 27
71 62 79
79 60 64
71 5 64
58 97 41
7 80 43
76 30 43
29 38 17
56 22 64
90 67 15
39 85 79
80 47 77
68 16 55
76 19 64
73 16 74
9 83 37
91 73 5
19 72 52
61 66 79
73 10 74
68 83 55
19 10 4
42 44 67
2 37 5
45 5 79
76 81 43
48 15 2
98 15 37
68 10 55
14 83 55
18 89 12
88 90 19
58 7 41
98 69 27
41 35 26
21 72 16
46 4 77
46 4 83
41 12 37
63 7 41
80 12 77
70 59 26
82 22 34
0 51 15
97 60 72
19 81 16
19 81 52
14 16 4
90 7 15
39 89 76
0 35 26
0 51 91
5 90 76
41 69 79
74 59 17
80 72 44
63 97 5
90 38 2
73 83 39
48 12 2
68 20 74
77 41 34
37 83 55
41 38 91
76 81 52
45 7 43
21 72 52
48 83 2
81 97 41
9 15 79
48 69 37
63 97 74
77 47 67
18 90 43
57 46 22
19 81 64
14 20 55
41 35 15
39 85 86
74 35 15
19 60 16
7 80 12
82 41 19
33 72 27
46 47 67
74 59 91
37 20 4
63 37 40
0 59 17
70 43 98
0 43 91
26 53 15
19 83 4
19 7 55
14 10 74
97 60 16
7 46 12
91 7 6
35 80 22
29 38 98
90 53 43
5 62 71
98 69 2
58 37 41
19 20 55
33 4 44
2 37 40
46 72 67
90 67 43
98 38 2
82 5 22
80 4 27
52 46 22
82 62 34
18 80 22
21 60 43
77 99 64
46 72 77
2 34 6
98 15 2
16 66 15
71 99 64
2 97 5
16 53 43
74 51 98
5 85 19
77 12 77
52 46 19
76 72 16
71 89 19
7 46 60
63 97 6
41 38 79
90 7 43
29 35 17
5 85 86
37 20 55
18 90 60
29 43 15
91 37 5
98 12 4
45 53 81
7 46 43
7 89 60
27 99 83
73 83 74
76 81 72
18 90 22
45 5 14
41 12 79
9 83 4
80 12 67
98 12 2
90 69 79
71 90 71
18 90 12
18 53 22
18 46 12
90 53 15
80 47 67
35 46 60
35 90 19
63 7 6
56 5 34
63 7 5
71 90 76
14 7 83
56 41 22
81 7 74
19 81 43
41 51 17
61 67 43
45 7 15
97 81 72
26 67 81
90 5 14
91 34 74
0 51 26
19 10 55
71 22 34
91 97 40
19 20 4
81 7 5
79 19 72
58 73 41
41 38 17
63 73 74
79 72 64
33 12 77
26 7 14
82 41 64
31 90 79
90 15 2
68 10 39
19 60 72
81 37 40
16 5 15
79 81 72
33 44 44
81 34 6
88 85 79
79 72 72
26 53 81
90 83 4
41 15 37
56 22 19
16 7 14
31 62 86
27 41 19
41 83 37
35 46 22
80 72 67
77 47 44
63 37 5
98 12 37
97 30 52
33 4 27
74 35 26
57 46 43
27 5 64
35 53 22
80 44 83
41 35 98
77 22 22
70 38 15
7 46 19
70 35 91
46 72 83
52 89 12
90 66 43
19 16 83
82 5 34
39 89 86
76 30 72
9 15 27
58 37 74
63 97 40
63 34 74
58 37 40
42 47 77
52 90 22
97 19 52
97 72 64
9 69 4
7 89 22
37 16 83
71 22 19
57 80 12
77 62 19
7 53 43
41 15 2
27 22 19
41 38 4
21 30 43
37 83 39
35 53 12
71 41 83
74 59 15
39 90 76
76 19 72
98 83 37
74 59 26
14 7 74
97 30 16
26 67 79
61 7 15
2 34 74
29 43 17
31 85 76
52 53 12
88 89 79
77 72 27
26 66 79
77 47 83
16 67 15
14 20 39
39 62 86
73 10 39
19 30 16
74 43 17
82 5 19
46 12 77
7 89 19
48 15 27
58 7 74
68 83 4
29 43 98
2 97 40
42 72 67
39 89 19
77 4 44
19 19 43
73 7 83
70 35 15
26 67 43
27 99 22
58 7 6
71 85 76
48 69 79
5 90 86
0 38 15
26 7 43
80 4 67
7 80 19
19 72 72
21 81 16
82 22 19
80 4 83
70 59 15
58 97 6
57 89 60
41 59 17
45 7 14
35 80 19
0 43 15
71 90 86
58 73 74
21 81 43
39 62 79
5 90 79
88 85 19
90 67 79
91 37 74
88 62 76
57 46 12
27 62 83
71 99 19
90 66 79
57 89 19
77 62 64
14 7 55
18 46 60
76 30 16
74 43 98
88 89 76
88 62 71
80 12 27
97 81 64
90 69 37
46 47 77
80 72 83
19 83 55
81 7 6
19 30 72
41 83 4
18 80 60
46 4 44
79 81 64
21 19 72
48 15 4
98 12 79
56 41 83
41 83 2
57 53 19
31 89 71
73 16 4
74 38 17
26 5 43
35 89 60
0 38 26
21 81 64
52 90 19
63 97 41
37 16 55
9 38 4
63 34 41
41 59 98
33 47 27
7 90 60
35 46 12
73 7 39
41 38 37
33 72 67
14 10 55
41 38 26
70 38 98
16 5 43
0 59 15
21 30 52
14 7 39
79 19 64
74 38 98
46 12 44
71 89 71
0 51 98
81 7 41
81 34 5
81 34 74
18 80 19
77 5 19
71 41 22
56 62 22
42 12 44
5 90 71
73 20 83
26 5 14
68 20 39
52 89 43
74 43 15
81 97 6
76 81 16
7 89 43
33 44 67
41 69 2
27 62 64
58 37 6
18 46 22
90 83 79
46 4 67
41 38 2
31 85 86
19 72 16
41 43 98
9 69 37
58 97 74
35 53 60
77 4 83
63 37 74
19 7 39
77 12 83
82 62 19
71 85 19
41 38 15
63 37 6
39 90 71
42 4 67
19 19 52
73 20 39
5 89 71
61 67 79
37 7 74
71 5 19
37 83 4
71 85 79
68 10 74
68 16 4
82 99 34
77 4 27
88 89 86
18 53 12
56 41 19
19 30 43
19 60 52
29 51 15
70 38 17
68 83 83
80 44 67
41 83 27
46 44 44
2 97 74
98 83 79
88 90 79
97 19 43
71 41 19
97 81 16
42 4 83
35 90 12
16 66 43
97 60 43
14 16 74
37 10 74
68 20 4
41 59 15
97 72 72
73 10 55
76 81 64
21 72 64
41 12 27
97 30 64
71 5 34
97 19 64
97 81 52
88 85 71
63 73 41
26 7 81
26 66 14
56 99 19
70 35 17
56 41 34
39 62 76
33 44 27
39 43 86
29 38 26
74 51 15
0 35 91
19 83 39
68 16 83
70 51 91
19 7 83
58 97 40
88 62 79
56 5 83
48 15 37
42 44 83
9 69 27
98 83 27
2 73 6
90 5 43
37 83 83
18 80 43
18 53 60
29 59 15
70 35 98
73 16 39
37 10 83
45 53 79
2 7 41
68 16 74
91 97 6
19 16 55
71 90 79
56 5 22
73 10 4
0 51 17
5 89 79
2 73 40
71 62 86
61 5 43
46 47 27
45 66 14
57 89 22
61 7 81
21 81 52
90 7 14
74 51 26
77 72 83
41 38 98
61 5 79
52 80 60
79 60 72
76 60 64
70 51 98
27 22 83
81 34 40
37 16 4
57 53 43
81 37 41
21 60 64
77 72 44
63 34 40
57 90 43
82 5 64
7 53 12
5 89 86
39 43 76
57 80 43
33 12 83
33 47 83
88 90 71
70 43 26
5 85 79
74 35 98
82 41 83
91 34 41
42 72 77
70 51 15
31 89 19
90 7 79
33 44 77
81 37 74
45 5 81
61 53 43
70 43 17
2 73 5
56 22 83
35 80 12
76 72 64
29 38 15
79 30 64
7 90 22
71 22 64
7 80 60
35 90 60
79 30 43
26 67 14
9 15 2
73 7 55
70 38 26
71 41 64
88 85 76
82 99 83
2 97 6
82 22 22
52 89 19
31 89 86
77 44 77
26 67 15
74 51 91
2 37 6
42 12 77
52 90 60
61 7 14
46 44 67
77 5 64
39 43 71
37 7 83
88 43 71
19 60 64
97 30 43
48 12 4
80 47 27
31 90 76
81 34 41
41 12 2
77 62 22
68 20 55
97 72 52
16 67 79
76 72 52
71 62 19
63 7 40
41 69 27
9 12 2
37 16 74
29 59 98
52 90 12
68 7 55
57 89 43
27 62 19
48 38 4
77 62 34
42 44 44
74 38 91
71 22 83
90 12 2
16 5 81
57 90 19
42 47 27
97 60 52
21 30 72
45 53 15
19 16 39
80 4 77
91 37 6
33 12 67
16 7 15
37 20 83
82 99 64
46 44 27
27 5 83
37 20 74
26 53 14
76 19 43
79 60 52
33 72 44
19 83 74
98 15 4
46 12 27
56 99 64
35 53 43
56 22 22
77 41 19
7 46 22
88 62 19
71 5 83
97 81 43
29 35 91
29 35 15
81 73 6
41 43 15
88 90 76
41 51 91
57 46 19
77 41 83
91 97 41
29 43 91
71 62 34
9 69 2
71 99 83
9 38 79
76 19 16
71 90 19
27 5 19
74 35 17
71 62 76
2 37 74
77 12 27
91 37 41
16 66 79
68 10 4
90 53 14
41 69 37
41 51 26
29 51 91
42 4 77
52 46 60
52 89 60
68 20 83
9 69 79
42 12 67
91 7 41
42 47 44
98 15 27
31 43 71
77 99 22
77 12 67
71 89 76
90 38 79
90 12 27
41 59 26
61 53 81
27 41 64
77 22 19
42 12 27
48 12 79
77 44 67
26 7 15
81 97 74
41 59 91
91 34 6
81 37 5
42 72 44
29 35 26
19 10 39
41 15 27
48 38 27
41 35 17
80 12 83
0 43 98
16 53 81
9 83 2
48 38 79
16 7 43
33 47 44
82 22 83
48 83 37
42 12 83
21 19 16
14 83 4
82 62 22
26 66 43
14 20 74
46 12 83
18 89 60
90 83 27
16 7 81
76 72 43
98 83 2
42 72 83
61 53 15
81 73 41
19 16 74
76 60 52
77 22 34
71 62 83
21 60 52
81 97 5
73 83 4
71 43 19
19 72 43
58 73 5
16 53 14
71 62 22
98 38 37
98 12 27
79 30 72
71 89 79
90 67 81
68 16 39
27 99 19
57 46 60
31 43 79
48 12 27
90 12 79
81 73 74
45 7 79
80 47 83
77 99 83
57 89 12
73 20 55
90 83 2
61 5 14
16 53 15
70 59 17
71 85 71
91 7 74
26 5 79
21 81 72
29 38 91
56 99 22
26 66 15
31 43 76
68 7 39
52 46 43
18 80 12
63 73 6
5 62 79
31 90 86
46 44 77
39 89 79
79 19 16
61 67 81
74 43 91
45 5 43
35 46 19
79 19 43
2 73 74
37 16 39
41 43 17
90 67 14
42 44 77
77 62 83
77 47 27
27 99 64
80 4 44
41 35 91
35 90 22
63 34 6
26 5 15
68 10 83
77 4 77
88 62 86
46 72 27
33 12 27
57 90 12
29 59 17
19 7 74
19 20 39
19 19 72
21 19 43
98 69 4
0 38 17
74 35 91
5 85 71
26 53 43
48 69 2
58 34 40
97 72 16
82 41 34
81 73 40
31 85 71
26 5 81
39 85 71
79 72 43
5 89 19
68 83 39
9 12 79
90 53 81
71 41 34
31 85 19
19 7 4
90 69 27
45 53 43
37 7 39
27 22 22
56 99 83
73 16 83
68 7 4
18 53 19
88 43 86
16 67 81
21 30 16
42 44 27
56 5 64
27 41 34
19 19 64
33 44 83
39 90 19
0 59 26
70 51 17
52 80 43
90 15 4
70 51 26
90 15 27
56 99 34
27 5 34
41 43 26
14 10 39
90 38 37
14 10 4
31 43 86
52 46 12
61 5 81
33 72 83
98 38 4
5 62 76
2 34 5
2 73 41
16 5 14
90 53 79
76 60 43
31 89 76
