7 53 12
21 30 43
77 41 64
61 41 75
9 76 85
52 89 22
66 15 8
27 62 34
90 5 81
61 7 43
40 96 77
10 29 22
65 73 17
96 65 79
60 55 32
48 29 69
31 85 71
71 43 71
4 73 17
30 65 40
55 93 95
97 84 80
64 54 54
25 43 49
48 83 27
38 83 14
10 12 13
12 12 25
41 9 29
26 25 0
93 23 0
54 20 41
54 3 31
51 36 13
30 82 80
97 21 27
7 89 12
72 49 9
77 85 9
52 32 91
22 6 52
93 4 56
47 67 88
70 35 15
77 32 37
39 60 34
4 35 18
57 21 79
69 13 30
73 59 89
71 87 48
90 85 14
29 22 73
21 19 43
7 56 58
84 43 14
33 12 77
97 31 51
39 85 76
68 85 93
14 58 15
32 61 67
31 43 79
82 81 60
90 75 49
42 18 0
89 91 17
48 81 2
37 50 75
81 34 5
55 24 58
51 39 56
53 53 91
4 84 56
59 24 63
38 89 62
38 84 82
66 46 68
60 16 1
76 85 80
46 28 84
86 41 83
42 46 83
32 32 99
92 50 81
31 89 76
20 72 69
1 38 73
2 63 5
87 40 19
84 60 61
91 95 49
36 61 45
42 91 95
71 99 34
69 6 18
53 88 85
24 61 96
17 25 67
24 7 39
57 53 19
76 33 12
71 26 78
25 59 32
64 35 84
58 51 11
84 0 26
91 24 76
61 81 78
67 46 48
9 49 23
76 75 30
69 92 75
40 64 35
6 28 99
73 28 65
28 43 96
50 28 70
36 2 95
86 8 17
49 8 63
26 50 52
72 59 65
60 27 39
53 73 80
3 12 3
87 39 19
2 55 82
87 74 49
72 40 29
92 33 58
41 88 25
82 63 90
67 79 2
58 37 40
77 22 64
58 67 95
1 92 9
86 53 24
63 69 0
35 82 40
99 11 46
81 56 75
9 89 35
88 74 4
71 22 64
65 51 54
97 3 47
34 48 21
87 52 81
38 49 35
77 1 71
38 57 55
70 14 17
84 50 99
29 95 30
57 92 49
35 68 45
91 80 67
28 81 25
36 51 61
52 86 67
86 4 61
27 39 51
26 69 33
31 96 21
71 7 82
83 63 88
6 77 20
29 31 38
91 20 87
39 41 27
61 52 36
31 99 64
30 19 42
96 40 72
99 9 71
66 44 64
49 72 73
65 31 24
4 72 38
61 29 44
31 89 19
21 49 4
78 16 55
33 49 44
52 78 12
26 69 11
56 3 57
80 95 50
54 62 44
24 37 61
42 98 45
99 50 89
91 37 40
37 37 35
23 81 71
12 2 38
50 20 60
17 90 77
42 80 87
73 22 30
59 52 30
60 54 26
38 40 11
75 22 57
0 6 98
9 15 37
53 95 1
4 86 28
14 4 11
2 37 74
74 81 55
61 69 80
89 53 29
35 94 89
52 53 43
41 50 21
98 68 43
46 15 85
66 24 35
81 60 6
15 57 65
43 97 24
0 18 55
39 90 71
7 46 60
90 81 10
97 20 18
7 90 22
73 7 4
61 50 98
46 72 77
60 87 88
90 5 43
3 34 49
80 88 63
16 66 81
84 94 76
97 9 65
18 53 22
45 53 94
32 76 93
12 80 92
67 20 58
99 98 99
35 52 24
9 11 66
94 58 14
21 64 48
4 10 18
77 81 2
84 35 71
67 39 23
62 59 79
13 54 46
4 11 16
41 48 26
94 90 74
20 97 51
14 60 60
36 73 33
74 75 12
53 29 59
88 27 6
50 30 22
11 57 5
20 43 31
93 26 69
84 92 65
27 61 80
91 25 66
50 16 95
79 71 93
73 44 73
62 26 56
10 44 61
89 93 56
38 51 35
48 12 87
1 8 84
35 64 56
48 64 5
16 3 71
78 55 14
54 52 46
17 18 23
41 10 18
44 69 52
32 28 38
31 80 87
19 33 14
22 25 47
74 73 31
30 41 20
25 52 80
17 57 47
71 29 58
58 5 22
38 18 91
26 30 77
51 43 1
5 32 35
35 92 82
10 78 62
44 40 9
89 68 71
6 36 37
7 33 69
19 97 20
17 54 73
68 98 0
49 85 91
31 32 59
41 27 21
58 7 40
23 5 82
89 10 36
78 20 71
59 7 12
88 85 64
76 17 16
84 9 61
14 9 48
64 4 85
84 16 3
19 7 55
24 16 82
34 25 10
10 59 79
31 50 63
55 49 10
48 83 32
53 27 6
9 28 95
66 80 27
11 69 83
30 57 64
41 12 27
2 84 85
52 86 78
47 89 25
38 9 42
88 22 59
38 46 30
27 2 9
64 87 0
47 39 50
9 81 77
99 23 42
52 40 96
5 5 69
70 43 91
98 18 42
47 65 58
75 40 34
55 47 75
74 19 61
49 32 46
14 94 59
23 21 43
94 60 9
51 35 25
44 91 26
4 46 12
86 44 37
52 47 78
27 68 26
44 44 54
31 45 72
88 5 68
45 6 34
65 96 94
7 12 13
15 70 83
16 7 24
77 22 19
68 43 78
59 48 99
96 60 94
93 46 50
17 18 51
76 26 22
47 66 45
55 95 94
25 0 22
61 94 67
7 20 0
46 46 23
47 6 70
84 64 9
9 67 18
33 4 44
35 66 58
13 49 16
41 57 18
6 82 11
79 28 24
78 41 59
75 23 45
76 67 77
45 53 74
4 21 37
63 51 72
5 68 1
24 40 19
81 95 60
28 11 41
29 46 86
29 97 0
52 68 81
82 51 59
8 82 33
47 14 88
35 18 81
51 6 25
46 77 10
48 25 80
41 88 50
33 8 9
16 25 27
17 44 36
10 76 55
44 2 44
39 81 47
39 46 98
28 73 20
23 9 32
3 7 57
29 30 3
38 71 12
83 97 75
79 7 45
64 81 56
18 82 10
93 25 19
48 76 69
45 32 11
16 91 73
22 32 44
90 32 44
72 87 25
93 85 92
63 15 19
83 14 87
81 79 33
18 82 29
86 56 88
53 45 62
25 60 1
89 10 20
11 22 93
4 66 22
62 14 84
86 80 46
75 86 88
22 82 78
61 5 42
67 91 88
98 99 49
2 18 14
15 1 79
98 80 11
48 54 91
11 20 44
47 3 94
75 85 18
81 98 81
85 37 73
33 80 33
50 49 25
38 9 45
53 62 64
25 67 67
48 52 85
6 54 84
11 93 54
82 23 63
14 7 59
50 97 84
34 58 5
98 37 51
14 98 57
34 45 56
37 43 34
74 20 1
32 23 76
96 37 56
46 4 27
87 6 73
77 3 93
26 99 49
22 40 29
2 49 78
81 6 99
51 49 20
41 35 39
83 67 17
37 34 81
50 62 36
7 42 8
85 29 49
14 18 8
77 85 38
76 92 69
48 85 12
71 2 86
7 88 89
95 69 29
66 17 42
12 27 65
49 88 78
92 38 79
96 74 99
95 80 86
27 41 34
48 20 40
40 21 28
88 74 70
17 32 50
70 2 33
49 73 22
51 65 30
10 13 86
29 88 53
60 80 93
99 82 77
25 52 63
21 98 78
36 85 58
34 90 96
42 16 46
0 29 14
40 53 75
66 59 40
94 86 75
66 45 5
42 83 61
35 62 56
25 14 5
57 13 60
5 75 81
14 35 8
71 42 43
49 73 80
9 74 38
12 23 65
46 83 11
62 20 31
79 15 98
98 49 48
81 60 0
73 93 0
70 58 60
79 80 57
77 92 92
14 53 10
4 43 75
80 97 69
94 72 92
88 25 2
22 7 8
91 5 64
18 2 77
8 47 76
21 36 12
39 10 38
18 77 78
18 86 25
37 7 39
39 30 3
77 26 44
94 70 49
76 12 51
13 62 58
6 41 79
74 70 58
29 28 32
74 38 17
83 35 48
8 60 74
34 75 23
18 21 61
40 78 56
28 90 5
93 14 4
57 81 38
99 17 21
80 39 80
87 29 78
89 68 51
22 11 83
25 5 62
0 85 60
9 37 2
99 68 87
87 41 96
80 93 6
51 24 4
62 76 5
22 98 37
59 36 75
48 82 22
46 14 88
2 3 36
21 81 43
27 11 23
38 69 51
86 47 8
67 60 42
18 68 47
76 6 2
64 16 7
74 42 36
66 31 60
42 17 43
19 73 21
22 41 45
64 19 26
28 31 14
78 34 31
29 22 93
31 70 98
63 67 50
10 51 11
39 89 45
78 86 78
45 77 5
5 1 55
56 82 74
71 0 58
79 48 79
53 91 65
60 28 51
0 4 23
58 7 33
68 49 54
50 3 53
4 32 84
63 20 88
83 20 73
60 24 8
10 33 73
29 61 12
7 21 8
83 63 36
63 7 99
91 5 8
80 42 21
61 85 41
27 5 17
14 35 74
88 90 71
16 66 15
13 28 23
96 28 66
5 20 22
81 9 64
94 49 36
68 49 1
85 6 23
96 90 47
84 48 66
71 49 45
70 10 31
16 56 70
69 81 56
33 33 38
13 31 89
86 63 25
92 11 66
99 92 73
31 85 86
4 61 93
56 41 22
19 20 39
41 15 37
81 35 88
48 41 42
34 73 75
42 82 44
48 99 27
36 3 24
92 41 54
55 48 33
21 68 17
91 98 71
82 80 72
40 22 16
44 92 26
10 49 39
21 87 60
36 10 17
44 22 80
15 87 60
17 33 82
76 1 78
25 66 58
27 11 18
43 38 97
47 93 17
3 38 12
53 63 31
90 83 84
50 38 4
5 35 49
56 41 83
73 30 57
75 27 50
46 63 9
51 75 27
75 84 56
92 16 1
90 92 97
96 23 7
99 66 81
51 85 61
86 49 24
4 93 28
63 7 2
39 48 98
47 97 45
16 42 69
6 21 55
54 65 10
72 17 25
50 38 81
96 91 64
30 38 54
74 39 59
83 60 37
41 42 56
5 27 23
36 96 79
38 1 54
1 45 8
16 7 58
13 72 4
35 88 33
92 2 51
94 24 21
16 83 50
0 74 30
52 72 78
80 44 85
98 45 42
23 32 9
85 29 68
59 23 72
26 63 96
23 93 52
3 68 45
14 32 91
18 99 67
51 89 19
98 2 38
0 93 62
39 39 67
73 43 0
4 40 90
47 13 53
1 82 42
65 43 42
5 69 91
96 96 65
94 22 32
25 94 3
77 30 10
66 43 73
50 43 30
7 54 5
22 95 66
77 35 70
68 84 52
16 20 22
78 44 20
2 93 83
21 80 91
34 68 71
88 81 82
72 56 77
16 60 37
64 33 99
6 46 78
34 38 72
77 66 3
40 34 92
62 73 25
82 62 22
62 85 11
46 9 20
70 59 91
95 80 6
90 7 81
21 95 46
72 54 42
99 93 63
65 56 70
33 48 28
57 12 97
62 92 44
21 22 78
81 99 55
7 94 37
57 6 19
33 42 51
94 72 89
37 18 71
63 65 12
73 57 23
53 28 16
29 77 38
83 66 90
91 24 84
0 30 14
64 14 90
10 35 76
44 96 88
73 31 86
60 92 26
49 57 7
29 81 48
44 53 68
25 56 35
52 74 54
77 87 24
43 77 37
33 27 72
19 10 4
29 62 80
29 96 58
82 42 61
15 36 0
50 39 10
73 40 13
98 32 76
17 71 4
45 28 83
85 80 35
90 30 21
8 69 30
59 77 82
30 67 13
45 94 38
80 75 48
94 6 83
9 78 92
84 13 46
43 86 25
74 2 53
46 13 69
61 46 42
74 42 17
74 32 99
89 8 26
16 6 12
68 42 47
46 9 86
47 34 53
51 93 42
99 52 72
73 83 55
20 34 98
82 53 65
50 23 16
39 97 92
81 75 4
66 95 27
59 62 63
43 92 72
77 37 12
27 33 59
48 70 86
36 84 5
7 25 3
46 98 41
20 88 21
64 67 57
29 72 3
74 82 92
39 15 93
33 57 82
53 58 95
27 2 50
93 87 79
12 87 47
44 7 87
65 85 31
29 96 30
7 42 56
68 16 74
49 31 88
38 73 97
74 73 5
93 42 53
59 60 86
13 75 14
12 74 65
80 60 65
68 39 85
12 60 82
81 63 44
78 24 89
7 28 7
29 17 38
26 66 43
8 27 51
61 71 70
71 74 4
45 38 63
95 41 35
61 18 11
80 41 18
18 44 47
21 60 43
47 86 71
2 83 14
29 51 17
6 69 19
4 42 51
1 71 69
94 84 4
36 7 84
33 23 39
70 23 23
30 97 24
95 97 64
0 87 77
46 11 77
81 53 73
31 85 0
87 54 42
9 84 52
23 93 95
51 14 55
44 91 30
82 34 42
94 51 90
27 19 62
84 66 5
89 39 4
86 5 12
51 8 34
71 95 29
93 30 23
79 88 68
14 93 10
16 60 69
45 37 22
1 13 42
65 76 10
45 66 18
56 76 51
46 88 41
78 15 89
29 39 83
95 58 45
27 17 11
85 96 20
21 91 80
67 24 66
14 23 23
98 53 62
8 80 96
26 10 43
51 30 79
1 97 55
73 14 19
1 20 88
70 6 1
2 4 75
98 29 16
25 88 30
58 73 41
73 4 71
11 58 2
65 65 41
74 75 40
3 31 33
46 62 12
65 4 2
20 77 14
32 30 58
42 29 67
70 66 16
6 29 75
63 0 80
94 96 55
52 51 52
8 1 42
82 90 35
63 2 88
80 71 77
19 82 81
0 20 53
45 7 43
34 15 51
33 86 59
15 19 95
87 93 68
