75 53
291 397
558 803
837 927
725 242
875 0
879 927
894 602
951 929
828 940
755 852
473 29
372 886
110 854
894 473
451 953
43 38
100 362
135 846
820 854
704 267
44 921
60 100
536 288
392 54
874 879
546 826
947 100
950 688
989 936
4 754
4 865
600 308
135 351
756 866
202 173
874 279
43 279
605 510
812 161
614 158
335 614
174 290
12 778
511 499
813 882
147 119
989 459
953 801
938 464
700 722
789 940
272 977
252 943
392 634
938 125
922 499
558 826
521 398
195 744
553 263
953 290
211 801
186 161
199 81
808 26
55 711
19 409
558 711
135 790
558 487
214 286
44 889
170 722
39 36
242 397
555 404
960 856
436 432
12 768
135 185
598 886
342 842
139 778
721 801
677 54
677 803
676 355
71 237
69 832
9 390
616 220
901 924
911 378
43 261
521 157
19 889
602 953
683 502
349 690
789 989
798 778
812 11
61 451
592 286
850 567
236 667
953 911
276 566
39 639
55 921
112 216
756 980
406 352
174 629
668 658
894 151
293 727
4 449
792 665
946 125
240 989
2 616
242 457
252 467
962 616
547 288
305 865
594 436
808 655
981 323
250 263
331 745
956 346
446 589
124 141
69 463
158 827
23 749
910 174
186 952
598 977
4 763
893 484
294 286
704 36
43 656
704 6
798 154
789 300
349 216
43 978
725 216
836 518
736 943
810 414
808 267
614 861
158 344
879 902
874 432
722 765
259 832
252 844
403 54
942 473
174 940
536 658
911 475
509 349
490 84
593 842
813 935
272 763
942 567
69 409
910 768
553 528
995 479
243 6
226 475
61 929
223 481
244 220
553 274
894 768
29 93
813 978
119 309
946 924
995 154
907 626
147 237
209 889
270 330
243 475
270 607
30 768
570 711
3 940
755 879
665 32
938 247
236 826
497 902
875 942
72 503
553 803
271 974
74 235
804 607
263 242
602 977
158 667
558 397
855 913
23 711
806 93
810 711
67 695
907 475
352 362
832 882
170 826
254 902
55 943
247 81
812 917
821 470
100 261
594 827
823 832
879 286
558 352
473 608
121 329
12 639
21 93
509 844
263 865
383 869
812 856
158 800
352 734
47 917
75 93
206 309
927 498
512 359
704 473
901 247
910 782
335 119
28 803
4 942
498 329
242 607
938 935
820 113
372 665
416 608
226 131
874 185
29 800
555 538
124 337
687 658
319 856
922 733
223 449
473 409
270 471
60 113
271 695
31 942
953 690
897 158
418 210
614 308
721 936
965 390
276 459
911 608
31 891
9 658
417 9
676 600
272 467
100 798
29 924
592 989
263 459
110 655
149 924
236 804
211 344
328 917
875 449
683 665
765 589
71 355
55 942
704 838
252 0
753 100
206 351
21 157
953 344
893 499
490 854
806 309
12 451
960 803
947 928
43 879
244 104
4 300
981 484
312 308
406 826
566 700
767 564
753 434
6 518
312 977
19 861
149 93
19 608
60 346
947 607
820 471
816 355
347 879
942 929
39 782
100 267
416 29
406 43
29 989
55 201
418 607
619 913
147 32
72 589
270 914
704 477
186 518
55 665
335 237
901 432
953 754
938 846
347 185
240 629
665 914
823 658
451 977
226 600
911 854
319 682
135 746
406 940
444 346
30 623
119 790
736 977
704 173
700 310
349 566
714 404
723 131
879 396
767 589
836 980
64 184
199 924
594 242
804 928
922 453
252 498
722 404
560 861
331 207
942 589
244 274
214 801
956 320
206 935
497 887
950 917
592 690
263 216
530 760
907 355
241 220
656 100
256 723
39 564
901 935
8 913
473 390
149 125
69 329
293 397
723 891
874 38
558 749
139 174
878 157
312 477
81 882
704 100
418 355
290 914
922 816
319 744
312 453
927 718
451 349
139 151
195 54
30 639
521 609
403 157
444 162
30 564
792 0
725 459
74 484
594 940
312 498
808 658
254 518
942 823
796 36
39 86
272 718
271 308
444 337
81 432
242 271
29 865
4 436
601 917
444 471
765 838
203 909
272 951
478 323
605 607
209 658
600 658
149 81
395 782
6 496
962 760
560 869
81 53
767 151
874 745
110 475
4 555
509 943
683 682
792 760
451 760
700 909
893 6
444 320
911 866
911 688
789 865
362 942
259 390
838 844
241 682
830 754
837 700
767 623
530 951
875 498
570 487
543 113
30 589
543 162
721 754
451 891
64 11
304 496
922 261
557 20
820 614
23 43
451 711
74 626
305 242
721 344
254 688
240 286
677 457
478 705
497 700
223 83
81 125
241 496
244 803
414 104
570 43
755 38
789 566
225 81
1 130
792 340
792 977
602 942
806 185
19 79
263 690
557 851
47 528
236 467
558 43
767 473
704 705
756 264
403 826
683 866
804 237
879 288
435 803
250 856
256 803
342 261
804 346
392 711
714 887
530 449
683 11
242 609
816 100
712 320
802 487
312 212
6 161
328 220
832 432
362 844
383 589
981 641
798 477
721 300
75 279
416 79
922 323
789 801
894 361
67 665
592 911
242 355
875 943
490 667
177 869
753 84
836 856
244 344
995 173
81 247
304 174
723 355
897 47
725 436
922 189
878 851
557 722
673 823
683 264
202 212
969 953
21 940
29 879
911 463
170 457
602 891
965 921
23 310
683 104
850 173
593 475
236 329
1 189
960 917
745 288
69 158
247 38
446 201
418 471
272 886
813 247
28 711
225 351
874 705
211 865
202 602
446 463
546 749
787 173
272 481
30 929
149 852
907 267
28 398
432 911
927 942
677 43
875 349
8 974
206 359
498 467
61 602
951 639
392 414
911 600
511 207
897 503
319 220
254 404
30 473
832 464
240 911
947 84
75 978
555 887
619 553
566 816
676 842
676 475
950 263
186 528
850 86
312 658
247 852
953 555
874 359
349 911
676 235
823 616
446 79
874 247
194 125
206 852
925 602
677 804
414 161
254 652
558 271
995 823
804 614
206 846
712 355
802 560
312 844
290 470
512 185
294 911
290 330
254 161
714 502
312 173
194 38
812 980
925 154
174 396
432 216
767 477
714 927
506 665
416 589
236 471
555 733
124 32
236 909
312 329
328 682
158 242
823 869
704 131
593 362
511 362
395 361
820 330
995 782
170 940
26 323
247 309
598 329
272 349
882 84
506 700
55 308
874 267
806 351
8 765
6 11
223 977
55 346
497 189
121 832
71 210
293 711
69 29
293 43
874 882
241 866
897 26
158 300
821 608
813 81
823 589
473 869
304 778
236 953
64 264
352 323
566 887
830 300
259 79
821 26
9 463
509 481
753 607
725 754
512 309
511 261
294 690
683 220
911 528
875 977
473 201
177 921
787 778
294 989
894 564
965 201
665 607
252 760
250 11
211 396
3 457
294 629
263 629
536 733
874 854
811 861
855 538
802 352
614 589
602 844
594 754
712 914
910 451
74 261
236 84
478 261
29 936
254 528
712 724
938 656
736 83
328 688
223 80
789 753
832 978
593 210
602 83
21 852
946 846
194 185
722 471
808 842
530 718
837 19
406 20
47 220
304 274
673 479
451 763
745 658
241 980
765 567
838 498
263 9
925 36
981 6
451 886
875 951
446 158
619 130
811 158
714 288
592 754
878 457
223 943
755 53
272 329
725 667
26 267
665 113
236 854
450 688
820 355
23 157
756 952
29 53
450 344
39 361
4 467
243 267
242 614
372 80
875 616
432 555
894 154
119 924
174 459
126 823
271 502
56 329
436 38
126 361
907 705
925 778
521 803
901 746
236 310
802 940
202 174
135 359
139 782
55 869
616 518
304 361
290 434
584 131
242 803
241 528
29 827
594 800
981 499
372 0
813 125
236 397
110 131
112 9
787 823
304 589
882 471
124 724
203 352
432 242
704 600
414 723
838 760
882 119
828 290
64 723
64 104
69 431
960 980
947 337
194 309
19 390
753 337
677 397
687 269
174 911
305 753
446 308
601 952
335 607
9 201
291 271
247 53
319 980
593 100
981 100
855 269
9 889
796 479
530 340
437 113
305 9
897 869
30 36
71 614
745 189
823 390
194 924
375 79
342 323
158 690
203 609
206 790
174 753
403 634
209 608
882 141
199 879
305 629
879 538
811 463
319 11
512 852
745 308
347 978
546 487
29 464
406 851
736 340
305 690
259 208
23 560
806 846
901 978
194 279
723 499
792 329
437 162
4 290
911 339
56 201
43 790
765 451
820 237
820 119
124 667
319 688
236 943
602 951
498 0
236 355
110 210
789 800
416 503
271 269
236 942
478 6
243 641
126 639
806 746
69 390
119 359
584 207
139 602
789 286
244 528
293 749
879 865
444 210
158 865
942 212
258 279
821 100
225 846
436 746
362 665
290 113
75 261
473 47
594 396
8 288
446 26
450 682
124 470
570 634
812 528
798 473
687 502
29 396
195 496
922 19
927 844
543 724
199 38
910 639
432 667
276 290
242 909
911 208
75 656
247 279
236 0
700 43
375 832
319 518
12 477
560 26
802 711
806 464
258 656
414 496
