713 546
425 574
754 989
95 655
446 367
905 989
876 709
253 336
800 294
996 941
870 480
296 134
539 586
147 87
641 254
710 36
720 585
631 914
752 30
284 411
838 993
278 23
582 676
663 525
799 477
674 466
352 816
631 801
949 885
0 104
279 184
720 954
486 253
766 475
560 151
178 646
345 732
996 944
724 126
847 888
260 121
136 580
809 3
998 943
884 947
643 18
933 86
293 615
793 184
792 879
92 124
746 280
628 949
518 92
793 991
713 402
796 824
243 725
844 477
738 410
674 981
720 208
641 533
56 599
315 253
296 304
163 109
280 613
173 700
253 940
940 828
558 334
371 145
781 786
866 889
528 190
253 737
637 201
33 798
109 165
27 864
56 23
662 966
372 803
906 879
464 216
173 305
40 305
453 940
703 952
291 764
746 56
985 956
787 956
856 691
821 644
267 329
346 241
720 308
751 379
18 111
214 419
670 512
598 457
968 328
404 241
328 91
777 651
809 476
122 70
430 468
709 940
700 669
173 732
875 259
290 553
642 412
453 436
722 384
422 651
900 87
970 60
614 303
773 718
532 417
812 965
518 655
318 541
725 894
371 367
348 183
476 432
47 546
972 235
894 565
121 476
348 634
713 336
425 376
85 13
60 36
905 828
34 339
56 18
52 955
910 367
952 721
460 23
256 193
307 253
962 259
380 193
600 126
451 362
146 96
780 756
887 986
752 237
538 97
270 965
537 940
287 682
749 321
958 945
894 100
685 957
844 346
900 633
509 544
867 158
108 579
195 198
764 737
467 744
399 384
328 336
436 924
975 197
609 593
274 605
769 320
540 136
829 963
865 957
598 921
549 636
58 225
507 162
670 762
114 452
742 385
596 381
598 364
313 368
222 163
279 613
356 471
815 625
598 411
894 877
590 550
198 479
974 231
425 384
871 818
799 453
947 294
942 687
247 155
454 856
797 69
761 165
798 600
346 683
201 39
178 756
874 240
131 889
16 87
343 240
859 711
286 221
279 991
377 574
23 27
393 611
787 646
493 596
126 97
779 391
311 166
764 432
337 293
960 336
393 802
235 451
590 483
371 651
877 966
95 317
685 238
847 709
536 682
367 269
285 391
226 801
152 4
420 158
522 86
588 333
499 0
18 789
692 698
285 934
47 115
667 428
722 921
984 470
566 220
507 856
158 269
123 434
253 317
641 387
220 99
636 203
821 944
907 797
411 689
671 388
370 858
317 314
727 932
340 624
468 344
357 781
213 699
237 619
932 241
371 175
60 684
536 703
891 528
749 917
190 885
791 198
347 702
498 936
865 71
959 459
997 266
346 254
758 256
217 977
750 453
647 269
874 852
623 756
261 889
65 496
979 240
683 693
31 304
97 995
209 925
685 737
214 172
566 266
377 411
656 178
448 476
539 19
136 538
70 696
86 390
539 515
225 699
188 29
385 795
793 918
163 308
465 78
503 719
870 134
598 60
518 608
610 657
85 605
210 868
497 44
869 114
38 392
402 99
507 424
429 120
371 930
628 903
47 175
447 339
277 342
726 892
499 824
305 691
532 652
682 302
714 924
429 454
29 30
267 725
494 834
16 162
434 573
365 585
523 358
322 143
192 66
173 23
84 672
592 900
501 216
933 368
273 924
647 148
371 327
809 340
104 986
917 530
993 189
260 586
629 193
47 30
315 456
552 129
20 196
350 761
404 674
38 543
171 149
266 749
800 30
838 184
649 125
566 576
460 162
800 144
122 47
846 220
382 4
981 15
71 244
256 126
962 57
198 385
432 453
479 863
307 935
28 637
512 67
866 452
792 85
876 460
296 989
607 854
600 50
729 876
583 106
255 349
143 789
450 460
813 94
317 335
533 629
505 618
223 768
958 396
363 376
746 91
888 98
3 737
918 639
344 852
354 240
479 247
419 922
792 572
376 973
337 178
359 673
857 142
764 617
384 366
278 286
34 42
495 734
56 655
378 972
894 934
896 646
398 615
933 308
518 499
116 798
790 300
723 838
522 358
507 789
569 272
460 947
341 477
869 228
677 702
165 654
33 67
894 574
927 314
897 58
55 785
206 8
957 634
765 239
507 2
729 686
603 334
35 820
434 172
536 494
40 891
599 623
643 940
970 493
778 30
990 67
304 22
948 608
973 971
383 113
85 536
117 451
277 218
574 827
252 697
44 601
18 499
982 409
782 731
583 887
863 255
830 303
63 382
864 737
686 413
434 311
910 752
984 294
320 506
706 223
178 481
946 556
46 15
778 824
29 913
865 413
998 336
704 864
563 508
67 11
129 172
933 125
131 869
161 782
53 769
655 381
802 173
662 134
560 852
900 277
970 164
804 232
979 162
91 376
937 304
769 673
597 411
538 751
793 358
668 946
458 376
744 941
990 992
334 729
130 160
531 467
711 531
591 563
951 956
290 30
446 652
826 466
625 208
67 453
321 103
992 373
487 241
970 317
359 476
525 700
136 912
160 753
805 855
624 924
979 969
566 768
173 997
779 647
132 572
609 477
679 82
587 289
413 253
995 519
548 115
346 253
281 13
841 217
397 572
923 385
752 417
16 801
647 816
945 557
113 319
598 574
952 436
95 349
784 490
540 336
118 948
917 290
328 651
317 197
838 222
571 995
257 944
713 605
57 696
13 796
664 109
426 715
135 479
929 717
976 667
360 674
954 378
358 71
499 127
314 935
118 336
86 411
170 877
436 530
166 597
412 604
388 140
62 853
137 931
420 336
623 578
165 345
431 948
239 6
368 922
653 719
434 448
771 370
566 174
840 753
475 313
701 377
149 843
550 137
645 113
79 231
416 600
555 422
287 193
677 272
838 82
846 732
631 82
869 989
372 979
875 727
436 277
870 119
822 265
795 643
281 440
488 956
126 827
635 149
470 38
243 726
441 695
38 85
242 320
434 228
43 737
836 618
290 337
620 278
50 846
476 657
284 837
550 898
48 908
402 113
437 933
956 14
381 899
164 693
847 431
548 915
47 230
229 130
163 842
52 5
275 905
484 870
24 332
713 672
966 472
690 219
961 422
425 364
267 935
532 871
216 791
29 403
559 445
791 367
273 494
490 301
393 269
936 185
636 26
400 893
703 298
944 357
384 65
45 694
847 909
289 373
715 27
366 963
973 644
355 476
474 550
401 304
676 617
799 466
966 641
738 836
461 774
625 892
339 121
146 544
620 835
622 500
135 271
232 253
330 79
333 474
386 193
894 475
821 673
616 659
532 30
869 593
94 409
838 201
364 160
24 783
25 953
439 941
401 300
204 413
239 542
71 954
471 297
283 55
384 871
182 278
847 480
546 14
253 943
741 339
550 641
778 593
516 506
725 375
413 258
240 482
387 850
483 595
920 938
924 755
716 892
918 982
718 202
782 544
247 517
531 716
540 716
65 472
674 122
674 956
770 648
642 95
599 304
306 516
601 847
453 997
789 111
695 432
250 751
691 728
320 246
300 520
713 763
773 247
446 803
618 227
928 136
434 607
614 162
479 356
448 197
647 768
332 134
481 574
869 56
997 87
53 384
61 538
10 568
614 935
555 950
703 394
505 747
675 64
137 702
344 995
560 524
52 719
814 26
536 848
253 224
465 884
501 470
477 547
220 624
720 243
346 18
387 769
910 107
810 495
709 599
772 518
547 198
615 555
770 538
200 212
309 283
544 970
652 365
446 654
81 253
449 968
769 30
84 626
279 725
841 688
982 82
376 383
51 734
850 627
353 850
989 24
952 388
542 615
953 679
631 937
198 918
345 208
781 202
720 2
775 331
180 799
851 765
80 169
219 130
602 473
389 878
310 565
603 472
742 232
507 980
834 445
478 368
377 450
253 84
38 493
874 542
655 35
767 539
653 951
585 774
416 129
697 345
265 997
749 393
470 787
419 411
168 29
769 453
307 882
85 382
31 256
634 484
343 652
786 325
544 646
879 288
462 278
370 600
193 948
211 210
765 958
381 282
733 366
880 302
303 894
393 922
523 97
403 248
187 688
631 263
263 607
305 919
150 239
10 313
552 169
103 119
724 78
338 32
373 739
997 914
123 618
850 86
508 550
370 707
326 644
458 816
689 490
613 927
136 382
423 364
929 96
379 700
304 23
462 881
346 885
846 286
549 527
537 499
594 269
208 857
50 894
784 750
702 35
342 705
116 447
827 262
909 918
281 495
669 562
581 414
18 592
486 502
778 308
443 546
251 879
397 814
71 488
441 782
934 122
973 115
778 0
16 879
33 861
140 282
38 767
571 347
340 428
347 459
332 93
616 117
458 22
189 335
799 673
123 171
532 65
675 965
290 954
40 254
379 797
292 493
779 611
546 336
476 746
493 940
731 938
78 951
670 11
28 899
973 78
325 824
632 809
115 256
990 378
193 384
610 387
811 769
763 301
12 556
249 378
651 216
123 932
449 315
584 87
181 932
825 800
960 85
455 93
432 346
90 678
457 768
553 447
647 609
849 942
11 332
584 890
307 126
503 720
832 329
227 359
460 592
260 594
796 30
629 935
