855 189
225 790
683 733
530 763
81 432
838 942
836 184
553 803
206 852
995 929
450 496
395 473
879 989
12 929
683 917
243 722
254 980
206 309
543 113
810 20
832 790
250 688
23 43
64 161
81 125
56 608
897 463
498 943
879 902
74 484
223 977
349 555
417 865
342 261
619 502
242 854
960 184
804 724
202 567
828 865
566 19
723 499
665 237
907 475
256 274
44 29
506 902
989 286
269 745
478 207
418 320
947 346
6 980
838 481
392 940
594 865
942 173
347 464
925 589
756 496
593 705
71 346
755 261
3 487
29 790
112 242
226 235
557 804
683 980
723 100
56 26
665 210
897 503
725 936
560 869
566 733
938 359
837 974
557 271
225 746
813 790
700 54
436 432
195 161
960 917
254 652
432 436
39 473
242 337
250 496
922 6
765 473
506 288
989 690
619 453
272 763
69 29
878 560
804 113
722 887
31 329
464 477
911 409
478 267
811 640
882 141
677 43
269 207
723 0
723 763
26 641
605 607
4 711
6 652
498 711
293 851
506 269
435 20
44 503
808 503
26 207
616 744
214 344
135 790
276 9
656 267
810 634
816 914
435 826
206 359
170 940
75 185
828 936
830 754
792 763
798 782
186 11
1 130
547 573
8 887
875 953
478 100
29 279
170 310
3 271
372 720
806 924
294 801
810 749
312 467
112 827
723 261
938 81
813 746
362 498
55 886
894 151
335 100
242 722
403 397
254 902
787 154
2 665
704 600
673 782
241 652
312 763
1 189
392 157
676 355
557 352
570 711
673 154
72 29
272 711
509 481
509 329
765 589
214 754
755 935
512 309
792 951
893 600
375 608
723 83
989 667
605 854
126 589
126 567
995 173
121 431
810 414
112 911
236 718
170 803
808 705
922 288
236 763
813 309
683 404
206 247
938 846
71 237
416 329
704 778
490 928
451 665
392 457
753 330
8 927
810 457
837 453
420 553
149 81
29 286
194 93
956 355
584 475
199 261
100 6
714 733
451 481
362 943
403 826
243 397
331 362
263 629
112 667
789 865
490 337
676 6
39 174
962 0
584 323
259 463
263 827
804 854
600 927
893 705
498 0
69 503
47 184
821 640
506 573
432 911
3 398
186 528
8 700
9 503
55 409
911 26
566 927
81 852
26 475
74 339
451 891
558 609
29 93
882 434
126 479
9 658
687 269
435 940
110 798
938 261
290 84
938 247
4 753
592 989
714 902
247 656
938 93
962 763
186 803
677 634
714 887
406 909
335 914
352 323
714 308
566 404
119 81
509 80
418 434
823 208
61 778
605 237
294 629
821 346
331 6
347 53
756 688
352 267
21 185
417 827
335 84
44 158
258 978
276 754
878 271
64 952
158 940
823 658
962 340
403 352
29 436
81 53
942 361
756 652
271 288
922 453
557 634
665 32
242 398
981 261
832 978
555 471
792 449
832 746
557 398
26 798
969 886
258 879
813 93
263 754
186 917
547 19
683 538
203 397
893 267
31 349
44 832
69 889
23 271
211 865
186 856
202 602
312 942
241 54
406 727
560 861
677 722
21 978
126 639
836 274
962 449
416 869
243 851
725 754
619 902
328 274
836 917
547 665
614 47
802 43
950 220
39 371
243 655
436 53
444 607
3 722
796 451
798 564
124 914
901 38
244 11
446 869
721 344
894 929
110 131
677 609
252 498
291 20
850 154
272 760
335 337
21 247
812 11
951 929
331 745
820 84
23 352
676 626
722 974
55 951
506 765
269 100
802 940
211 911
31 953
256 264
566 913
149 935
530 886
305 436
312 695
676 484
668 733
21 157
214 555
135 351
61 451
723 475
816 84
592 459
223 467
319 866
808 362
450 528
922 700
211 216
765 929
19 390
490 355
64 344
81 464
593 854
836 378
403 609
594 940
67 902
451 844
349 800
893 131
473 29
789 396
110 854
294 800
406 352
272 616
47 11
673 36
271 887
211 801
71 724
44 329
821 47
28 398
305 940
946 746
478 323
767 564
435 722
347 879
821 614
911 263
72 616
830 344
349 9
294 827
956 237
683 902
276 290
560 608
203 727
418 724
722 288
47 866
555 816
446 329
602 951
331 842
291 271
26 745
593 641
605 100
56 589
882 470
372 0
509 498
9 589
263 800
953 800
203 609
226 600
602 763
464 639
950 518
406 609
767 154
874 81
291 157
798 778
71 928
199 351
26 261
199 53
21 227
910 86
121 463
875 844
8 665
417 344
135 261
875 718
922 130
473 616
555 927
29 396
676 854
989 754
312 658
417 396
21 93
832 261
511 626
808 6
395 623
270 914
806 978
170 43
687 733
328 378
270 32
592 216
753 346
347 81
594 800
263 566
270 510
8 974
352 745
100 323
830 242
395 477
174 286
497 974
602 80
437 724
767 479
347 746
953 690
61 838
673 86
960 518
700 749
100 100
816 32
547 553
64 723
236 665
294 9
335 667
247 247
553 104
602 977
922 484
497 453
962 943
498 340
67 130
254 803
203 20
55 889
2 977
989 801
19 608
263 436
656 705
813 279
28 457
444 237
704 6
947 614
558 398
555 700
406 826
756 866
31 720
792 977
149 247
64 917
74 323
619 700
202 623
119 359
177 658
202 768
392 826
61 477
543 320
149 351
263 300
30 451
451 886
276 667
601 344
796 929
598 467
119 432
910 371
745 913
44 201
821 84
6 344
293 157
435 634
506 913
965 208
555 269
753 32
584 131
530 953
435 43
512 53
271 902
437 100
810 271
882 162
808 600
446 29
71 32
4 286
223 711
432 344
372 349
509 886
594 911
687 927
836 220
828 940
836 980
147 210
100 626
256 263
119 309
874 846
616 866
276 989
601 528
8 538
177 921
956 510
911 431
753 928
21 656
656 100
304 36
135 935
395 838
509 718
64 264
19 431
258 185
242 352
75 125
450 518
362 467
203 157
553 528
71 471
821 470
922 189
605 346
312 449
796 361
668 269
765 567
981 484
546 609
811 832
450 856
478 475
147 337
951 782
435 457
745 573
736 481
714 502
236 487
828 667
798 451
417 555
816 470
170 397
927 718
723 711
922 626
406 487
821 471
9 463
811 47
254 344
676 235
981 100
2 481
656 210
546 457
907 235
927 763
436 464
69 832
240 667
602 942
969 0
837 927
236 826
247 882
509 977
687 700
464 174
676 745
473 589
464 823
2 616
312 887
294 242
435 352
704 361
995 589
836 344
26 235
254 161
372 467
250 264
28 909
704 929
616 11
64 496
566 665
420 733
553 161
910 151
186 496
806 53
242 471
147 355
808 854
882 32
270 355
21 398
557 20
414 184
71 667
558 826
989 936
418 854
372 718
808 798
989 555
798 929
946 359
601 104
4 396
808 201
683 665
242 634
673 371
911 355
725 940
806 227
656 475
558 271
813 227
147 32
969 951
23 826
879 566
56 158
558 43
960 528
676 641
811 26
60 667
832 227
855 733
962 711
395 782
838 83
874 38
8 130
4 340
269 798
437 854
240 800
712 928
312 844
69 201
687 130
403 271
497 502
925 212
953 216
965 26
821 158
26 339
446 832
226 745
874 924
126 823
55 589
451 763
406 749
240 436
174 911
202 371
2 763
304 344
755 227
810 157
897 79
598 844
328 104
19 201
619 765
174 754
855 538
375 329
349 940
312 665
1 573
23 711
683 471
594 459
566 538
432 629
100 842
126 361
765 838
802 20
789 9
149 879
907 842
808 889
121 26
258 261
451 718
124 237
592 344
804 614
704 567
598 80
417 911
342 339
416 616
149 125
451 340
23 803
29 852
765 782
789 989
272 886
894 768
816 119
821 330
416 158
417 801
450 220
236 0
29 216
547 974
395 479
436 261
81 924
236 510
276 911
270 434
464 567
498 467
71 162
942 768
823 158
813 351
821 854
4 940
312 929
910 589
901 125
416 608
830 396
28 352
838 0
927 0
9 47
236 616
19 208
416 640
71 320
598 891
74 705
950 688
225 38
938 227
186 263
319 161
43 125
55 29
3 397
798 151
878 43
9 832
74 475
911 952
69 869
947 471
67 658
704 768
44 589
879 800
804 607
406 414
981 626
811 889
796 479
546 43
557 826
446 589
560 463
362 0
765 623
951 151
342 626
126 212
47 952
43 978
304 639
60 84
813 882
956 320
64 104
546 909
530 349
121 589
3 749
30 929
543 355
39 36
4 629
736 886
199 882
121 503
55 329
536 471
925 473
821 79
72 47
28 397
704 626
676 798
8 573
721 754
850 838
946 279
12 823
712 346
547 658
530 467
444 210
61 371
352 600
812 803
254 269
823 390
593 475
149 852
349 436
897 409
925 36
29 53
753 607
953 667
712 119
879 553
26 267
72 201
953 911
392 310
806 359
619 404
450 744
811 201
962 349
124 607
312 768
312 453
241 980
319 856
911 496
745 130
878 940
789 290
910 479
962 942
521 711
372 760
804 667
21 38
704 655
828 216
736 0
254 733
874 475
276 555
953 754
721 290
808 29
60 928
312 711
135 81
72 26
