168 756
178 674
985 674
419 44
949 134
220 114
296 729
726 334
800 633
130 893
985 358
43 801
646 221
949 431
457 334
973 71
251 617
793 201
56 305
949 119
363 503
566 872
443 44
457 292
365 18
539 756
844 102
442 364
952 39
735 162
726 496
970 919
631 957
537 58
173 305
952 971
600 329
498 623
799 981
377 376
486 327
996 981
253 947
518 940
173 286
337 652
594 218
503 943
226 432
497 607
47 254
735 308
419 656
158 953
365 244
710 559
503 746
787 674
713 605
476 737
337 30
337 725
560 44
970 700
798 121
95 599
540 402
838 86
367 852
641 417
724 750
998 339
213 23
569 892
465 193
501 342
387 821
147 472
710 65
643 919
609 162
787 277
94 134
870 989
594 802
962 888
400 633
202 709
399 676
219 244
970 823
566 850
458 364
532 652
368 496
676 460
560 611
85 220
799 241
539 329
546 879
313 241
379 276
628 269
594 503
998 801
874 611
307 193
53 762
896 556
278 317
43 914
985 122
332 472
870 858
629 756
532 3
326 808
95 18
559 980
865 222
53 374
219 219
670 903
420 953
368 676
453 432
838 111
103 277
378 515
368 100
85 417
730 184
764 737
253 432
777 36
95 317
869 277
529 743
970 18
872 885
676 729
905 743
337 268
370 19
54 936
202 729
571 336
175 780
603 91
865 39
809 44
872 709
458 524
844 30
927 428
927 114
749 953
600 515
345 254
153 136
685 266
315 438
501 633
706 623
776 585
776 980
277 136
662 480
363 218
434 30
540 763
553 219
560 303
870 756
328 641
713 402
29 605
393 524
749 91
907 957
906 879
845 780
846 553
537 220
328 134
985 277
40 23
94 334
198 956
670 641
86 519
912 41
571 921
847 428
998 885
325 162
713 472
792 39
20 749
569 472
103 410
553 308
667 114
846 573
664 126
713 921
85 23
442 922
153 216
876 292
256 327
906 115
284 922
75 947
997 87
53 230
869 431
871 995
284 364
518 919
29 651
749 641
368 450
486 756
346 58
150 32
352 364
370 44
56 700
598 384
874 519
821 674
75 92
628 91
376 128
532 268
226 801
53 364
499 553
198 122
499 244
773 652
713 218
458 411
377 364
894 303
764 821
532 725
178 86
420 872
609 466
94 641
260 479
816 496
65 461
641 107
773 827
845 3
220 466
910 652
368 921
486 253
999 756
646 78
296 304
796 856
387 617
257 29
674 184
279 930
453 823
847 119
837 559
434 701
346 23
345 58
691 121
845 293
460 220
643 286
682 128
387 762
900 87
735 477
960 737
614 852
486 600
985 991
795 119
393 87
346 224
518 997
713 216
377 877
706 145
793 241
442 574
746 374
641 30
874 364
529 885
966 336
573 304
777 725
623 126
53 892
764 436
497 954
277 87
328 472
997 821
939 187
574 30
493 997
560 524
419 148
566 892
94 872
838 674
130 672
326 145
787 981
870 715
313 918
574 641
787 991
45 641
97 633
845 533
713 150
278 286
752 641
276 107
559 607
253 336
647 402
453 162
156 893
966 460
384 30
290 824
582 877
256 808
296 114
776 954
816 674
752 417
985 981
457 641
773 293
949 749
872 431
371 808
906 222
870 743
628 374
667 428
973 617
296 480
363 472
637 941
844 244
371 30
787 385
876 461
724 19
253 746
603 892
85 922
614 411
460 254
923 122
45 336
609 980
695 106
966 593
713 3
999 358
870 991
438 288
962 92
352 877
345 208
629 327
876 709
720 0
86 44
816 953
398 241
713 107
614 376
307 121
664 707
795 428
368 269
399 524
933 277
103 749
713 893
631 943
966 768
907 336
267 808
546 436
609 30
158 269
735 585
752 971
793 991
476 388
276 268
997 39
865 918
779 954
219 701
296 743
378 221
47 476
821 86
787 918
999 122
457 336
529 114
68 195
558 461
691 750
764 222
923 31
780 674
251 436
647 953
85 655
637 111
674 991
159 817
722 291
213 655
623 427
85 18
29 725
529 339
273 973
278 162
594 128
156 30
730 86
277 294
518 18
907 432
704 136
641 546
676 749
464 656
315 193
706 808
501 995
670 949
907 801
872 339
16 914
371 78
367 44
726 280
539 936
832 808
871 503
647 470
130 218
793 29
63 893
518 655
71 466
776 553
307 515
778 308
906 918
933 122
553 585
253 286
539 145
792 943
103 460
350 956
442 411
498 126
668 722
173 224
906 746
213 276
256 126
569 56
872 314
799 789
997 71
735 219
404 432
796 593
579 761
614 18
724 600
647 342
832 253
647 148
350 941
846 599
404 918
647 656
213 888
765 618
811 449
328 336
910 65
377 656
311 386
51 376
844 0
847 858
45 280
985 385
546 746
442 656
872 623
85 293
486 623
996 358
346 756
529 749
799 646
949 885
56 162
367 291
599 431
337 930
857 866
624 669
296 460
476 644
706 329
710 651
910 654
503 879
832 756
667 314
503 644
907 879
88 410
847 314
960 699
773 476
695 432
821 479
802 363
279 184
832 750
88 729
641 654
526 374
135 250
685 918
518 700
869 339
999 241
276 780
647 768
761 740
598 450
906 432
486 438
302 605
290 219
558 236
365 30
173 58
43 644
499 607
664 145
643 18
997 746
213 499
460 919
600 756
970 276
54 808
371 882
676 428
476 725
641 268
664 882
425 524
313 981
997 943
553 30
377 921
47 65
337 417
51 921
614 162
203 942
64 499
497 0
999 918
102 346
377 852
809 605
646 756
147 374
695 71
949 304
641 65
290 593
560 535
464 376
876 431
870 368
713 336
769 954
869 119
460 940
350 358
178 29
695 699
457 762
419 921
370 882
594 850
256 44
486 221
773 780
769 244
777 546
253 823
387 879
54 935
798 750
752 533
799 479
453 23
365 701
837 293
296 119
328 496
691 623
795 304
371 862
78 810
143 360
328 850
29 178
499 585
970 317
713 725
284 852
985 241
780 693
832 327
560 670
571 503
583 336
315 479
874 670
793 184
341 465
950 130
341 980
290 954
792 879
945 286
460 92
238 87
130 150
907 699
503 821
278 208
347 864
325 824
371 417
507 980
795 460
518 811
465 126
16 553
809 367
307 884
328 917
498 935
174 381
560 136
476 699
606 478
419 574
147 763
674 575
706 479
996 241
518 220
346 956
614 700
346 918
453 821
53 450
198 201
387 236
710 533
377 574
303 811
457 269
218 488
46 940
537 922
573 428
997 879
278 224
845 107
523 715
796 549
498 808
224 599
777 611
798 884
226 879
930 333
713 470
54 623
43 971
24 136
939 950
442 148
97 402
917 398
582 656
870 134
966 280
594 30
9 803
754 480
713 535
695 644
710 107
886 993
847 114
153 774
226 918
670 336
816 236
705 799
85 947
168 674
302 254
558 978
503 71
75 276
906 106
540 909
537 162
546 71
457 896
387 39
29 254
832 479
712 927
598 148
518 494
88 885
71 18
558 872
510 664
313 122
722 376
63 30
371 36
614 224
618 432
276 605
276 367
706 705
94 472
20 134
914 869
795 623
809 450
871 336
132 741
844 701
16 466
387 801
498 707
573 743
710 780
407 592
452 925
465 121
540 150
400 136
88 623
387 896
220 749
674 244
345 67
973 801
700 545
980 71
865 943
566 496
674 673
571 909
777 367
443 237
798 756
901 791
845 342
219 18
95 286
51 496
749 762
594 762
780 479
980 801
623 19
137 647
256 515
709 732
95 221
626 265
207 713
370 78
313 646
966 134
161 51
431 374
518 317
870 410
780 956
26 958
633 770
352 376
746 917
224 305
846 954
949 858
47 367
558 334
522 111
838 201
637 155
393 656
872 410
337 367
168 155
525 136
278 700
742 182
631 142
647 574
320 795
103 715
227 561
273 286
168 853
709 18
346 220
961 639
393 535
69 631
279 86
800 216
93 126
414 589
846 477
893 298
779 824
498 329
279 956
279 944
382 761
453 18
799 549
609 954
809 546
345 220
216 416
51 230
220 54
493 220
257 31
53 366
284 376
85 559
996 155
434 219
724 586
420 892
201 389
121 681
628 917
800 87
643 888
742 684
457 496
962 305
325 549
178 122
421 716
336 920
431 641
276 827
646 121
523 617
647 303
431 280
298 369
603 664
997 436
256 936
637 646
900 672
219 30
279 654
341 18
315 600
846 244
726 269
248 897
384 65
425 291
846 824
641 36
876 334
497 162
599 339
646 145
876 768
363 577
730 646
53 768
315 884
144 834
126 953
704 633
778 701
95 208
846 700
97 470
796 244
529 431
962 308
54 327
999 646
846 276
461 854
713 367
544 229
628 336
966 410
575 99
376 633
296 885
838 122
443 623
706 126
846 922
558 655
847 593
379 162
156 136
40 162
53 376
85 3
213 58
399 496
998 617
253 39
594 995
986 343
537 23
824 444
580 516
984 151
453 286
518 92
778 673
457 472
666 668
685 222
276 725
378 589
691 936
399 870
325 244
704 342
838 918
57 862
845 893
213 305
754 858
985 853
443 515
702 431
537 947
560 472
