776 673
845 87
674 31
966 280
598 524
594 402
40 997
594 336
226 644
103 431
799 155
910 930
713 150
86 519
518 276
870 431
787 368
350 853
685 39
973 85
296 339
419 411
569 949
571 218
253 599
453 644
923 941
984 216
832 935
529 858
952 71
906 432
446 651
464 450
476 222
307 221
780 385
529 277
256 586
713 342
86 611
315 78
95 655
746 56
769 30
773 930
685 106
709 208
910 780
569 472
713 559
799 824
363 136
313 122
350 756
682 402
730 981
798 145
600 600
594 134
998 39
973 336
315 882
85 36
175 725
846 208
795 888
315 935
664 600
792 737
876 989
539 600
346 674
752 178
346 888
307 515
614 574
363 216
363 30
662 858
927 593
400 30
45 336
497 824
952 943
47 930
628 872
722 921
45 334
838 358
431 91
453 106
158 903
377 148
400 470
94 850
379 276
173 317
75 220
56 162
837 107
278 922
583 644
787 111
86 269
749 292
460 888
363 342
876 768
674 789
65 472
276 268
16 943
949 428
598 816
147 672
518 732
532 651
646 253
894 852
75 276
713 367
966 858
88 885
53 852
966 466
874 450
558 292
379 732
539 19
647 151
695 879
869 314
787 918
598 364
147 336
710 930
553 308
735 824
999 956
927 749
493 919
787 358
631 943
40 888
220 431
476 546
643 888
16 644
730 86
594 768
845 641
453 919
493 922
251 388
609 607
667 466
85 18
278 655
816 134
434 585
876 850
518 997
497 445
780 646
594 128
365 18
328 896
16 18
980 737
837 605
64 997
103 119
558 134
393 774
175 546
367 922
704 633
346 286
776 789
832 193
730 201
599 466
821 918
905 410
97 336
970 655
219 980
816 749
54 623
837 254
566 280
560 472
870 410
776 18
845 503
460 919
493 305
980 801
999 358
876 134
147 294
560 303
970 18
253 85
984 503
845 893
600 479
952 737
874 303
178 277
816 277
778 18
540 763
574 178
64 220
277 30
647 903
202 314
598 100
443 750
646 586
497 593
970 162
147 802
799 941
45 472
443 44
966 496
352 877
573 674
499 30
647 136
966 134
313 385
670 917
962 947
778 549
970 317
278 499
220 729
907 388
367 269
780 308
518 599
874 230
446 827
267 78
923 674
95 18
798 586
796 0
676 989
845 633
53 896
923 646
713 218
153 218
546 801
130 150
16 789
629 221
910 254
900 216
752 36
522 201
251 971
85 107
352 411
720 308
425 611
253 971
522 155
845 107
226 821
16 824
905 623
387 91
777 641
996 756
326 623
722 44
173 700
641 641
493 220
453 388
88 480
566 949
501 30
722 100
546 918
307 44
147 342
56 286
315 329
29 780
198 241
464 670
837 175
442 670
279 559
816 989
816 472
45 134
446 654
997 266
769 453
446 268
168 918
434 30
876 496
900 633
453 821
315 586
65 269
809 533
400 151
559 553
720 673
325 453
63 503
573 277
345 655
443 479
346 646
20 119
574 476
40 224
393 472
674 991
54 327
674 385
45 269
284 611
569 896
780 941
198 358
29 533
326 438
869 134
213 919
75 947
779 553
345 499
569 496
749 336
778 219
130 633
16 737
328 768
279 533
799 573
399 519
574 651
307 654
569 903
724 221
40 655
641 930
431 236
371 515
51 496
778 30
476 87
81 574
399 376
213 997
442 230
870 155
498 121
720 477
594 269
399 100
387 115
537 888
910 725
75 655
476 266
302 30
43 737
267 327
796 477
346 122
97 472
865 957
735 102
949 314
54 882
792 266
573 989
54 600
872 134
695 737
65 56
869 114
985 944
387 914
158 641
279 479
337 652
284 921
168 646
573 410
465 221
773 559
614 599
682 472
598 291
722 852
600 327
900 294
583 266
996 385
894 519
446 3
594 503
752 268
623 253
599 339
20 674
486 479
676 119
997 85
933 941
566 762
94 576
985 756
628 269
457 472
670 461
290 244
376 921
809 921
966 674
631 644
631 39
443 808
399 496
546 821
629 78
847 339
458 852
476 36
75 23
168 991
710 652
566 892
346 111
933 31
870 991
425 496
260 121
341 553
706 327
537 700
499 553
279 155
29 254
582 450
220 114
213 499
865 87
71 102
363 294
419 148
800 218
40 700
147 503
821 479
499 549
326 193
984 150
278 599
302 605
387 746
213 888
45 461
583 115
175 930
399 450
276 827
16 801
871 909
574 3
560 294
906 801
453 254
779 308
749 872
256 808
809 651
260 78
566 953
798 707
773 178
598 574
667 729
674 277
894 676
780 674
51 364
325 585
894 303
507 477
691 936
844 856
800 774
365 162
559 466
95 254
253 888
153 216
522 944
566 374
704 136
352 921
453 115
425 574
628 134
367 364
371 725
598 611
574 30
476 436
838 756
307 600
799 368
97 216
676 339
220 119
894 364
29 178
752 254
960 943
907 85
832 329
871 921
999 201
713 476
522 941
724 808
279 367
384 780
443 756
213 208
769 607
907 71
798 78
175 654
503 87
749 236
56 732
752 417
664 623
88 715
560 774
722 656
846 607
153 535
910 3
846 317
393 877
43 801
905 593
735 445
198 277
647 218
876 428
290 954
276 417
647 896
213 655
442 411
387 266
793 944
431 953
371 175
962 997
722 611
532 3
332 496
560 342
85 930
501 216
641 651
518 23
367 230
952 971
643 23
16 219
546 336
871 294
844 453
906 746
464 921
63 402
370 586
350 991
664 884
56 92
337 559
224 305
582 574
664 253
865 617
202 480
631 222
156 909
64 317
845 725
453 39
393 670
746 374
296 858
600 193
379 997
614 411
378 19
720 573
560 291
315 19
799 553
960 617
623 438
560 922
85 559
984 128
816 768
434 607
927 314
393 376
553 553
371 193
325 980
253 87
569 56
425 148
691 253
267 44
614 816
313 981
799 466
631 87
730 756
809 367
900 995
792 87
870 888
641 605
94 892
647 450
529 314
325 162
443 126
457 953
365 585
845 293
326 253
453 276
798 479
16 266
832 479
260 936
571 151
175 107
420 850
726 872
923 479
29 175
393 672
594 342
546 388
153 128
302 651
662 134
614 823
973 879
522 756
980 71
726 336
796 824
780 122
85 224
558 949
546 957
799 856
809 496
376 342
371 476
973 432
328 892
352 574
95 162
95 58
476 943
674 918
257 111
404 308
345 940
647 762
560 995
251 39
900 128
499 856
809 175
130 402
746 496
341 824
51 852
641 780
315 479
838 241
284 922
81 670
458 524
377 496
869 888
574 107
623 750
399 611
900 763
168 241
845 827
667 304
378 329
998 715
962 700
641 533
147 136
368 670
603 762
674 477
664 808
499 980
609 219
821 277
997 432
710 3
54 329
664 882
869 428
256 750
260 19
399 291
56 208
906 266
400 342
431 134
553 244
296 749
628 292
838 155
404 479
158 892
949 480
664 44
86 384
442 148
682 535
691 808
85 655
647 892
276 107
253 940
900 150
646 327
838 918
153 893
907 699
97 802
966 91
910 36
220 277
537 23
539 884
71 0
332 896
560 44
175 533
735 308
927 114
603 269
346 944
647 917
910 559
746 768
400 921
559 549
872 460
387 39
226 957
16 957
614 997
907 914
307 559
350 308
582 611
910 546
220 314
219 0
670 892
257 981
754 114
927 134
629 327
594 496
498 884
599 674
352 291
980 106
821 184
905 119
453 879
704 218
962 317
400 150
685 879
277 503
368 269
279 293
754 466
691 121
178 308
704 402
614 524
53 949
45 762
153 503
71 308
458 411
907 943
326 882
846 162
501 672
88 339
637 184
130 342
376 87
599 593
998 593
257 277
559 30
821 86
647 995
256 438
816 892
844 466
94 236
809 107
724 586
872 674
498 126
713 633
647 30
560 376
996 918
507 980
384 652
966 768
539 479
628 896
503 943
51 574
574 417
906 821
846 220
47 651
302 65
276 367
582 524
464 816
906 388
63 470
710 533
558 892
198 479
566 269
713 472
65 292
682 151
95 224
952 821
345 220
85 780
927 480
379 208
821 201
837 178
88 858
984 30
709 58
754 749
419 676
94 641
296 277
377 574
224 317
746 949
400 216
874 922
662 623
368 496
56 18
722 364
537 220
999 368
63 150
574 546
795 460
296 114
251 821
175 293
927 339
156 633
95 947
695 821
706 438
746 641
85 599
156 995
838 956
816 236
667 989
691 884
865 266
735 219
746 872
81 816
713 128
998 115
476 115
674 86
682 633
313 358
446 254
865 746
296 709
518 317
173 919
726 850
497 701
130 503
906 222
764 222
793 184
457 236
370 327
173 732
614 208
676 888
720 453
709 499
202 888
872 114
609 824
173 305
198 368
95 276
173 18
257 201
816 641
573 888
296 623
51 411
674 756
346 162
726 374
313 29
29 268
20 460
446 533
371 367
53 524
47 3
453 18
704 921
809 178
64 286
476 801
837 546
158 374
253 208
64 599
778 0
709 276
168 385
65 641
464 852
800 802
493 823
307 936
600 121
923 277
307 827
870 201
325 30
846 0
345 888
71 856
647 519
