28 93 10
27 13 92
82 97 80
1 15 50
60 92 90
44 90 64
1 28 50
37 32 62
4 80 30
42 79 14
0 93 98
58 57 90
31 94 79
38 35 30
33 88 30
24 93 80
18 19 76
8 74 46
41 88 33
16 33 79
49 13 64
42 0 21
42 2 44
79 60 34
1 93 43
39 93 43
28 92 62
1 28 48
97 86 76
58 57 24
57 95 5
57 86 86
4 72 33
37 57 24
49 39 84
4 34 69
9 63 98
21 79 65
9 93 20
97 44 86
49 25 11
24 80 11
2 34 21
28 72 33
39 13 43
37 79 39
18 0 37
57 19 34
28 28 48
50 79 44
50 79 53
72 0 37
86 41 34
84 92 74
82 12 98
4 0 14
28 15 10
79 60 59
45 55 42
86 43 76
6 35 86
42 79 21
72 0 88
71 86 34
63 93 36
33 13 33
33 95 86
86 28 50
6 74 13
4 80 34
83 68 13
31 77 75
86 44 86
63 28 43
31 0 17
24 25 92
39 15 43
57 19 5
0 90 52
78 10 6
21 57 90
4 72 22
61 94 45
33 43 72
93 81 12
86 15 50
91 82 50
9 93 98
41 18 33
17 37 2
25 46 2
93 7 99
97 43 34
97 44 65
24 97 20
28 13 61
28 88 30
38 68 13
21 79 24
88 91 86
86 95 72
99 6 69
4 18 33
24 97 80
6 74 83
57 58 76
23 2 53
68 11 98
37 92 90
27 13 84
86 41 65
61 0 45
2 79 14
63 93 50
39 13 50
17 78 3
9 22 80
57 95 34
11 60 59
78 26 80
42 69 15
13 31 25
0 80 98
58 92 39
92 90 7
2 93 80
51 67 14
11 74 76
41 72 34
0 25 52
33 72 33
33 95 46
18 19 5
63 15 10
27 39 84
4 0 21
1 57 16
28 80 34
74 66 27
53 29 86
2 93 75
93 83 16
2 80 20
31 33 88
58 92 65
63 77 82
2 33 48
84 2 65
18 2 79
22 35 86
84 66 46
44 7 58
17 19 95
18 50 58
57 43 86
83 74 83
87 13 28
88 23 69
2 16 32
63 19 4
16 35 28
23 48 20
68 25 86
18 60 76
67 25 22
92 31 8
86 93 10
41 16 13
57 86 72
63 36 50
42 72 17
71 43 34
8 58 5
2 12 98
40 23 12
83 35 47
92 90 22
42 18 91
71 26 33
4 72 34
2 20 21
66 53 76
61 33 79
98 58 69
27 25 64
23 79 53
38 16 47
73 34 76
74 35 14
83 16 13
73 52 54
52 24 8
24 12 80
42 20 21
96 28 42
81 80 98
4 13 61
2 12 75
18 58 5
41 18 30
34 54 38
18 46 22
33 86 76
41 16 86
44 85 27
6 82 98
28 79 62
57 74 34
6 84 55
96 77 1
38 76 73
61 71 63
39 36 48
59 96 91
18 95 59
39 93 36
49 39 11
24 12 98
38 41 9
50 40 33
49 13 11
22 68 86
26 93 67
4 22 48
12 15 88
27 25 52
30 89 64
24 63 98
22 74 83
28 80 33
18 27 87
99 87 16
71 44 65
2 12 80
8 58 76
53 80 55
94 93 77
29 41 57
60 10 87
0 39 92
56 47 14
65 42 31
71 1 12
11 74 34
19 45 74
6 65 80
76 25 42
40 17 52
25 10 21
1 15 48
12 57 24
11 95 34
77 73 72
38 74 70
23 16 25
3 99 16
44 80 52
92 79 40
40 21 97
76 19 5
29 99 82
55 16 25
72 0 45
99 26 74
88 9 96
2 20 53
29 6 98
2 20 14
76 43 25
29 77 43
15 93 71
47 19 35
96 37 21
24 13 64
39 15 36
44 46 86
83 99 30
0 25 64
1 36 10
36 98 86
60 57 62
2 40 96
22 54 22
30 63 18
78 11 87
18 94 17
93 81 79
1 59 32
6 74 47
88 92 26
43 91 0
4 55 52
86 13 36
17 29 40
86 86 65
21 3 78
83 68 86
33 86 86
60 57 65
73 8 58
30 95 31
80 41 92
49 33 66
8 74 59
10 31 27
71 37 59
26 14 64
32 64 83
60 32 39
1 14 99
46 20 18
31 0 45
27 80 92
6 14 70
2 12 20
97 95 86
33 13 22
33 39 34
25 36 48
0 58 1
60 86 24
17 67 75
86 75 57
17 86 12
72 97 58
1 83 88
41 97 19
67 36 19
82 93 98
65 77 69
97 29 97
74 64 51
77 12 25
27 19 94
28 72 34
41 92 92
23 10 32
51 39 84
28 88 61
8 78 69
22 85 41
69 48 25
41 96 25
8 19 46
8 36 94
72 63 17
71 87 33
34 97 56
0 12 98
42 75 67
75 19 3
86 5 75
42 21 43
92 21 29
23 2 14
60 13 95
94 26 39
54 44 8
21 32 24
19 36 93
78 64 66
31 94 88
83 17 26
33 44 65
35 11 32
81 4 7
16 0 88
98 28 55
49 80 11
74 82 29
96 65 17
48 57 15
78 99 65
70 70 74
68 73 16
28 97 84
98 30 98
59 15 21
57 95 46
68 71 77
10 16 96
81 0 27
34 63 81
18 30 95
73 72 98
39 61 55
45 53 16
1 31 91
19 9 49
86 86 76
5 71 23
9 68 1
24 40 1
31 45 17
63 15 48
35 36 17
20 23 1
75 23 51
57 60 59
4 6 9
26 55 91
33 95 72
97 41 65
28 13 50
34 35 85
16 33 37
90 13 75
10 62 36
21 86 90
7 13 48
13 5 0
9 63 88
5 49 5
91 92 68
96 51 13
8 82 85
23 83 24
0 13 92
43 12 3
1 23 44
94 39 81
72 53 4
32 93 4
23 11 96
33 14 92
4 20 53
95 18 67
44 13 64
23 55 81
20 21 5
12 15 97
98 43 92
63 97 2
34 4 18
6 74 30
96 45 16
65 86 77
33 95 34
23 52 42
9 95 48
2 97 75
27 73 30
11 19 34
60 83 89
30 14 59
41 43 89
16 63 16
27 62 86
32 61 13
48 39 15
8 68 73
44 78 61
39 13 48
63 85 99
5 10 17
86 86 86
42 34 44
45 2 68
59 20 34
92 64 10
28 92 90
24 80 98
40 30 0
52 89 59
86 43 72
42 77 80
53 90 14
73 4 14
87 82 78
46 96 48
57 86 76
78 45 58
32 25 8
91 87 48
76 88 18
53 79 17
79 54 58
51 71 93
50 34 14
21 88 57
57 25 32
39 15 48
20 65 62
48 13 54
23 8 51
51 27 94
45 64 92
39 93 50
64 8 63
84 89 61
98 86 50
17 75 27
81 94 49
31 76 82
18 60 16
62 68 91
20 42 8
83 68 83
57 43 34
62 69 48
62 98 34
85 55 87
61 92 95
74 13 40
41 88 22
83 69 64
42 42 44
91 99 92
69 13 34
13 96 69
0 93 20
37 22 7
65 69 27
98 68 33
72 72 10
11 74 46
68 72 61
46 87 0
72 2 80
32 41 23
60 77 31
0 63 80
24 90 92
38 29 98
54 32 51
0 0 3
32 63 76
89 45 7
26 0 85
65 5 19
88 95 96
18 19 59
90 48 24
11 95 16
16 63 17
33 44 34
90 30 85
9 5 37
72 20 57
24 27 82
80 92 87
16 15 54
79 95 59
10 95 87
95 15 66
41 80 22
32 72 35
26 76 31
67 62 51
31 88 62
66 60 15
38 35 83
84 25 71
83 76 54
34 34 67
25 69 44
30 84 49
23 40 13
26 51 2
41 7 37
8 13 72
51 83 4
9 24 80
55 12 28
79 41 59
38 58 77
69 4 58
48 36 71
52 13 59
37 57 39
61 40 40
57 74 76
72 94 88
15 57 84
97 3 22
80 89 95
6 16 47
30 34 39
86 41 76
58 57 37
99 17 99
94 46 88
97 70 26
70 36 93
41 57 22
13 32 24
49 47 24
70 57 71
81 43 29
67 65 64
79 74 76
82 71 43
61 3 2
73 33 13
59 93 92
26 69 75
6 55 34
23 46 39
49 38 98
14 14 39
2 2 69
6 8 30
82 93 20
8 66 40
2 0 44
1 99 80
1 93 50
15 76 33
41 19 68
31 75 18
96 28 96
22 53 53
11 41 79
1 93 36
22 63 52
78 49 37
76 86 92
66 3 76
80 29 25
59 67 27
82 12 84
46 82 53
49 13 52
50 8 15
13 19 52
35 86 27
37 84 61
32 35 39
78 89 9
33 85 33
5 91 38
11 58 34
28 72 93
83 94 27
6 20 4
32 89 55
72 32 81
60 76 6
35 45 0
4 13 22
28 93 36
24 39 11
47 29 66
55 88 21
95 16 15
15 44 43
56 81 69
6 99 30
6 74 86
33 87 60
64 11 50
3 24 34
46 26 1
48 16 67
71 88 30
69 69 35
70 22 41
96 56 39
22 74 47
17 12 89
0 35 65
77 29 12
57 30 59
80 28 38
23 50 46
99 58 87
13 56 35
68 56 12
18 33 17
18 98 42
51 82 34
97 44 76
22 35 47
32 58 78
50 0 44
42 42 99
77 51 13
70 10 92
17 56 23
68 91 60
44 9 69
18 66 96
33 52 79
57 1 40
56 54 41
39 34 25
18 31 88
25 84 46
56 23 57
96 67 65
23 48 85
86 69 65
34 69 23
84 42 68
59 72 96
61 76 6
18 60 46
1 69 94
46 96 59
21 61 38
56 68 85
17 51 75
72 63 88
28 55 18
79 60 76
80 99 2
6 46 0
57 44 72
0 97 75
50 79 21
57 41 86
14 92 73
28 9 26
29 51 12
92 32 79
27 90 13
13 26 58
66 30 65
90 97 65
22 19 40
64 85 57
32 83 99
74 40 28
97 2 53
41 13 83
70 93 17
4 10 75
54 32 75
75 78 56
41 48 24
4 79 27
41 72 30
80 61 52
57 37 50
85 38 36
62 63 60
11 27 29
97 40 92
15 50 25
24 93 98
7 72 80
28 18 61
58 32 65
58 36 33
71 18 61
31 73 80
41 18 22
42 0 53
0 80 92
78 73 46
31 94 45
14 0 75
50 26 62
1 54 50
91 27 73
57 5 68
12 18 95
86 44 72
40 72 33
6 45 32
97 44 34
51 14 89
27 25 92
23 33 91
58 35 26
33 78 71
90 9 69
65 55 95
39 81 21
0 16 12
83 48 60
85 69 34
1 40 47
28 93 89
91 60 90
21 0 14
61 43 10
77 87 7
4 20 14
29 34 57
23 79 69
42 0 40
71 88 25
48 24 74
35 42 39
59 56 98
32 3 33
32 82 47
71 83 87
28 8 31
57 19 46
61 94 37
0 39 64
82 81 74
71 47 40
37 55 29
65 10 13
74 93 5
6 81 34
59 28 0
8 93 85
4 28 15
73 97 52
55 40 54
38 44 64
67 53 88
52 52 92
15 70 2
73 34 95
58 96 54
44 45 30
0 12 88
25 74 67
75 93 65
26 8 60
54 45 34
39 11 79
5 42 57
95 11 41
98 23 11
30 11 74
70 97 69
82 90 11
82 87 57
81 45 75
90 78 75
42 23 71
16 9 75
42 75 75
4 20 44
52 53 14
27 85 53
89 51 63
3 46 12
72 41 72
90 51 92
27 90 64
70 24 19
80 97 90
88 79 18
88 12 99
61 49 95
86 95 76
64 99 85
8 37 58
92 81 83
52 37 21
33 72 61
84 76 23
65 54 49
75 81 5
79 74 46
22 68 83
32 97 78
7 54 92
28 56 26
63 22 82
62 32 66
48 84 52
63 89 44
54 45 7
20 84 6
63 54 86
30 71 63
48 92 47
11 64 91
53 54 17
71 56 78
21 46 15
44 28 38
95 19 15
99 88 57
57 41 65
95 99 35
6 21 71
36 54 81
87 36 50
53 37 54
98 19 52
9 12 80
27 40 47
84 66 88
44 13 92
82 84 89
60 19 7
23 34 44
36 30 10
9 42 80
18 94 37
55 13 26
26 18 50
47 36 61
31 71 0
14 46 82
90 52 50
90 14 54
44 74 8
41 21 33
51 82 5
66 89 2
53 36 33
12 67 13
29 53 58
13 96 30
55 27 80
67 64 30
34 0 10
49 25 84
24 63 75
29 14 6
91 24 14
76 57 42
20 47 8
19 55 31
15 15 37
41 44 84
21 95 4
32 3 26
68 52 85
59 89 67
4 45 7
89 29 13
99 56 22
87 3 77
85 50 75
2 98 10
77 80 9
68 84 7
5 97 3
86 81 93
37 45 81
49 66 36
87 30 20
79 83 54
87 8 8
50 33 36
95 49 5
21 53 27
74 39 83
15 89 51
0 36 85
12 89 52
44 13 84
41 74 13
11 71 49
7 36 51
50 28 10
83 68 47
9 10 86
28 64 38
27 27 2
73 32 58
12 6 11
92 47 49
1 7 95
44 67 31
6 94 16
21 82 20
76 75 89
14 26 36
29 4 72
71 27 27
76 29 43
70 79 82
7 57 47
90 20 43
14 21 91
88 44 70
1 33 90
95 93 0
90 79 89
65 18 72
36 39 82
29 61 96
10 83 13
64 49 80
61 2 88
75 24 25
9 20 20
59 29 48
14 94 66
61 14 30
39 28 50
73 60 91
50 91 23
62 68 4
54 85 60
48 20 42
78 43 27
50 46 48
71 44 72
45 45 8
73 23 24
37 73 22
53 84 75
74 60 17
9 22 67
66 69 38
89 21 11
33 92 11
