39 15 48
38 74 13
41 72 33
21 86 62
0 25 92
79 95 34
18 2 88
6 68 86
97 43 34
4 18 34
22 16 86
42 20 14
71 13 33
49 90 92
18 60 46
22 35 83
63 28 43
86 28 50
57 19 34
4 72 30
42 2 21
57 58 34
97 95 76
28 93 10
38 16 47
33 95 34
63 36 43
6 68 47
28 32 24
28 36 43
37 32 65
97 86 65
28 15 43
8 74 76
50 79 44
82 63 20
37 79 90
31 63 88
83 74 13
82 63 75
41 99 47
0 97 75
41 16 30
71 43 65
9 93 80
57 74 46
39 13 10
39 36 10
2 12 80
38 68 86
38 35 30
0 93 20
41 72 30
50 20 69
58 79 24
1 93 36
97 44 34
11 74 76
28 36 50
71 41 65
8 60 46
86 41 34
41 99 83
23 79 14
86 28 36
2 80 20
33 18 22
82 12 98
60 92 39
11 58 34
50 2 53
83 35 47
2 63 80
37 86 90
58 79 65
86 36 50
27 39 84
21 32 24
79 60 59
18 58 46
71 18 30
49 39 84
1 13 36
97 86 72
63 13 43
50 79 21
83 99 86
16 63 37
60 32 24
58 86 90
63 93 50
82 80 98
57 44 76
18 19 34
9 97 75
33 43 34
11 95 76
2 80 80
28 15 36
11 58 76
72 63 45
31 33 17
83 68 83
28 28 48
58 57 62
21 32 39
33 18 30
9 63 98
57 58 46
27 25 52
28 18 22
28 86 24
24 12 88
42 0 53
28 88 30
2 34 21
11 19 34
18 0 45
39 36 48
97 43 76
11 19 76
33 43 72
83 68 30
60 79 24
23 20 14
28 80 61
24 39 64
44 80 92
4 34 53
24 93 75
71 95 76
39 93 48
0 80 88
27 80 52
23 79 69
86 43 86
2 34 14
60 57 65
4 2 14
33 41 34
11 60 46
42 0 21
33 80 34
82 63 98
28 57 24
24 63 98
4 18 33
37 86 65
50 34 53
49 80 84
4 0 44
1 36 43
72 63 88
41 74 86
79 95 46
83 16 83
60 86 39
22 68 47
28 36 10
4 13 22
33 41 76
33 18 34
27 39 11
2 34 44
44 90 52
28 13 43
4 80 33
24 63 20
50 20 44
49 13 92
28 80 22
71 44 65
24 80 52
71 13 34
21 86 39
63 15 48
28 80 33
63 28 10
42 79 21
28 72 30
2 12 98
28 36 36
86 44 34
27 80 92
79 58 5
24 80 92
0 97 98
21 86 65
57 74 5
61 0 88
57 43 34
39 15 50
0 80 20
9 80 98
21 32 62
50 34 21
2 80 88
86 13 10
31 2 45
39 13 50
0 25 64
1 15 43
4 88 61
57 44 34
21 79 90
44 39 92
38 74 83
38 99 86
86 93 36
9 93 75
33 72 22
18 60 59
0 12 80
9 63 20
42 2 53
33 41 65
97 41 72
8 58 34
4 88 22
8 74 34
61 63 88
8 95 34
28 92 62
28 72 34
83 35 13
79 58 34
22 16 13
57 86 65
24 93 98
1 36 10
63 28 50
2 20 44
97 44 72
60 32 39
57 41 72
27 13 52
22 35 47
58 86 24
8 58 76
57 41 86
39 93 50
8 60 59
27 90 64
44 39 52
6 16 47
83 74 30
71 80 33
16 63 88
61 33 17
44 13 11
4 20 44
61 2 37
97 41 86
57 41 65
61 63 17
61 0 17
24 80 64
9 12 75
72 33 88
39 93 36
41 80 33
0 80 80
18 74 5
4 20 69
6 99 86
41 35 86
71 18 34
24 80 11
86 41 76
33 44 34
39 36 50
23 2 21
41 68 83
28 13 36
27 25 64
16 0 45
28 13 30
71 88 61
11 95 5
2 79 44
72 94 79
57 86 72
23 2 14
82 93 20
57 44 65
6 68 13
33 13 33
49 13 64
63 13 36
0 90 52
38 16 83
44 13 64
50 34 69
0 63 75
44 80 84
71 72 34
50 0 44
86 95 65
86 15 48
22 99 30
38 74 47
33 88 34
97 95 86
16 33 45
63 28 36
41 74 13
39 15 43
97 44 76
0 39 64
11 60 5
8 74 46
50 0 53
82 12 80
18 95 76
2 2 69
0 80 84
71 43 86
2 0 44
0 80 92
79 58 76
57 95 65
86 15 10
4 72 22
28 15 48
82 12 75
18 2 45
18 33 37
18 0 17
27 39 64
71 13 30
28 15 50
86 41 86
41 13 34
2 97 75
8 74 5
16 0 17
28 13 10
57 44 86
27 13 64
22 99 13
63 36 10
71 88 33
23 0 69
38 99 83
2 97 80
86 15 50
24 25 11
37 57 65
71 95 72
42 79 69
83 16 47
83 99 30
60 32 90
0 39 84
23 2 44
4 13 61
39 28 10
0 80 11
39 15 10
33 43 65
71 41 72
8 60 76
11 74 59
23 34 53
0 97 88
39 93 43
63 15 50
39 13 36
61 2 17
18 95 34
27 90 84
11 58 59
44 80 64
44 25 64
97 43 65
58 57 39
9 63 75
50 0 14
18 94 37
18 58 76
60 86 90
86 43 72
4 18 30
28 18 61
28 13 33
61 94 17
11 19 46
8 95 46
2 63 88
2 2 53
9 93 98
86 44 76
23 79 53
9 80 20
23 2 53
2 2 44
37 32 90
1 28 10
86 93 43
2 12 75
4 2 53
58 32 62
24 13 11
86 36 10
42 2 14
16 2 37
42 34 21
49 25 52
58 79 62
6 16 83
18 33 79
27 80 11
1 36 50
28 79 39
33 88 33
1 15 10
31 94 79
2 79 21
4 13 34
6 74 30
6 16 30
28 32 90
24 39 84
71 86 65
38 68 30
31 63 79
28 79 65
28 80 34
86 95 34
79 60 5
31 94 45
57 60 34
28 32 39
38 16 86
33 44 65
28 92 90
97 86 34
28 93 36
28 15 10
22 74 86
28 28 50
58 92 65
63 93 36
83 16 13
6 99 13
21 57 65
37 86 62
28 28 36
79 95 59
24 63 80
50 79 53
24 90 11
82 97 20
0 90 11
41 88 33
23 0 21
33 86 72
28 88 34
31 2 17
71 80 34
6 74 83
72 94 37
18 63 79
49 90 52
24 93 20
71 95 34
8 60 34
6 99 30
28 18 33
0 90 84
44 13 52
18 2 37
33 88 61
33 80 30
71 86 72
83 99 83
79 74 76
9 63 80
39 28 36
6 35 83
28 57 62
71 72 33
4 2 69
41 99 13
2 79 14
86 93 10
1 93 43
27 90 92
71 41 34
72 33 79
42 34 44
6 99 47
50 34 14
4 0 69
33 43 86
58 32 90
41 68 86
28 88 61
41 68 30
0 25 11
79 60 34
28 13 48
57 86 86
33 44 72
0 93 98
1 36 48
9 63 88
28 72 33
28 13 61
57 44 72
21 92 90
33 13 34
86 28 10
58 79 90
71 72 61
22 68 83
16 94 37
2 0 69
79 60 76
31 0 45
41 74 83
2 80 75
61 33 45
24 80 20
79 74 59
0 93 80
61 63 45
37 79 39
27 90 11
22 74 47
79 58 59
28 93 43
6 35 86
18 95 46
86 15 43
38 99 30
71 86 34
18 0 37
1 13 10
22 74 13
2 93 88
4 0 53
9 80 80
63 13 48
4 79 69
6 74 13
38 68 83
72 63 37
31 94 88
41 18 30
23 0 14
24 97 80
11 19 59
72 0 79
86 93 48
60 79 62
57 95 72
57 58 5
28 28 43
50 0 69
27 80 84
41 18 22
0 80 64
97 41 34
82 93 75
86 13 36
9 12 88
24 25 84
37 92 90
71 95 86
18 74 76
21 92 24
60 86 24
18 94 79
37 32 24
86 43 65
24 39 11
39 15 36
6 74 47
33 41 72
31 2 79
33 44 76
31 63 17
57 60 5
9 93 20
0 13 64
71 44 34
31 33 79
58 57 65
33 72 61
37 32 62
4 88 34
42 79 14
0 12 98
31 0 79
6 35 47
39 93 10
41 18 34
18 60 5
50 2 69
21 79 39
23 2 69
79 19 59
60 92 90
86 44 72
18 63 45
60 79 65
23 34 14
33 80 61
72 94 88
0 39 52
28 57 65
63 36 36
86 86 65
49 90 84
1 15 48
24 90 92
33 88 22
82 93 98
41 13 61
42 2 69
83 16 86
37 79 65
57 60 46
38 16 13
18 74 59
41 68 13
57 86 34
72 63 17
79 74 34
83 74 47
79 95 76
24 63 75
31 0 37
2 34 69
37 79 62
41 72 61
28 79 62
0 80 75
57 74 34
2 97 98
16 94 45
1 28 36
31 33 37
97 43 86
63 15 43
37 79 24
2 93 20
38 35 13
57 74 59
1 15 50
9 93 88
44 39 11
50 79 69
4 0 14
0 97 20
4 34 44
44 39 84
4 88 30
33 86 34
0 12 88
79 60 46
63 13 10
2 20 14
22 35 13
37 32 39
24 13 84
97 95 65
41 80 30
28 79 90
8 95 5
0 13 92
41 16 47
0 25 84
4 80 30
4 34 21
57 95 46
57 43 72
49 25 84
57 74 76
37 57 90
24 80 75
1 28 48
28 28 10
63 93 10
60 79 39
16 94 17
72 94 45
28 80 30
4 18 61
1 36 36
38 35 86
2 63 75
61 63 37
28 57 90
49 80 52
0 63 88
61 2 88
27 90 52
42 34 69
21 57 24
24 93 80
86 28 48
24 12 80
97 44 65
9 97 20
4 2 44
57 95 5
79 19 76
79 19 34
42 0 44
27 25 11
27 39 92
50 20 14
4 20 14
58 57 24
2 97 88
41 16 86
71 44 86
57 86 76
28 79 24
61 94 79
18 74 46
2 20 21
2 12 88
60 57 24
23 79 44
41 72 22
33 95 86
38 35 83
63 28 48
24 13 64
4 79 14
0 12 20
24 80 84
28 32 65
58 92 62
86 86 72
38 16 30
57 19 59
49 80 11
1 28 50
50 79 14
28 86 62
71 18 22
0 39 92
4 34 69
49 25 64
0 93 88
16 2 45
41 72 34
71 80 61
8 19 5
72 94 17
41 99 30
86 41 65
33 88 30
6 16 86
41 88 61
50 2 14
8 19 76
4 80 34
24 25 64
37 86 39
6 68 30
33 86 76
33 44 86
58 32 65
86 36 43
0 13 52
71 41 86
28 13 34
41 13 33
41 35 13
28 86 90
4 72 33
21 86 24
49 13 52
8 19 59
28 36 48
18 0 88
37 92 65
27 80 64
82 97 80
33 86 86
41 35 47
86 86 34
41 80 22
21 32 65
33 80 22
97 86 86
21 32 90
41 80 34
41 68 47
33 80 33
31 63 37
44 39 64
71 72 30
4 18 22
60 57 39
28 32 62
86 95 72
82 97 75
31 33 45
97 95 72
24 39 92
38 74 30
57 19 46
11 74 34
72 0 37
41 74 30
37 92 39
33 72 34
38 35 47
82 80 88
28 72 22
23 0 53
86 36 36
8 60 5
39 28 50
27 13 84
71 80 22
97 86 76
42 20 69
24 97 20
33 86 65
24 12 98
18 95 5
61 63 79
22 16 30
42 2 44
1 93 50
82 63 80
16 33 79
60 92 62
2 2 14
28 13 50
24 97 98
71 88 30
23 79 21
41 16 13
86 44 86
42 20 21
6 16 13
63 93 43
27 39 52
57 58 76
2 0 21
38 99 47
61 33 88
37 57 24
31 0 88
58 92 90
82 12 20
8 58 46
1 15 36
31 2 37
24 25 92
57 95 34
28 86 65
79 95 5
38 74 86
16 94 79
71 86 86
57 43 86
83 68 47
57 41 34
72 2 17
44 90 64
61 94 45
57 19 76
23 34 69
97 41 76
2 63 98
28 93 50
71 43 72
4 0 21
0 39 11
71 41 76
2 34 53
31 94 37
2 93 98
41 88 34
4 2 21
86 36 48
49 80 64
57 60 76
63 36 50
41 16 83
86 43 34
86 13 48
21 79 62
44 25 11
82 80 20
23 20 53
16 94 88
49 25 92
28 88 33
28 93 48
28 92 39
2 2 21
1 93 10
86 95 76
18 63 88
4 79 44
79 58 46
18 63 17
2 20 53
63 93 48
28 92 24
83 74 86
71 13 22
39 13 48
22 99 83
18 19 5
11 95 46
61 94 37
86 13 43
50 0 21
41 18 33
0 63 20
21 57 90
2 0 53
2 79 53
24 63 88
57 19 5
24 13 52
9 97 88
24 90 84
2 63 20
18 58 59
44 80 52
22 35 86
71 13 61
22 68 30
8 74 59
4 13 33
0 12 75
37 92 62
18 60 76
41 35 83
42 20 53
50 20 21
41 13 22
60 57 90
44 80 11
0 13 84
49 90 64
0 80 98
38 68 47
57 43 65
21 92 65
71 88 22
18 94 17
24 90 52
49 13 11
24 80 98
42 34 14
33 13 22
0 93 75
86 86 76
1 28 43
49 39 64
86 86 86
44 25 84
28 92 65
82 97 88
8 95 59
2 93 75
16 63 79
38 99 13
11 58 46
41 35 30
61 0 37
86 13 50
33 43 76
58 92 24
41 13 30
83 35 30
11 95 34
50 2 21
86 28 43
9 97 98
0 63 98
23 20 69
33 41 86
1 13 48
39 28 48
37 57 62
97 95 34
2 12 20
16 2 88
22 16 47
58 32 24
1 13 50
72 63 79
18 2 79
61 33 37
16 63 17
57 43 76
