1 72 1
91 31 11
80 39 18
45 94 72
55 19 84
3 85 98
13 90 64
23 3 93
3 22 98
53 72 82
25 92 63
47 94 38
94 43 52
7 11 37
14 9 72
45 0 93
42 99 82
55 76 84
45 9 72
41 73 98
23 10 96
45 9 69
0 61 44
46 34 80
53 25 11
47 43 1
80 90 6
97 19 23
17 17 57
3 31 11
91 90 56
0 77 44
91 73 34
42 99 13
83 5 6
23 10 65
91 25 98
38 42 0
73 34 74
82 64 1
21 90 34
80 94 57
3 25 98
2 70 18
82 52 80
41 73 59
5 0 65
3 85 59
16 76 93
1 94 58
53 11 41
41 22 59
80 39 21
80 9 69
40 0 96
21 13 61
97 42 37
3 75 93
17 73 69
94 72 52
16 70 28
47 43 38
9 14 82
13 71 7
17 9 72
73 52 66
97 39 6
82 34 44
97 85 34
16 5 18
41 85 59
38 13 61
46 31 34
5 94 1
80 19 70
2 70 84
40 3 65
47 43 58
13 61 66
3 85 11
80 36 83
9 11 37
7 14 55
80 52 6
42 61 37
41 39 21
82 61 80
5 72 38
23 3 94
47 43 75
82 61 44
42 14 82
2 5 28
3 86 93
82 94 52
91 19 6
28 72 13
45 73 83
73 61 66
14 17 28
7 99 82
71 5 18
13 71 64
26 94 57
28 61 37
91 19 7
46 85 59
9 99 13
45 9 57
26 17 72
55 76 50
40 10 47
46 8 44
94 64 75
82 72 38
42 72 13
97 5 21
80 39 63
45 86 93
83 19 21
83 24 6
71 87 50
45 94 83
46 34 46
53 25 98
26 36 83
5 75 47
46 8 80
71 76 18
23 86 65
61 38 56
3 73 98
38 45 0
46 77 44
61 71 56
3 22 34
42 71 6
41 92 18
82 94 38
82 64 75
45 3 65
61 19 70
55 70 50
82 76 38
3 3 93
82 77 74
23 86 93
73 8 46
27 76 84
25 19 18
1 64 38
53 99 37
23 75 93
0 85 34
3 22 59
61 52 56
40 75 94
41 22 34
27 5 84
14 73 72
45 73 69
97 24 63
41 19 21
97 92 18
91 71 56
41 92 63
21 85 0
23 0 47
46 77 66
14 17 57
82 64 58
46 73 98
53 72 55
14 36 83
91 31 98
45 36 69
83 39 23
55 87 50
83 19 6
45 0 47
53 72 41
80 36 69
38 42 37
26 73 72
28 99 82
5 64 58
41 19 23
91 71 7
41 19 63
97 39 21
25 39 6
91 31 34
0 61 46
0 34 46
82 77 66
3 86 47
21 90 67
42 90 7
41 13 67
46 25 98
45 73 57
26 94 72
14 94 69
5 76 75
2 19 18
14 73 28
9 14 13
5 86 96
26 36 72
91 31 85
46 34 66
41 31 59
82 34 46
47 94 1
41 13 61
2 5 18
1 76 58
13 52 80
61 90 6
2 76 93
80 5 18
45 17 28
28 72 82
80 19 21
45 10 47
53 11 13
41 85 11
47 72 75
53 14 55
41 19 18
41 5 6
27 19 93
97 5 23
27 70 28
42 19 70
5 94 38
14 36 28
42 19 56
91 73 85
26 94 83
46 34 44
42 90 56
27 70 50
1 43 1
80 52 56
91 22 59
13 90 56
0 45 0
5 10 65
41 25 59
2 87 84
42 99 41
47 76 75
26 36 28
21 90 61
80 5 21
45 10 93
5 94 52
97 24 18
91 31 59
46 31 59
47 72 58
61 71 64
2 19 93
46 52 74
45 75 93
27 70 18
17 9 28
46 52 80
9 14 41
53 22 11
5 43 75
21 13 34
53 14 37
28 11 13
47 64 58
71 87 93
5 75 93
28 11 41
23 10 47
0 13 34
5 10 93
17 17 72
53 25 85
41 25 11
55 87 93
53 73 59
3 31 59
27 19 84
3 73 34
82 43 75
13 8 44
80 52 7
97 19 63
13 52 46
47 76 38
0 85 67
41 31 98
83 24 18
45 36 57
80 17 57
5 43 38
47 76 1
41 73 34
21 13 37
42 90 6
42 99 37
80 19 63
13 8 74
27 76 93
61 90 56
42 19 7
13 19 6
41 5 63
82 72 1
5 94 58
40 86 47
41 90 67
16 70 18
3 86 65
1 76 75
94 43 1
16 87 84
80 19 64
46 31 11
26 73 83
16 87 18
13 34 46
45 10 96
94 72 38
82 94 1
40 0 65
13 71 56
61 19 7
80 19 23
21 42 37
80 38 64
91 52 70
0 13 67
27 87 93
83 19 18
55 87 84
25 24 63
42 71 64
91 52 6
17 73 83
28 99 55
46 52 66
45 94 57
17 36 69
2 70 50
16 76 84
38 42 61
14 94 57
26 94 28
5 3 94
55 19 28
3 0 93
38 45 67
94 94 58
83 5 63
5 43 58
91 85 34
82 34 80
27 87 18
80 9 28
0 77 66
40 0 94
25 24 23
14 94 72
40 75 93
94 43 58
45 86 65
61 19 56
97 5 63
73 61 46
38 45 34
61 90 7
23 0 93
46 85 34
13 52 6
21 45 0
82 77 46
42 11 41
3 31 34
38 13 37
91 73 98
40 10 96
13 38 6
25 24 6
27 70 93
94 72 58
53 72 13
41 42 61
5 72 52
40 75 47
21 13 0
0 77 46
7 61 82
40 3 94
0 34 74
14 94 28
45 10 94
23 86 94
91 85 59
45 36 83
45 86 47
5 86 94
9 11 41
0 42 37
94 72 75
91 19 56
71 76 50
41 13 34
13 19 70
25 39 63
80 5 6
40 0 93
83 24 21
13 34 74
41 22 98
46 22 11
97 19 21
25 19 23
21 42 67
5 76 58
80 90 64
26 73 57
41 90 61
23 86 96
1 72 52
26 9 83
91 90 64
97 45 67
97 13 37
80 73 28
41 24 63
46 8 74
3 10 65
46 25 85
55 70 84
28 61 13
0 8 80
13 38 64
41 24 23
13 77 66
94 94 52
41 42 0
28 14 13
73 61 44
45 94 28
16 5 93
3 75 47
61 71 70
13 34 80
41 24 6
53 14 13
27 5 28
94 76 1
0 85 37
23 3 65
80 38 7
23 75 47
91 85 11
13 52 7
25 19 21
53 31 85
91 25 34
97 42 34
45 17 57
1 64 75
0 13 37
55 70 28
53 31 59
94 64 38
23 75 96
45 3 47
47 64 1
71 19 18
7 61 13
3 25 11
55 87 28
16 76 18
26 9 28
38 85 37
0 45 37
3 31 98
28 99 41
0 34 44
82 61 46
3 85 85
3 3 94
83 24 63
27 5 50
0 45 67
25 5 63
73 61 74
80 71 7
38 13 0
38 42 67
38 42 34
5 75 94
80 9 72
0 85 61
13 52 70
41 45 0
3 10 47
28 14 82
7 72 13
53 31 98
42 11 13
3 0 96
16 5 28
2 87 28
1 43 52
21 42 61
80 90 56
80 24 23
5 3 96
46 77 46
82 43 58
25 92 18
38 85 34
41 45 67
82 8 46
16 70 84
45 75 47
61 71 7
97 19 6
5 72 1
80 9 57
38 90 0
13 77 46
26 36 69
73 8 74
41 39 6
23 75 65
46 31 85
97 13 34
45 36 72
41 85 61
55 19 18
21 90 0
53 31 11
9 11 55
5 43 1
16 19 18
26 17 28
0 90 0
28 61 55
71 70 84
21 42 0
73 8 44
23 0 65
3 75 96
41 5 18
83 39 18
42 14 55
13 52 66
55 70 18
97 39 18
97 85 0
45 73 72
1 94 52
7 72 82
97 24 6
41 90 34
73 8 80
45 17 83
53 14 41
41 73 11
55 5 28
41 92 21
97 45 34
71 87 28
80 94 28
9 14 37
1 76 52
47 94 52
61 52 70
7 14 13
97 85 67
82 43 1
9 72 13
9 99 41
80 17 72
53 11 82
7 72 55
17 36 83
53 25 34
26 17 57
73 52 46
21 85 34
5 10 96
46 73 11
27 5 18
7 61 55
97 42 61
42 11 37
14 36 57
94 76 38
46 25 11
94 43 38
82 64 38
97 90 67
46 73 34
45 75 65
94 64 52
83 5 23
91 71 70
80 92 23
46 61 46
41 13 0
91 71 64
97 92 63
28 72 41
97 92 21
71 87 18
21 85 61
42 71 70
53 85 34
9 99 37
41 90 0
82 76 75
23 0 94
80 38 6
41 31 11
7 99 55
1 72 38
80 71 56
27 76 28
7 99 13
25 24 18
13 71 70
0 52 74
5 0 93
83 19 23
40 10 93
91 38 56
5 64 1
13 77 80
25 5 21
17 94 83
17 17 83
42 38 70
13 90 6
80 92 63
97 85 37
55 76 18
9 14 55
16 5 50
7 11 55
53 85 59
38 13 34
1 64 52
0 8 44
27 76 50
2 87 93
42 72 55
16 70 93
0 52 66
61 38 6
3 25 34
5 3 47
0 8 46
82 72 52
53 61 82
5 72 75
53 72 37
80 5 23
23 10 94
42 38 6
83 39 21
5 0 47
45 75 96
47 94 58
71 5 50
0 61 80
1 72 58
41 25 34
80 73 72
28 72 37
16 70 50
0 90 34
97 24 23
61 38 7
26 9 69
28 14 37
55 76 93
71 5 28
25 92 21
42 71 56
80 5 63
47 64 38
73 34 44
5 86 47
2 87 50
91 90 6
2 5 93
45 3 96
82 43 38
82 52 66
25 5 6
17 73 57
82 34 66
7 14 41
3 75 65
41 25 98
80 19 56
13 34 66
5 86 65
73 34 66
97 42 0
21 90 37
80 24 63
14 9 69
42 38 7
91 22 34
25 39 21
53 22 98
94 64 58
53 11 37
41 22 11
21 45 34
3 22 11
45 3 94
5 72 58
42 52 56
97 45 37
71 19 84
5 0 94
55 19 50
45 73 28
40 86 93
71 5 84
27 87 28
97 13 0
91 38 7
40 0 47
42 52 64
3 73 59
80 94 83
14 9 28
26 9 57
73 77 46
41 5 21
42 19 64
2 76 28
73 77 66
71 76 28
38 85 0
41 39 63
82 34 74
42 52 70
71 70 93
25 39 23
80 90 70
46 22 98
91 85 85
47 64 75
47 76 52
13 61 74
0 90 37
5 0 96
42 90 70
25 92 6
42 90 64
13 8 66
3 85 34
80 19 6
0 8 66
61 52 6
41 31 34
97 90 34
53 99 41
21 13 67
45 9 83
5 3 65
47 94 75
46 52 44
13 19 64
82 61 66
53 31 34
94 94 38
28 14 41
1 43 58
3 3 65
91 38 6
61 90 70
28 11 37
53 22 59
0 61 74
23 0 96
41 85 67
41 19 6
97 45 0
94 64 1
3 0 47
55 5 18
9 11 13
3 25 85
5 76 38
9 72 37
14 9 57
80 92 18
97 90 37
82 77 44
27 19 50
21 85 67
80 71 6
80 19 18
71 70 28
91 90 7
25 5 23
82 52 46
16 19 93
80 52 70
38 90 37
42 61 55
14 17 69
80 36 57
13 77 44
80 71 70
80 38 70
42 14 41
38 45 61
16 19 50
91 85 98
1 43 75
27 70 84
53 22 85
91 25 85
13 38 70
80 24 18
46 31 98
71 76 84
13 90 70
9 72 41
97 92 23
73 34 46
0 77 80
25 19 6
2 76 18
46 77 74
46 22 59
41 39 18
53 61 13
83 92 18
14 9 83
1 94 1
94 94 1
46 73 59
41 45 34
13 61 46
82 8 80
82 8 44
42 72 82
9 61 37
9 61 13
91 22 98
53 85 98
41 45 37
46 61 74
82 52 74
1 76 38
71 76 93
80 19 7
0 85 0
7 99 41
73 61 80
83 24 23
2 76 50
73 52 74
0 77 74
2 19 50
9 72 55
94 94 75
94 43 75
42 71 7
1 94 38
17 36 28
41 92 23
1 64 58
0 52 80
82 76 58
0 34 80
91 19 70
53 99 55
5 76 52
82 64 52
91 71 6
0 61 66
80 36 28
5 75 96
2 70 93
13 52 44
97 13 61
41 73 85
2 76 84
73 77 44
45 75 94
97 42 67
61 19 6
23 75 94
41 92 6
42 14 37
46 77 80
17 36 57
42 61 13
9 61 82
25 19 63
3 86 96
27 19 18
91 25 59
0 52 46
91 22 85
16 87 50
61 38 64
91 52 56
82 8 66
21 45 37
3 86 94
53 11 55
41 13 37
91 38 70
80 36 72
0 45 61
97 90 0
80 38 56
42 61 82
1 94 75
17 94 69
71 19 93
46 22 85
46 85 85
97 13 67
80 17 83
40 75 96
27 19 28
91 52 7
80 94 69
7 14 37
94 76 52
46 8 66
45 86 94
28 99 13
13 77 74
0 42 67
53 25 59
91 73 59
1 76 1
7 11 13
45 0 65
41 85 34
5 86 93
71 70 18
13 8 80
82 8 74
5 75 65
5 64 38
82 61 74
82 76 52
46 22 34
94 76 75
82 94 58
28 61 82
97 92 6
83 92 21
46 25 34
21 85 37
71 19 28
26 17 83
5 29 0
41 45 61
5 64 52
23 3 47
53 73 98
13 90 7
83 19 63
73 52 80
97 90 61
82 72 58
80 90 7
13 8 46
27 76 18
80 39 23
47 76 58
53 73 85
25 39 18
41 39 23
13 52 64
3 0 94
45 94 69
47 72 38
13 19 56
40 86 65
82 72 75
38 45 37
40 3 96
0 8 74
