97 19 18
57 55 44
27 76 28
47 43 38
62 77 37
94 72 38
17 36 83
23 75 93
79 18 65
44 46 74
89 80 12
42 11 41
90 99 42
91 30 56
17 36 28
34 43 56
15 81 61
62 3 1
64 62 76
90 7 55
45 17 69
39 86 59
17 57 90
73 34 44
21 47 5
17 97 83
22 16 85
12 10 56
41 24 21
5 6 7
60 0 73
46 43 54
98 51 3
69 19 38
96 36 22
34 6 21
90 93 27
72 0 24
26 17 69
59 8 82
44 5 58
82 13 67
16 78 94
65 88 65
26 68 21
62 23 61
63 82 44
53 58 96
12 20 32
53 22 59
41 24 23
0 14 91
29 71 68
99 18 70
59 99 18
75 88 82
83 39 23
78 62 35
65 86 18
95 38 72
49 87 15
17 43 97
3 25 34
45 65 53
37 32 93
87 44 86
38 35 67
72 33 32
98 39 29
83 92 63
32 77 85
53 91 8
28 47 92
97 75 78
40 86 93
2 15 91
20 21 25
74 36 54
48 66 86
14 21 98
6 35 18
34 10 9
43 27 94
93 68 70
22 50 8
0 8 44
46 85 98
16 64 91
40 87 56
30 72 40
5 3 96
25 84 9
74 7 12
80 35 68
81 16 31
33 49 0
0 34 44
7 40 47
75 0 32
35 38 26
1 76 1
69 39 50
15 15 2
56 87 44
95 78 92
97 12 30
13 32 24
20 26 69
85 33 88
0 71 90
99 26 6
42 99 41
32 83 47
9 46 8
2 66 18
22 35 88
42 11 82
89 43 88
51 95 9
50 97 46
53 58 86
23 99 34
31 15 63
57 39 58
66 54 74
12 52 84
86 16 99
5 16 96
24 17 92
50 47 36
76 33 56
97 19 43
52 37 99
58 38 74
1 43 52
16 79 45
13 52 56
27 7 67
52 57 45
2 19 28
67 87 44
78 29 40
84 60 66
10 72 98
85 52 72
9 70 89
76 41 72
41 90 61
95 66 27
59 37 91
72 32 92
14 58 58
12 23 73
21 45 67
23 44 5
87 12 32
10 6 89
25 68 91
49 54 64
39 60 50
81 10 24
45 7 99
36 13 11
27 87 49
32 52 98
55 67 3
35 16 71
66 73 79
10 87 42
84 23 58
62 26 81
22 47 21
62 59 38
60 68 24
74 92 24
72 21 88
34 1 93
55 73 56
71 8 15
91 87 39
30 28 43
91 56 92
3 88 79
31 29 38
65 80 45
90 31 85
88 33 28
2 55 27
30 33 77
42 0 82
33 57 19
42 38 56
25 45 95
80 9 83
55 67 57
6 84 78
82 55 85
0 85 0
50 23 34
74 43 6
91 18 88
54 27 73
8 27 11
41 42 34
28 75 72
67 92 36
91 23 22
34 53 78
7 11 54
30 56 14
78 33 86
6 12 71
41 56 39
58 5 23
60 16 33
75 97 41
45 94 28
39 69 77
73 77 74
67 13 88
32 42 65
28 97 32
68 65 26
79 93 51
40 39 1
87 67 44
16 90 70
18 29 51
41 82 43
27 23 89
25 58 32
15 78 79
21 13 23
73 5 66
75 69 46
19 42 76
73 52 44
56 38 27
86 99 88
42 90 99
8 40 36
31 10 6
92 47 49
91 94 35
26 32 89
18 1 79
61 90 56
60 31 38
21 52 34
80 25 69
42 52 7
56 19 26
78 28 30
53 62 63
81 40 75
70 61 97
16 35 61
14 67 16
72 33 25
76 33 25
82 43 1
98 72 44
1 65 41
56 30 68
16 23 91
98 77 72
23 96 84
28 92 17
51 27 38
51 90 61
3 73 85
35 52 17
56 83 31
62 76 91
65 23 92
2 70 84
82 15 13
53 70 88
26 83 6
8 43 37
79 88 12
60 7 67
69 1 85
0 28 28
77 68 22
82 88 66
40 97 93
26 82 80
11 63 57
31 72 59
41 33 34
76 94 32
62 31 88
7 96 43
14 68 7
55 87 18
72 28 6
22 5 70
43 59 33
18 70 5
68 57 29
62 47 56
6 76 93
72 43 99
83 42 28
45 81 18
1 27 61
28 1 5
96 66 79
88 87 16
58 81 13
6 74 8
61 75 10
1 97 98
91 71 6
30 97 40
33 17 35
46 78 65
7 94 90
11 91 70
13 79 43
64 44 0
51 98 26
97 7 60
67 2 91
12 28 46
66 59 27
42 71 34
4 85 56
33 79 72
12 98 44
36 86 63
1 33 84
24 54 54
30 62 83
62 92 59
2 74 61
43 47 94
76 83 9
81 40 74
41 31 98
64 57 52
79 82 83
26 17 65
19 21 98
45 46 84
73 72 13
92 78 59
73 8 44
98 72 38
76 93 13
73 27 25
81 7 13
57 35 37
74 65 64
50 63 56
32 76 97
70 7 78
91 48 31
70 18 11
37 77 59
84 36 16
87 37 45
39 54 95
34 41 24
99 32 24
38 65 40
44 68 36
95 92 3
62 25 54
66 0 86
67 90 53
31 80 63
29 23 95
2 63 28
7 39 40
72 73 47
28 84 94
83 39 6
11 90 45
76 6 40
55 79 6
18 39 56
13 49 68
86 64 88
42 95 11
73 4 27
42 97 92
74 57 79
68 21 6
72 2 94
16 18 60
60 99 66
30 49 95
2 57 8
27 56 38
45 71 45
40 49 18
27 20 46
16 70 93
24 55 49
27 17 52
88 49 94
34 3 22
25 19 6
19 9 3
67 12 29
9 76 76
67 7 7
31 89 42
15 85 96
6 61 35
79 38 2
45 99 29
10 33 48
63 9 21
17 99 53
90 18 64
67 41 76
62 74 18
44 90 58
21 42 0
19 26 56
53 28 46
1 20 62
4 14 83
32 6 54
44 86 83
99 41 18
46 18 5
0 45 61
95 24 53
83 17 0
11 53 48
88 93 62
37 29 35
38 14 82
1 45 46
24 28 38
41 43 64
38 98 35
7 66 17
84 26 78
33 4 49
60 1 21
59 87 34
7 99 13
84 63 53
20 31 36
15 70 44
18 85 26
56 67 60
92 47 57
99 47 24
64 53 81
1 29 67
28 92 21
28 88 44
20 95 16
82 80 78
25 19 63
23 3 93
17 45 48
82 64 52
82 10 43
81 78 34
65 38 40
57 7 36
79 67 44
91 25 34
74 68 93
56 67 59
63 38 84
87 91 10
65 4 45
10 80 68
54 11 52
95 51 54
38 1 82
70 23 1
32 15 5
17 71 15
96 71 63
18 89 58
88 19 69
88 23 43
37 3 53
73 59 32
7 78 88
30 43 97
29 53 66
47 22 21
55 30 40
80 24 63
81 76 84
1 64 38
58 9 50
20 86 63
27 87 93
68 39 34
94 69 43
10 27 60
10 42 32
34 22 74
69 61 50
38 63 9
32 6 46
4 75 15
77 86 10
83 31 94
68 76 32
19 42 16
84 11 74
79 37 19
60 45 56
63 53 69
8 91 10
77 34 28
31 41 64
73 9 38
98 43 46
6 98 11
65 79 19
21 42 61
23 9 14
49 89 25
45 65 48
9 11 66
96 98 21
79 43 67
67 96 22
45 2 45
23 32 46
56 53 63
38 43 62
63 18 2
62 89 30
17 66 15
44 3 0
89 97 20
9 64 20
56 96 31
83 43 3
88 17 30
67 7 17
32 84 86
99 27 98
84 41 59
63 8 79
52 98 68
48 19 45
48 9 87
52 79 44
18 21 3
73 2 95
86 31 71
7 4 77
81 66 25
16 61 93
9 68 67
25 83 10
27 57 84
69 21 48
65 75 61
54 48 34
44 56 62
13 61 66
45 98 71
41 98 67
9 15 71
39 49 54
75 10 93
84 9 26
53 11 82
86 89 65
66 58 11
18 34 76
47 28 1
64 98 77
81 70 95
24 16 53
70 34 13
86 15 32
78 95 67
20 20 58
43 95 87
6 22 55
14 72 1
76 58 23
61 21 91
47 47 12
63 9 1
16 87 93
20 52 85
86 51 13
28 38 60
77 72 42
92 68 62
14 77 67
23 75 47
28 40 56
32 9 25
69 70 53
97 90 61
91 5 71
48 63 60
55 4 97
80 27 15
38 32 57
32 88 57
52 68 8
69 80 48
51 36 45
98 6 98
79 33 98
93 79 13
57 64 61
48 80 23
95 78 35
69 9 78
1 95 75
92 50 85
59 11 24
1 33 71
70 60 40
18 54 7
90 63 20
93 64 87
21 14 25
44 77 0
61 29 84
12 47 64
88 13 6
85 51 68
15 33 32
68 96 36
46 22 11
56 83 36
46 73 32
35 88 72
28 1 65
80 70 8
7 82 51
96 59 41
34 68 98
41 55 48
37 41 18
55 81 87
14 3 6
22 30 2
14 20 81
35 86 33
94 34 71
19 84 21
15 35 10
95 13 78
19 36 57
92 34 62
2 23 7
5 23 48
83 19 6
30 5 23
43 49 17
60 64 74
28 26 54
65 85 62
78 35 58
35 85 20
80 36 41
76 75 5
11 85 84
23 49 31
55 22 39
79 49 26
55 34 5
38 49 69
55 70 28
33 97 99
9 28 72
94 76 29
31 14 37
88 39 57
26 73 10
30 43 90
72 24 35
23 30 52
50 48 56
30 1 60
64 86 55
72 28 35
4 35 46
90 53 17
30 77 82
61 84 10
6 2 33
33 37 7
28 20 13
14 23 3
73 78 12
82 89 44
28 17 83
74 61 10
22 34 87
89 5 70
98 64 50
20 10 71
64 44 70
3 75 96
55 85 10
90 30 81
31 81 11
80 5 6
52 31 6
81 45 98
71 72 12
96 47 84
12 78 25
99 61 9
31 41 0
70 86 99
96 57 36
22 49 96
37 52 97
5 66 97
40 11 32
41 25 11
43 2 14
45 51 65
2 44 9
57 61 31
45 95 53
50 20 59
78 50 79
88 48 92
25 39 38
48 82 93
63 76 14
82 15 46
59 81 71
87 95 10
64 34 3
37 56 23
97 72 48
42 71 56
70 78 75
23 84 60
49 91 14
63 1 73
37 59 97
12 53 63
9 9 25
99 87 7
29 2 63
32 20 6
28 80 5
14 49 96
17 73 83
22 58 73
35 38 59
11 17 40
37 60 4
23 68 29
19 9 41
5 72 58
0 8 74
22 94 6
69 77 92
54 37 19
48 97 57
65 74 47
99 34 12
80 42 56
5 10 31
19 68 59
44 64 34
78 85 98
73 24 6
27 14 30
18 39 14
86 4 38
99 50 63
33 88 51
28 10 65
60 39 53
87 9 17
89 14 44
43 11 90
82 46 50
45 99 67
54 68 82
48 77 9
42 97 73
45 88 22
28 84 20
62 70 31
58 67 5
92 70 81
1 79 2
28 38 66
80 10 72
84 78 7
24 47 86
4 27 47
48 9 89
8 14 82
34 34 23
94 91 5
55 33 16
7 1 93
65 95 42
71 72 59
6 88 91
62 26 28
75 4 33
28 63 17
63 89 72
56 5 2
88 91 44
52 43 29
12 2 77
97 42 37
88 91 70
20 63 3
77 47 70
64 4 11
96 38 2
92 50 14
50 45 71
53 51 14
33 54 45
55 77 56
26 26 44
64 66 22
84 4 20
85 32 59
54 72 77
35 36 13
42 6 59
0 26 91
89 12 26
66 38 60
57 14 94
39 75 68
49 77 15
51 83 98
78 3 62
99 3 12
46 4 98
40 3 94
60 33 30
14 28 49
43 9 43
63 83 62
81 48 59
76 23 82
95 96 22
28 95 70
38 42 34
2 89 73
15 77 60
70 50 14
18 79 61
27 82 47
23 34 38
43 47 11
81 12 72
56 0 26
5 0 24
46 85 34
46 81 76
32 55 77
40 38 9
11 27 26
64 63 1
74 73 42
39 66 73
62 51 24
4 66 47
94 61 36
15 41 69
30 64 71
10 18 84
56 72 97
52 19 7
66 87 4
65 51 76
80 48 87
23 81 20
96 39 22
5 99 6
44 97 73
25 23 73
95 28 17
62 64 63
90 46 41
37 64 57
86 33 61
99 27 96
73 11 36
7 90 11
80 70 11
32 73 37
74 32 30
4 76 6
16 8 40
48 68 40
99 45 60
81 50 71
71 2 69
33 23 94
21 52 86
6 39 69
3 85 73
81 93 31
71 56 83
78 1 49
38 20 40
42 30 41
44 91 14
36 51 62
36 91 82
5 46 94
91 41 87
44 61 1
75 33 13
80 19 6
43 39 23
21 85 95
34 74 87
0 73 28
3 48 91
42 61 45
77 8 17
36 59 27
33 1 86
24 74 23
54 95 5
11 25 25
54 62 89
61 52 64
25 63 56
91 2 61
30 14 44
77 49 67
94 82 57
38 90 61
74 48 76
8 71 27
60 53 30
48 19 87
93 1 15
64 10 15
76 8 60
20 87 54
72 51 38
83 92 65
75 47 82
53 51 79
93 38 26
8 34 96
37 31 20
20 75 18
43 2 9
70 62 45
82 36 38
23 73 23
25 26 45
63 67 71
26 42 21
7 52 45
7 45 29
39 63 93
52 91 81
6 10 22
78 33 16
27 66 85
59 55 0
45 57 82
62 56 48
2 5 93
62 22 31
90 83 58
8 45 17
34 55 57
36 44 58
4 11 87
72 99 59
45 75 47
38 16 80
53 31 85
98 8 6
25 29 19
51 44 98
76 0 76
79 86 67
14 84 10
6 23 34
47 14 31
44 88 67
63 15 49
