31 63 37
72 0 88
2 79 21
79 19 5
2 97 80
31 2 88
0 39 64
18 63 79
58 57 62
28 13 33
60 92 24
28 72 61
49 25 92
9 93 80
44 13 11
71 80 22
42 0 69
57 95 5
83 74 86
23 0 21
63 28 50
44 25 64
71 41 65
24 12 98
2 20 21
24 80 20
83 74 30
27 80 64
23 20 69
82 97 20
86 95 76
0 12 75
2 80 88
11 60 34
33 44 86
28 86 65
50 2 21
83 35 30
0 63 80
22 68 86
41 68 47
9 80 20
49 39 64
61 0 79
33 44 65
18 0 88
0 12 98
0 80 64
23 34 69
37 92 39
1 28 50
22 99 86
2 97 88
83 99 47
41 16 30
28 79 24
49 80 64
9 97 98
37 57 65
42 34 53
9 80 98
63 93 10
11 60 76
4 13 30
38 74 47
33 86 34
31 63 17
4 2 44
37 57 62
33 41 65
57 43 72
33 18 33
2 20 53
72 33 45
9 63 88
44 90 52
24 39 84
8 74 5
60 92 62
33 80 61
6 16 86
97 43 65
8 95 46
42 79 14
41 68 13
41 68 83
22 99 30
16 0 79
63 93 50
31 94 45
72 63 45
4 18 61
24 25 64
41 80 22
60 86 90
58 57 39
97 44 34
4 34 44
27 80 11
24 93 98
71 13 33
86 43 72
83 68 13
6 16 13
60 79 90
71 80 30
79 74 5
38 99 13
28 18 33
82 97 98
4 20 53
28 92 39
41 16 13
21 92 65
24 63 88
4 0 21
9 80 75
41 88 33
58 79 24
22 16 86
24 63 20
72 33 37
50 0 14
28 32 39
2 20 69
23 2 69
83 99 86
28 92 65
8 95 34
58 86 24
61 94 88
71 43 72
2 97 75
42 34 14
44 25 52
0 93 98
33 86 86
83 35 47
57 58 59
9 93 20
83 99 30
4 72 61
1 36 50
24 93 88
82 97 88
42 20 21
9 12 98
33 18 22
11 74 76
79 60 46
50 2 14
2 12 75
71 72 33
37 86 90
4 18 22
0 97 20
42 0 53
22 99 83
24 90 11
49 13 52
50 79 69
11 74 59
44 13 64
63 28 48
38 74 30
11 58 5
18 94 79
41 18 30
24 90 64
9 80 88
49 90 84
50 0 21
86 95 34
42 79 53
4 0 53
41 88 22
42 79 44
50 79 14
23 79 21
2 79 14
6 35 13
21 79 90
27 13 52
97 43 86
41 72 61
50 34 44
38 35 83
71 88 22
97 41 65
57 19 46
28 36 10
61 0 37
86 44 76
1 93 10
28 88 33
72 2 88
41 18 34
60 32 65
79 60 34
31 63 45
0 80 92
57 86 72
57 41 34
4 80 22
22 99 13
27 25 84
24 97 98
71 41 34
4 20 69
63 15 48
16 94 37
27 90 84
37 79 39
28 80 30
2 0 44
2 2 53
4 0 14
38 16 30
41 16 83
24 80 98
11 19 76
57 41 72
33 80 22
38 68 83
21 92 90
0 97 98
86 36 50
0 13 52
57 58 5
44 90 84
71 18 22
33 88 34
71 18 61
49 25 84
16 0 7
58 86 39
71 18 33
21 32 39
63 13 43
82 63 80
82 80 88
22 68 30
24 13 92
61 0 45
28 88 34
24 80 80
24 80 88
33 86 72
18 58 59
16 33 45
42 79 21
38 74 83
28 72 30
18 94 45
33 80 33
22 16 83
8 60 5
58 32 65
41 80 30
82 93 20
24 13 52
82 80 75
28 28 50
31 2 79
4 88 34
50 79 53
49 90 11
22 74 83
27 39 11
72 63 17
27 90 64
42 2 44
86 86 86
9 97 88
44 13 84
41 35 13
28 32 65
18 19 34
79 58 34
1 28 10
21 86 24
33 13 22
31 94 79
18 19 59
79 19 76
37 57 90
82 63 20
71 44 86
28 79 62
61 0 88
41 72 33
2 2 44
0 12 80
71 80 33
44 90 64
31 0 45
28 13 50
60 57 39
24 39 52
27 39 64
38 35 13
71 41 76
86 13 36
71 7 79
2 80 20
58 92 62
61 2 17
11 74 46
22 74 86
39 28 36
72 33 17
44 90 11
33 95 86
49 25 11
18 19 76
86 28 43
86 95 72
42 0 14
60 57 65
24 39 92
71 88 30
86 28 48
86 93 50
71 95 72
82 80 80
28 13 48
28 13 61
0 63 98
6 74 86
27 13 92
97 86 65
86 43 65
72 94 79
71 72 30
42 79 69
28 57 65
57 95 59
49 25 52
28 28 43
49 39 52
11 19 59
72 0 17
2 20 44
0 13 92
23 20 21
18 33 37
58 32 39
28 15 43
28 15 48
6 74 47
71 44 34
79 74 59
6 35 47
11 95 5
23 20 53
97 95 86
41 68 86
97 41 86
60 32 90
31 63 88
4 13 61
71 80 34
57 43 86
72 94 88
33 43 34
86 15 36
6 68 83
38 68 86
50 79 44
1 13 48
71 13 22
44 39 52
18 33 88
42 0 44
50 2 53
18 0 45
41 88 34
57 58 46
24 12 80
28 36 36
37 79 62
37 92 24
1 15 36
28 18 34
63 93 36
0 39 11
28 93 43
6 99 30
0 39 52
28 86 90
37 57 24
86 41 72
97 44 76
28 93 36
33 72 33
2 79 53
4 80 61
2 97 98
1 36 36
60 32 24
4 88 61
18 58 34
86 86 76
0 63 88
14 26 61
27 39 52
61 33 17
1 93 50
50 20 14
16 33 17
50 2 44
28 88 30
71 43 34
39 28 50
18 33 45
18 33 79
23 0 14
44 39 11
38 68 30
2 63 98
23 2 14
63 36 50
97 41 72
18 94 17
28 13 43
4 79 69
33 13 34
22 16 47
8 19 34
24 63 98
42 2 14
50 34 69
86 43 34
43 18 34
82 80 20
57 44 34
16 63 37
31 2 37
18 60 34
2 0 53
70 42 67
12 41 24
86 93 10
0 63 20
49 39 92
28 13 30
31 0 88
33 13 33
1 15 48
1 28 43
4 79 14
82 93 80
23 0 69
6 99 86
4 18 33
33 86 65
28 36 50
82 12 75
61 2 37
16 94 79
21 57 39
24 13 84
8 58 46
18 74 76
41 18 61
1 28 36
44 25 92
72 2 17
4 34 69
83 74 47
57 86 34
4 34 21
8 58 34
57 95 86
39 36 43
57 44 65
49 13 64
24 90 92
16 2 37
33 43 86
24 90 52
83 35 83
21 79 65
27 13 84
27 25 64
28 93 10
41 18 33
24 97 20
4 0 44
71 86 34
62 17 83
11 58 59
71 95 86
6 16 83
41 35 47
42 2 53
28 13 10
57 74 5
22 68 13
49 90 52
57 58 76
38 35 86
97 86 86
28 93 48
6 99 47
8 61 25
33 88 22
58 79 65
69 4 32
24 25 11
22 68 83
4 88 30
4 2 14
0 97 80
49 39 84
7 25 3
28 86 24
0 25 52
42 34 44
11 95 59
58 92 90
28 13 22
83 99 13
8 60 76
33 95 76
28 15 36
72 0 37
22 74 13
54 79 8
71 95 34
24 80 92
2 0 69
86 13 10
28 32 90
1 36 10
41 18 22
97 44 72
44 80 52
48 77 77
50 1 59
24 12 88
6 74 83
31 33 79
37 79 90
2 63 20
83 16 86
16 94 17
61 63 17
0 90 52
41 74 13
16 33 37
33 72 34
39 15 36
86 28 50
33 80 30
60 57 90
2 12 98
24 39 64
18 74 34
1 15 50
57 43 76
82 80 98
0 13 64
58 57 65
1 36 48
0 93 20
63 13 50
6 99 83
22 16 13
60 79 39
39 36 36
82 12 88
18 94 88
31 94 17
18 63 88
1 13 36
28 80 61
60 92 39
2 93 80
28 15 50
36 70 77
38 99 47
41 74 86
33 44 34
39 15 10
23 2 53
4 94 39
4 72 34
0 25 84
21 32 62
4 72 33
90 39 34
85 68 84
21 86 65
2 79 69
2 12 88
8 74 46
1 13 50
28 36 48
76 23 47
6 68 13
58 79 62
42 2 21
37 79 24
32 76 83
82 63 88
0 80 20
31 33 88
63 13 36
2 20 14
63 15 50
84 3 41
86 41 65
27 25 52
37 86 24
23 0 44
97 44 86
82 93 88
35 98 30
98 4 17
38 68 13
39 36 10
76 72 70
63 36 36
4 13 34
86 93 43
0 93 75
31 0 79
27 25 11
27 90 92
4 2 21
50 20 21
16 2 79
0 90 84
66 25 88
41 13 34
79 19 34
1 13 43
2 79 44
76 14 41
49 13 84
34 48 36
79 58 59
31 94 37
60 79 62
38 16 83
33 88 30
23 34 53
63 36 10
72 33 79
83 74 13
9 12 20
24 39 11
4 13 3
80 29 72
62 64 8
41 35 30
57 60 46
22 35 30
73 94 46
42 20 44
8 19 5
44 80 11
0 25 11
82 97 75
86 13 48
86 86 65
71 86 86
16 0 17
41 99 83
0 80 84
44 80 92
8 58 86
2 0 14
19 96 73
49 39 11
59 30 45
44 39 92
18 63 37
2 93 88
72 2 37
11 58 46
86 44 86
61 94 37
46 80 95
31 63 79
84 73 91
57 95 76
41 74 47
71 86 76
67 62 51
27 80 84
64 89 11
63 93 48
60 32 62
86 15 48
49 80 84
21 86 62
0 97 88
18 2 79
28 86 62
2 2 14
58 86 65
33 88 33
0 90 11
23 79 53
57 11 36
37 32 65
2 93 98
22 31 74
63 59 9
71 43 65
71 0 92
71 89 94
18 19 5
33 41 86
41 74 30
44 34 53
87 73 11
37 86 62
86 93 36
61 33 79
0 39 84
58 32 90
44 49 56
4 88 22
43 11 9
33 95 65
72 39 48
77 82 94
5 69 64
28 23 33
8 41 66
57 86 76
24 13 11
33 17 59
83 16 83
33 41 34
71 13 30
52 17 86
23 79 14
2 12 20
90 0 99
86 41 34
6 37 59
84 25 78
12 17 29
86 15 10
39 93 43
96 74 14
33 13 30
6 76 29
61 2 45
55 35 78
38 99 83
2 73 2
57 74 59
4 80 34
97 95 72
6 74 30
2 80 80
57 41 65
92 20 32
87 50 61
71 86 65
11 19 46
22 35 86
52 4 14
72 72 74
80 48 38
22 74 47
35 62 75
38 16 13
79 74 34
8 60 46
24 97 80
87 68 75
88 86 82
11 60 59
90 97 72
94 95 2
8 19 76
28 80 22
11 10 20
60 90 1
39 13 10
33 28 52
13 46 83
71 44 72
28 92 62
0 80 98
91 92 22
57 44 76
12 53 12
97 95 65
4 20 21
14 95 50
42 20 14
71 5 73
24 35 33
36 92 58
16 2 88
58 86 62
43 69 46
16 2 17
4 80 30
71 88 33
74 50 10
13 99 41
16 63 45
21 79 24
48 32 58
31 4 11
86 62 73
41 26 15
41 35 86
60 86 65
42 34 69
16 0 37
18 28 20
16 11 68
22 40 81
25 88 49
72 94 37
58 57 90
27 39 84
24 80 84
39 92 4
24 93 75
41 80 34
43 89 36
12 52 62
83 27 21
0 93 88
8 95 76
0 80 11
54 92 53
45 7 18
63 8 14
35 56 78
2 62 6
86 15 43
76 87 1
73 67 83
63 30 52
27 23 90
13 45 48
45 77 72
28 79 65
22 84 91
31 0 37
58 32 62
92 85 56
50 20 44
2 2 21
83 16 30
50 34 53
9 63 80
67 58 63
9 12 80
44 81 25
63 99 87
18 60 59
4 8 44
65 45 55
28 28 48
29 53 12
22 35 13
4 31 73
33 43 76
4 13 22
52 54 23
20 53 37
28 79 39
71 72 34
57 97 84
6 68 86
84 22 16
6 16 47
74 63 93
20 62 22
85 76 51
52 68 87
32 5 99
71 28 17
1 93 43
57 60 76
11 95 46
76 96 21
4 72 30
90 19 29
75 85 43
79 51 41
85 17 62
57 19 34
23 63 72
19 88 55
28 57 90
45 24 93
1 28 48
9 12 46
25 12 50
69 5 92
39 15 43
58 92 24
28 36 43
4 88 33
27 19 83
85 62 94
71 41 86
79 95 5
61 94 79
33 18 61
72 0 79
57 60 5
96 89 33
30 33 15
63 13 10
97 41 73
44 25 84
37 92 90
18 63 17
4 18 30
18 82 15
73 67 82
99 38 26
57 33 17
31 74 2
38 99 30
39 28 10
68 90 18
77 19 64
88 44 83
2 63 80
71 9 45
74 5 51
39 26 4
82 15 38
86 26 12
15 86 31
33 72 22
51 86 1
44 91 99
63 13 48
44 69 51
76 85 76
11 57 22
96 3 47
13 98 79
90 96 45
87 59 66
47 5 75
56 18 81
35 96 29
42 30 9
31 56 64
57 95 72
87 96 41
28 72 34
12 34 58
2 63 88
83 68 86
11 18 85
55 86 89
77 83 8
63 71 71
34 95 19
40 95 22
16 94 88
44 15 94
88 93 65
22 70 15
49 25 64
2 31 92
63 58 42
71 72 22
86 44 72
85 64 36
71 95 65
1 13 10
44 25 11
60 22 4
27 13 11
89 11 87
18 0 79
18 28 81
56 51 7
5 23 94
53 59 80
0 78 16
23 15 50
11 29 24
79 19 46
68 81 90
52 95 33
23 4 85
12 24 84
86 43 86
41 48 25
87 11 54
