50 42 23
31 52 74
87 52 74
3 61 31
96 46 99
86 75 91
39 66 22
80 91 50
31 42 13
39 74 7
44 21 16
35 18 86
41 94 27
35 18 28
58 25 56
7 93 10
98 73 74
81 93 27
50 19 67
78 29 29
70 95 32
44 15 50
92 56 27
50 5 23
35 25 86
39 74 89
92 94 27
7 74 34
44 94 16
99 21 10
78 29 16
21 28 15
25 25 28
32 40 79
33 88 32
28 86 28
98 29 16
80 98 49
25 25 86
19 2 29
98 66 17
48 2 42
61 1 6
96 15 50
32 5 79
47 27 23
41 15 16
82 1 6
44 94 3
41 46 16
47 27 28
98 2 16
41 46 50
23 83 91
96 25 33
50 42 74
83 14 63
63 29 31
28 86 33
19 61 31
87 52 16
3 0 31
39 23 83
59 98 94
31 66 15
21 28 91
99 21 62
9 5 16
53 56 27
21 28 7
38 5 18
39 73 22
1 66 42
1 36 36
59 91 63
23 74 34
81 93 62
83 98 49
7 83 91
44 56 99
33 90 64
98 2 31
38 40 10
30 1 89
70 95 49
86 74 7
9 5 74
3 2 88
48 89 23
41 94 16
63 29 16
57 5 74
86 2 28
39 23 23
19 29 74
53 21 99
80 95 49
24 66 4
58 25 28
48 91 32
63 61 88
47 2 83
9 52 67
31 5 67
39 3 32
19 73 16
63 2 74
96 32 65
61 26 6
83 95 32
48 27 28
63 73 31
32 47 18
32 40 27
44 15 99
3 0 29
28 25 65
39 88 17
30 1 6
35 32 56
33 88 64
9 52 13
70 91 49
7 75 89
92 21 50
48 89 47
99 40 79
57 92 16
59 98 32
7 74 89
69 90 4
83 91 94
41 15 99
78 2 31
39 88 22
25 32 86
38 40 18
48 0 23
9 92 13
83 14 50
25 32 33
58 86 33
25 25 56
44 46 99
78 73 16
39 89 23
57 42 13
87 92 16
99 93 18
86 23 28
61 26 15
69 88 64
9 52 16
41 15 3
23 73 91
4 27 83
33 73 64
7 40 18
25 18 33
21 75 34
92 21 3
99 5 27
61 26 42
69 88 4
4 2 47
48 14 32
82 1 42
58 32 56
9 5 67
32 21 10
96 72 56
50 19 74
69 73 32
39 73 15
9 42 13
24 3 4
4 2 83
1 1 15
35 72 33
9 42 74
87 5 74
61 36 89
35 72 65
82 26 36
82 26 42
28 32 56
57 19 67
48 60 32
7 5 18
58 86 65
80 98 50
48 0 28
61 36 42
82 26 89
21 74 7
96 86 65
82 75 42
31 19 67
98 88 4
4 27 47
7 75 15
57 52 23
63 0 31
63 0 16
9 52 23
1 26 42
83 91 49
24 88 32
23 74 89
86 2 47
35 25 56
23 73 15
7 5 62
98 0 16
1 36 6
48 14 50
44 21 50
3 0 88
81 5 27
48 98 50
47 2 47
7 47 27
21 83 15
70 98 32
58 18 33
48 60 50
41 56 16
39 66 32
35 32 65
4 23 47
98 73 31
86 28 7
39 89 28
81 47 27
87 5 23
31 1 42
58 25 33
47 27 47
48 2 28
32 5 10
82 26 6
44 21 27
19 61 29
53 46 99
1 26 89
61 75 15
31 36 89
59 98 50
86 23 47
57 5 16
41 21 27
21 73 91
24 3 32
96 46 27
57 52 74
82 66 89
69 66 32
9 19 16
81 40 79
24 90 64
98 0 74
78 0 29
41 46 3
86 23 83
98 66 64
31 1 89
78 29 31
69 3 64
47 0 23
3 29 16
39 75 15
24 73 17
86 74 91
31 52 13
59 95 32
99 5 18
98 73 64
25 86 33
99 93 62
4 2 23
63 2 31
39 27 23
80 95 32
48 89 83
31 42 23
32 47 27
25 86 65
53 94 16
7 74 91
23 73 34
50 92 74
47 89 42
82 66 6
39 23 28
39 27 47
7 5 27
35 86 33
48 23 23
57 42 74
23 83 34
25 18 86
58 72 56
98 88 32
82 36 89
39 23 47
39 0 42
58 32 86
50 42 13
69 66 4
98 66 32
80 14 63
96 21 99
96 32 33
48 2 47
39 0 83
30 1 36
99 47 18
82 75 15
92 46 16
23 28 15
78 61 31
41 15 27
87 92 23
83 60 63
7 93 62
53 46 16
96 72 33
31 5 74
92 56 16
47 23 42
99 47 27
80 95 50
1 36 89
70 14 32
41 21 3
59 95 50
35 72 28
41 46 27
38 5 10
92 15 99
38 93 10
83 91 50
4 0 47
44 46 50
30 36 89
99 21 27
48 60 94
50 5 13
78 0 31
47 27 42
87 5 67
59 60 49
61 1 36
44 46 3
96 25 86
39 23 42
7 93 27
59 95 63
81 5 10
92 46 50
39 2 42
92 56 50
99 40 10
23 75 91
96 21 50
24 66 64
59 60 50
61 75 89
82 36 36
82 36 15
33 3 17
41 21 50
31 75 15
48 91 49
30 36 42
7 73 15
98 73 32
82 1 89
24 3 17
4 23 42
24 88 64
98 29 29
58 18 65
80 60 50
57 19 16
58 86 28
19 73 29
7 40 62
23 75 15
39 28 34
35 86 28
21 73 89
99 5 62
33 73 22
48 14 94
31 75 6
98 73 17
25 86 56
3 61 88
19 73 31
44 46 27
25 32 65
7 93 79
63 61 31
3 61 29
23 28 34
32 40 62
98 3 64
86 0 23
98 73 4
31 52 23
25 18 56
53 46 3
47 2 42
47 23 83
35 18 56
31 5 16
69 88 32
23 73 89
87 42 74
38 47 79
39 28 89
9 19 74
24 88 17
58 25 86
92 56 99
44 15 27
31 19 23
86 23 23
96 94 3
98 61 31
38 93 27
44 15 16
30 36 6
87 19 23
63 73 74
96 94 16
28 32 86
32 93 27
96 94 27
4 27 23
23 83 7
61 36 15
48 2 23
21 28 34
81 40 62
24 66 17
57 92 74
58 25 65
32 47 79
31 26 42
47 23 23
35 32 33
48 23 28
48 27 42
96 86 33
78 73 29
98 29 74
23 83 15
30 26 6
9 42 16
53 56 16
83 95 49
44 15 3
21 73 34
31 92 67
63 73 88
69 3 22
63 0 88
83 91 32
86 89 28
38 21 62
80 60 32
31 26 15
57 52 67
7 21 10
3 29 74
96 21 27
1 1 6
25 25 33
92 21 99
38 5 27
99 93 27
30 66 36
99 5 79
98 90 4
7 75 91
69 3 32
53 56 3
39 90 22
31 36 6
80 95 94
86 73 89
63 29 74
86 74 34
78 2 74
1 66 89
44 21 3
63 61 29
57 42 16
99 40 27
63 2 29
47 23 28
19 61 74
38 40 27
9 19 23
33 66 64
70 14 50
39 2 83
83 91 63
87 92 67
25 18 28
24 88 22
50 19 16
21 74 15
21 74 89
31 66 89
99 5 10
39 88 64
3 29 88
61 36 36
25 72 86
53 94 99
82 1 36
70 14 94
86 89 83
69 88 17
86 28 91
98 0 31
39 90 17
48 95 32
58 72 28
57 19 74
33 73 32
96 32 28
48 95 49
80 98 94
28 32 28
92 46 3
3 73 29
86 83 89
81 47 18
19 2 16
19 0 16
28 18 33
61 26 36
1 26 15
86 23 42
81 21 79
81 93 79
83 98 94
4 0 42
7 83 15
48 91 50
21 75 91
92 46 27
83 98 50
70 98 63
9 5 13
78 29 74
47 89 23
50 5 74
70 14 63
78 61 74
1 75 6
24 73 22
63 73 29
41 46 99
38 47 27
7 21 27
86 0 47
96 25 65
86 27 28
30 36 15
32 5 62
33 3 22
86 2 23
61 36 6
87 52 67
7 21 62
39 74 34
81 5 79
98 2 74
98 3 32
92 21 27
7 83 89
38 21 27
82 66 36
23 28 7
21 73 7
98 3 17
19 29 16
7 28 34
57 42 23
19 29 31
23 74 91
63 29 29
3 61 16
57 19 23
44 21 99
58 72 33
30 36 36
33 90 22
3 29 29
69 90 32
48 14 49
44 56 27
7 28 15
3 2 29
7 47 18
59 14 49
78 2 16
63 73 16
38 21 79
87 52 23
38 21 10
80 91 49
50 42 67
69 88 22
58 86 86
81 47 62
96 15 16
39 2 23
61 26 89
86 83 34
1 1 89
48 91 94
35 86 56
39 28 91
58 72 65
59 95 94
9 92 16
38 40 79
83 60 32
31 52 67
98 73 16
39 0 28
39 66 17
87 42 16
47 23 47
57 92 13
24 73 64
61 66 15
33 3 64
39 88 32
86 89 42
4 0 28
61 1 15
53 94 50
39 73 64
99 47 79
28 86 65
32 5 27
70 60 32
86 73 91
48 95 63
39 89 83
25 72 56
96 56 3
1 66 15
32 40 10
86 83 7
81 40 27
7 21 79
31 92 74
81 21 18
3 61 74
82 26 15
80 14 32
81 93 18
28 18 56
35 25 33
70 98 94
86 27 83
39 75 91
41 21 16
28 18 86
31 92 23
86 73 15
30 26 15
9 19 13
92 15 27
99 40 62
4 2 28
59 60 32
83 14 94
35 18 65
83 60 94
4 27 28
86 0 28
53 21 50
59 98 63
3 2 74
39 88 4
57 5 67
41 21 99
21 74 91
58 18 86
39 73 34
96 46 50
81 93 10
19 2 31
28 25 28
24 66 22
30 1 42
32 21 27
25 72 33
35 25 65
92 21 16
70 98 50
39 75 7
19 0 29
9 42 23
32 21 79
69 66 17
99 93 79
87 5 16
32 47 10
70 60 63
53 15 3
4 27 42
21 83 34
83 60 49
41 15 50
59 91 94
21 83 91
1 75 15
38 93 79
53 56 99
47 0 28
58 72 86
33 66 22
57 92 67
70 60 94
92 94 3
39 28 15
81 21 10
19 73 88
80 91 32
44 56 16
83 14 32
80 91 63
99 40 18
96 25 56
86 74 15
30 66 15
86 75 7
39 3 17
57 52 13
96 46 3
33 90 17
59 60 94
38 40 62
7 28 89
7 47 79
48 23 42
48 89 42
70 91 94
78 29 88
80 95 63
48 60 49
21 83 89
39 73 32
48 95 50
31 36 42
53 15 50
1 36 42
48 95 94
32 93 10
31 1 15
19 0 88
31 5 13
99 47 62
98 90 64
30 66 6
58 18 28
70 95 94
98 73 29
41 94 99
53 15 16
50 5 16
50 52 23
35 86 86
48 2 83
61 66 6
96 94 50
61 66 42
39 83 89
96 72 86
48 14 63
70 60 49
25 32 56
1 66 6
86 0 42
7 47 62
25 72 28
78 0 16
21 83 7
99 21 18
69 3 4
87 92 13
19 61 16
53 46 50
9 42 67
25 86 28
21 73 15
39 2 28
86 89 47
31 75 42
99 21 79
3 29 31
39 66 4
31 66 6
87 52 13
53 21 16
81 5 18
83 95 50
53 21 27
44 94 50
44 56 50
69 73 4
92 94 50
83 95 63
39 83 34
92 15 3
69 73 22
96 46 16
58 86 56
31 42 67
4 0 23
24 88 4
69 66 64
96 56 50
3 73 88
31 19 16
47 2 23
78 61 29
96 18 86
7 83 34
30 75 6
50 42 16
47 0 42
39 27 83
96 21 3
33 66 17
31 75 36
70 91 50
7 74 7
35 86 65
48 27 83
86 75 34
28 18 65
80 60 63
61 75 36
3 73 31
78 61 88
7 93 18
61 1 42
9 92 74
9 5 23
38 5 62
31 1 6
69 66 22
7 75 7
50 5 67
33 3 4
98 2 29
86 73 7
4 89 23
69 73 64
86 28 89
48 0 83
7 73 34
53 94 3
96 15 27
96 15 99
63 0 29
80 14 50
31 26 36
30 75 15
24 3 64
39 3 4
44 56 3
50 92 13
70 14 49
48 0 47
69 73 17
47 27 83
98 0 88
58 32 65
98 61 88
47 2 28
59 91 50
82 66 15
50 52 13
28 25 86
38 47 10
59 95 49
41 56 50
3 73 16
80 60 94
1 66 36
83 98 32
96 86 86
39 89 42
39 83 15
98 90 17
86 75 15
53 94 27
33 73 4
98 88 64
21 28 89
30 75 36
48 98 32
31 26 6
41 94 3
59 14 50
48 98 63
19 29 88
23 75 89
61 66 36
81 47 79
39 73 91
28 32 33
30 26 36
81 21 27
32 93 18
48 27 47
4 89 47
38 5 79
98 29 88
31 5 23
19 0 74
58 32 28
58 18 56
50 92 67
80 14 94
61 66 89
35 72 56
86 75 89
59 60 63
86 27 47
98 90 22
3 73 74
38 47 18
87 42 67
86 28 34
96 18 28
47 89 47
30 1 15
28 86 56
28 86 86
39 0 47
53 15 27
70 91 63
48 0 42
69 90 64
24 66 32
23 74 7
96 15 3
98 66 4
50 52 16
47 89 83
19 0 31
92 56 3
24 90 4
69 90 17
38 93 18
87 19 74
21 75 7
78 73 88
81 5 62
96 56 16
24 90 32
41 56 99
99 47 10
25 86 86
80 14 49
47 0 47
57 5 13
25 72 65
24 73 4
32 21 18
35 18 33
35 72 86
98 88 22
9 19 67
1 75 89
99 93 10
19 29 29
50 92 16
92 15 50
31 36 15
98 66 22
31 92 13
61 75 6
82 66 42
80 91 94
28 25 33
32 47 62
