63 0 29
38 93 18
21 73 91
31 26 89
98 73 17
44 94 3
57 19 23
35 18 65
30 26 15
4 2 28
3 2 16
92 21 27
31 1 89
23 74 89
98 73 16
59 60 32
81 93 62
61 36 15
33 88 22
82 1 6
31 75 42
78 73 29
80 95 32
24 3 17
19 29 74
70 91 63
78 61 16
24 66 17
53 94 99
31 19 16
57 42 13
87 19 67
39 27 42
69 88 4
57 42 74
78 2 88
25 32 28
53 56 3
33 90 17
57 5 16
98 73 4
7 40 79
53 56 99
7 28 7
31 5 74
7 83 15
87 5 74
86 73 89
86 74 89
83 91 32
4 0 47
48 23 47
19 73 16
63 73 31
39 3 17
44 46 27
38 93 62
21 74 34
83 60 50
7 73 91
69 90 22
39 0 47
9 42 67
69 3 64
24 88 64
53 46 50
4 23 47
3 29 74
86 28 34
59 91 50
35 32 65
96 72 28
7 21 10
19 29 29
50 19 74
81 93 18
21 28 34
39 0 28
25 72 86
69 66 32
63 29 31
53 15 27
33 66 32
3 29 29
99 93 79
44 21 3
48 23 83
50 92 74
80 14 63
19 29 88
63 61 31
78 61 88
57 92 13
92 94 16
1 36 89
83 14 32
19 2 88
70 95 94
61 75 15
48 2 23
4 23 83
83 98 50
86 74 34
96 94 99
48 95 32
99 40 62
78 61 31
33 88 64
35 25 86
31 42 13
9 42 23
48 14 63
70 91 32
1 36 6
48 89 28
30 26 36
80 60 63
53 94 27
24 90 17
83 98 49
96 25 56
48 27 47
86 27 23
33 90 64
87 19 23
21 28 15
99 47 18
30 75 6
69 88 32
80 98 63
96 94 3
3 73 31
98 29 29
9 19 16
96 72 65
19 0 29
39 73 17
59 14 50
59 95 50
3 73 88
61 36 89
28 72 33
32 21 10
82 75 89
28 86 65
83 95 32
38 93 27
86 73 7
50 92 16
33 73 22
86 89 47
96 56 50
80 60 49
59 60 63
86 73 34
39 2 23
7 5 18
99 5 79
69 88 64
78 0 88
7 47 79
31 36 36
70 95 50
98 73 32
98 73 31
28 86 86
31 5 16
80 98 32
50 42 74
80 14 94
39 73 15
92 94 27
25 86 28
59 95 94
61 26 89
82 36 6
99 5 18
50 52 67
7 21 27
63 61 88
9 19 74
39 27 28
99 21 79
41 21 50
99 5 27
7 83 34
35 86 86
35 86 56
48 98 94
25 25 86
92 46 27
50 42 23
39 23 47
59 60 94
32 47 62
96 86 33
44 21 99
19 73 88
57 92 67
39 89 23
63 73 16
99 5 62
23 73 91
98 0 88
39 74 89
21 75 91
21 74 15
47 0 42
81 21 18
3 0 31
9 92 16
92 46 16
96 15 3
3 2 74
32 21 62
1 66 89
87 92 74
78 2 16
9 52 74
83 14 94
58 32 33
70 98 49
87 42 74
98 3 17
96 32 65
32 40 18
48 91 63
78 2 74
50 42 13
81 5 62
39 28 34
48 27 42
39 73 4
39 0 23
69 90 32
80 91 94
53 46 99
28 18 86
4 89 42
23 28 34
78 73 31
3 61 29
82 36 42
53 56 27
21 73 15
47 27 23
7 73 15
63 0 74
35 25 56
9 52 16
59 60 49
96 18 86
9 42 74
9 52 67
81 93 27
33 66 64
80 91 49
1 26 89
39 89 47
23 28 15
80 95 63
81 93 10
83 98 94
35 72 33
19 61 74
25 18 56
35 25 28
1 75 36
23 28 7
39 83 15
30 66 42
80 91 63
78 0 16
96 21 3
63 29 88
25 86 33
39 74 34
58 25 65
70 95 63
23 74 34
86 73 15
57 5 74
81 40 10
92 56 27
92 15 99
63 0 16
82 26 89
7 75 91
86 2 28
33 3 32
47 2 47
98 61 88
83 98 32
50 5 67
35 32 28
92 46 99
81 47 79
35 72 56
83 91 63
48 27 83
38 40 79
24 3 22
87 19 16
32 93 79
21 75 7
41 21 3
3 73 74
35 86 33
48 0 47
69 3 22
59 14 94
50 19 23
61 75 36
58 72 86
3 2 88
99 93 27
98 2 31
7 28 34
57 5 67
98 66 17
39 27 47
61 1 42
92 94 50
31 66 42
98 61 16
82 26 36
7 93 10
58 32 86
7 73 7
36 21 77
86 27 42
57 19 13
19 73 31
25 72 33
38 40 18
23 73 89
1 36 42
39 88 64
98 2 88
4 27 47
7 74 15
30 66 89
31 75 89
21 74 7
63 73 29
92 21 16
61 26 15
53 56 50
21 83 15
98 88 22
57 52 13
98 88 32
33 73 64
53 46 3
9 5 74
86 83 91
81 40 18
63 73 88
82 75 36
28 18 33
31 26 42
69 90 64
70 60 49
41 21 16
33 90 32
53 21 99
51 42 0
41 46 27
24 73 17
70 91 94
9 5 16
47 23 83
1 26 42
59 91 32
80 14 49
44 94 50
41 94 50
38 5 62
99 21 18
44 94 27
24 66 22
38 21 10
82 75 15
98 73 74
61 66 36
3 73 16
99 21 10
44 15 50
39 89 42
70 14 94
7 83 7
30 26 42
50 5 16
7 40 27
69 73 64
82 26 6
32 5 10
96 21 16
23 75 7
25 72 65
44 15 16
39 83 89
59 98 50
58 18 56
24 73 64
48 2 42
7 47 18
39 73 91
54 49 85
21 83 34
41 56 3
31 19 74
98 2 74
1 66 42
98 2 29
1 1 6
59 14 63
41 56 16
98 29 88
33 3 64
98 88 64
98 61 29
39 66 32
92 94 99
63 29 29
30 1 36
39 75 34
9 5 23
28 86 33
81 21 79
86 89 42
39 74 91
31 36 89
24 3 64
39 90 22
31 42 16
98 90 32
30 66 6
7 5 10
35 25 65
25 25 28
48 2 83
28 25 28
82 75 6
83 60 49
48 98 63
39 27 23
47 2 42
50 92 67
70 14 32
44 15 3
63 29 74
39 23 23
31 66 36
39 23 42
38 40 27
63 74 27
87 5 13
87 19 74
31 1 15
39 66 64
41 21 27
24 73 22
96 94 16
38 5 27
58 72 33
21 83 89
83 95 94
38 21 79
31 19 13
30 75 15
81 47 18
9 52 13
48 23 23
32 21 18
25 18 86
19 73 74
21 83 91
1 26 6
44 46 16
92 46 50
7 73 34
87 42 23
96 56 16
39 66 22
7 40 10
96 25 33
33 73 32
83 14 50
7 83 89
38 5 10
21 75 34
21 16 84
70 98 94
36 45 40
30 64 3
57 52 23
39 3 32
7 93 27
44 21 27
70 60 50
86 89 83
4 89 23
87 52 23
19 2 74
39 88 17
32 40 79
53 15 50
92 56 16
4 23 28
78 73 16
24 88 4
9 42 16
63 61 29
50 52 16
25 18 28
78 29 29
39 73 7
4 23 42
86 89 28
81 5 18
28 32 33
32 5 79
4 2 42
96 15 50
39 2 47
53 94 3
27 82 57
61 75 6
82 36 15
58 18 86
33 66 4
53 15 3
50 92 13
86 28 15
48 95 50
3 61 74
98 29 16
59 60 50
92 46 3
70 14 49
21 75 89
47 2 28
57 92 74
33 66 22
87 92 67
50 42 16
5 93 11
32 40 62
58 86 56
57 92 16
88 8 11
50 5 74
19 61 31
48 98 49
31 1 6
59 91 49
23 73 7
38 47 79
31 11 90
4 89 47
71 48 68
80 60 50
63 61 16
7 47 10
86 27 28
39 0 42
4 27 42
83 95 50
63 29 16
30 1 6
32 93 62
61 17 67
53 15 99
80 91 50
7 75 7
39 28 15
98 66 32
86 2 23
48 23 28
25 25 33
41 10 61
21 28 7
86 75 89
58 72 56
53 94 50
58 25 28
81 21 27
99 85 11
28 18 56
27 36 19
19 0 74
61 66 6
69 73 32
83 91 50
30 36 6
96 18 28
61 36 6
44 15 27
25 25 65
25 1 71
59 98 32
48 60 94
24 66 4
96 56 99
33 90 4
53 46 16
24 73 4
38 5 18
31 1 36
31 92 67
39 34 59
96 86 28
3 0 88
32 21 27
92 31 12
24 3 4
3 61 31
7 47 62
69 77 96
83 60 94
39 73 34
25 32 37
4 89 28
31 66 15
39 3 22
47 27 47
13 60 77
54 46 83
98 90 17
86 0 23
96 56 27
14 78 88
78 73 74
28 32 28
39 90 32
78 29 88
30 1 42
23 83 15
78 29 74
38 93 79
52 30 84
3 0 29
81 5 10
83 8 26
39 2 28
32 5 62
76 94 86
3 0 74
61 66 89
39 75 89
9 52 23
1 75 89
65 77 53
23 73 34
59 2 10
47 89 42
6 2 56
95 87 88
32 47 79
39 28 89
86 97 67
99 81 96
96 46 99
96 72 33
44 11 69
35 96 89
23 75 91
57 42 16
96 56 3
88 25 11
35 72 86
25 37 99
13 38 91
96 46 3
81 5 27
7 74 91
30 66 36
41 46 99
39 23 28
7 73 89
1 75 6
86 27 83
78 0 74
30 1 15
31 92 74
87 42 13
65 99 17
61 80 94
33 94 64
1 38 53
28 72 86
48 14 32
48 0 23
1 1 89
98 66 22
22 9 35
1 26 36
86 63 35
31 36 42
92 21 99
72 59 77
32 47 18
1 36 36
54 91 0
98 0 31
98 61 74
96 18 33
47 89 28
83 95 49
4 27 23
69 90 17
21 83 7
86 83 7
93 25 40
51 64 82
87 19 13
3 61 16
38 47 27
32 5 18
31 52 67
94 71 82
70 14 50
30 26 89
98 56 49
96 72 86
8 57 4
14 45 6
39 2 42
49 52 82
39 28 7
92 53 11
33 88 4
31 29 76
7 5 62
35 29 93
41 15 99
27 51 41
77 62 61
61 10 32
24 60 63
8 20 54
63 0 31
25 32 65
98 91 33
61 64 19
35 81 81
59 91 63
31 66 6
1 66 15
45 49 91
10 71 72
7 74 34
70 91 50
73 93 67
28 25 56
70 95 49
18 58 43
40 15 33
72 49 47
1 66 6
53 21 50
33 34 83
34 61 18
57 5 23
62 45 70
23 83 7
48 14 94
1 1 15
86 0 28
5 73 25
63 44 31
61 44 4
50 19 67
58 86 28
88 50 26
7 4 52
82 1 36
70 59 72
97 51 56
87 92 16
75 51 39
39 73 22
7 5 91
65 99 72
98 0 74
69 66 17
10 41 2
39 90 17
14 27 39
99 47 62
39 23 83
24 93 14
99 93 10
61 36 42
14 20 35
26 61 42
41 43 91
49 65 46
74 89 15
40 81 67
10 60 22
27 85 56
48 91 32
81 79 14
11 75 79
58 71 97
31 66 89
5 93 87
54 92 83
65 1 8
69 3 32
30 36 36
47 23 47
69 31 10
39 0 83
9 27 20
50 51 12
22 37 19
61 1 15
21 10 52
93 95 5
60 89 16
39 83 7
50 29 33
71 18 26
99 40 10
86 83 34
16 38 77
61 36 36
51 29 61
86 26 38
35 50 6
65 56 91
85 57 80
1 66 36
12 88 94
67 24 84
17 58 71
30 1 51
52 27 87
41 71 57
28 25 86
40 20 2
86 23 28
39 88 32
31 75 36
61 33 39
68 32 96
94 19 43
17 44 46
37 2 54
62 46 77
48 60 32
92 42 37
22 46 10
16 5 65
58 32 56
94 28 58
57 5 13
36 50 18
41 27 94
82 12 67
75 86 80
42 89 17
44 94 16
89 38 6
7 75 34
81 47 27
28 72 28
31 42 67
57 19 67
31 28 30
4 0 23
99 5 10
22 4 15
54 7 27
86 23 83
3 67 20
96 86 65
10 45 23
65 97 20
95 96 38
78 29 31
70 98 63
98 73 64
14 88 23
70 60 32
42 9 18
35 86 28
84 28 14
82 1 89
97 66 53
90 2 86
90 47 28
22 88 34
44 21 16
59 27 91
19 0 16
28 32 65
44 46 3
44 65 84
83 60 63
86 91 84
89 30 79
17 56 93
85 46 40
81 47 62
13 99 91
29 84 49
90 45 10
74 26 84
55 52 7
18 13 2
54 24 37
19 2 29
24 66 64
28 58 83
28 32 86
96 18 56
98 35 78
98 51 30
29 98 84
68 56 82
34 72 79
5 38 50
46 7 44
96 15 87
84 97 0
87 65 73
19 96 94
25 5 32
22 11 0
61 26 36
93 4 77
25 25 56
80 60 94
93 86 2
19 72 68
63 73 74
25 18 65
75 63 69
58 25 56
17 22 36
44 56 27
74 25 78
10 82 40
53 94 16
74 3 2
2 32 72
63 60 22
48 75 2
39 90 64
61 26 6
41 94 27
47 27 42
4 92 17
89 3 99
17 54 99
84 70 90
31 26 6
47 26 55
76 16 93
59 98 63
15 33 9
40 30 12
86 28 91
23 27 78
48 91 94
75 83 1
60 30 4
3 22 61
23 75 34
19 2 41
39 88 4
3 2 29
23 8 66
86 75 34
25 72 28
55 41 37
40 20 69
77 50 8
96 43 58
7 93 62
28 95 57
48 0 83
31 52 16
48 89 47
72 48 63
84 77 76
83 91 49
78 61 74
86 83 15
83 16 75
48 95 63
96 57 84
4 27 83
10 66 98
24 25 58
37 64 69
