83 14 49
96 46 27
58 32 33
30 66 89
3 73 29
48 0 28
96 46 50
47 2 83
61 36 42
87 52 67
98 61 31
39 66 32
78 0 29
96 18 86
30 66 36
24 3 32
69 3 32
25 32 28
7 73 7
96 15 27
7 40 79
48 23 23
39 3 17
9 17 87
80 98 50
48 95 32
31 19 67
24 90 22
48 89 28
95 70 21
70 14 94
48 7 67
55 16 4
7 28 89
83 60 50
86 75 91
98 0 74
80 14 32
19 29 88
1 14 17
51 78 16
39 73 64
60 29 17
33 88 4
99 5 10
19 0 88
19 0 74
78 29 88
83 98 63
96 25 86
59 98 50
35 32 33
4 27 42
81 40 18
19 73 74
82 66 42
70 60 50
96 32 28
7 5 18
87 52 16
4 0 47
39 27 42
24 90 64
53 46 27
96 15 3
35 75 51
7 47 62
4 89 23
47 2 47
7 93 18
41 15 3
57 92 16
4 42 79
92 94 16
7 73 89
28 25 86
77 87 95
57 84 94
96 86 28
31 26 42
81 21 27
1 75 36
92 15 27
39 66 64
7 47 10
49 42 45
96 32 65
58 86 86
38 21 27
58 72 33
63 73 31
38 93 62
3 2 16
22 76 10
61 26 89
81 40 79
58 32 86
44 94 99
48 23 47
57 5 74
6 18 45
95 85 41
77 23 45
82 26 89
1 26 89
8 73 90
40 27 8
60 4 36
98 70 60
80 59 84
78 29 74
69 65 0
78 0 16
33 88 22
86 27 23
7 5 27
30 1 42
36 83 30
86 27 28
48 20 81
39 90 17
7 74 15
41 94 99
28 32 28
89 53 82
9 19 23
61 36 89
10 83 73
55 97 8
99 47 79
12 7 40
39 88 17
91 55 3
86 28 15
76 35 2
8 48 65
99 7 83
1 30 78
30 26 6
7 93 62
27 56 70
46 40 46
28 86 33
39 75 89
48 98 32
75 89 99
92 56 50
39 27 47
39 2 83
22 72 68
59 63 19
38 5 62
83 91 50
28 72 86
9 96 45
6 11 10
69 88 64
46 8 46
92 94 3
35 72 56
63 2 88
30 26 42
21 28 34
46 74 68
43 64 79
39 74 7
98 30 99
42 41 38
99 40 27
80 91 50
84 60 98
86 73 89
7 23 46
99 21 27
96 94 27
13 17 92
15 29 5
42 79 66
81 21 79
55 38 89
83 96 45
88 59 74
99 21 18
82 1 89
7 96 71
33 66 17
25 20 17
25 25 56
93 58 78
51 0 11
76 47 74
30 26 89
6 82 87
21 65 67
75 16 28
48 14 50
86 74 34
56 51 50
91 84 13
67 31 95
97 12 66
41 94 50
86 2 83
65 48 45
7 83 89
69 3 64
64 51 14
32 5 27
47 89 47
98 55 74
57 42 23
35 91 60
63 60 26
87 16 13
2 74 15
31 77 31
81 93 27
79 48 68
28 25 33
39 88 32
14 32 85
12 51 78
39 3 64
56 44 6
20 79 6
31 5 74
19 69 14
60 85 15
96 46 16
31 8 2
55 68 52
53 94 16
83 84 39
39 66 22
27 89 56
6 34 80
84 6 15
50 52 13
3 0 88
70 36 35
98 90 64
74 58 92
96 86 65
1 1 36
50 6 20
57 65 23
86 83 28
40 81 60
65 30 2
65 9 8
35 47 45
18 48 81
60 93 38
53 49 43
81 47 62
75 71 72
53 92 35
80 98 56
61 0 4
56 77 81
39 90 64
22 30 66
86 2 23
23 4 64
43 41 1
11 67 45
30 75 6
86 23 23
88 16 91
46 62 49
46 52 71
23 75 7
11 5 2
97 74 74
41 76 58
63 0 29
94 52 5
76 66 72
23 28 89
70 59 10
46 2 61
86 2 42
64 40 41
39 8 90
74 40 90
2 22 73
7 21 18
46 49 41
59 60 94
92 56 22
1 1 89
99 92 38
96 57 91
62 39 35
23 69 75
28 10 85
65 26 31
69 90 17
30 75 42
5 38 82
55 20 0
94 99 70
59 45 23
68 87 87
31 92 74
66 53 41
63 10 35
9 92 23
5 16 14
12 59 75
83 41 25
60 73 78
56 49 65
75 27 84
46 0 26
96 21 50
40 16 9
22 98 49
5 36 15
97 77 76
98 61 16
60 83 39
78 74 32
4 43 97
25 97 58
64 13 28
38 21 62
59 60 50
58 32 56
27 91 96
51 0 22
68 60 10
40 62 21
31 19 74
82 26 42
10 16 9
47 18 63
27 80 15
73 68 85
31 75 6
86 79 0
38 61 9
1 65 98
93 2 46
34 85 8
92 15 99
94 78 86
32 93 18
34 91 16
37 53 97
77 1 30
61 39 81
1 19 2
82 41 24
88 64 25
86 95 5
35 36 49
39 52 15
48 26 61
48 60 50
54 62 90
23 26 16
92 2 14
57 92 67
67 63 9
87 92 67
62 74 62
3 66 80
71 83 94
87 43 18
48 80 77
83 60 32
81 47 10
63 72 40
36 30 91
65 80 85
48 64 88
13 85 25
55 91 49
76 1 12
25 16 31
68 38 14
83 92 85
90 27 84
2 20 93
69 27 9
4 76 66
59 2 65
62 49 51
78 45 62
7 10 4
94 78 20
76 21 66
93 0 33
61 20 1
77 87 0
67 19 56
25 73 72
33 89 88
7 40 62
4 2 83
59 14 94
98 24 67
48 0 23
77 1 17
87 20 47
83 95 50
75 65 25
80 99 87
84 3 76
25 72 28
67 84 40
78 28 20
30 51 72
89 2 99
21 28 15
32 5 62
40 46 64
44 94 16
5 62 54
78 0 31
73 16 68
39 2 42
96 52 71
96 89 18
47 0 47
70 68 43
85 45 1
54 92 29
59 60 63
86 72 4
86 6 8
21 59 17
61 75 6
4 2 23
7 18 84
49 72 13
10 58 43
0 86 81
41 83 62
28 68 51
98 8 52
40 47 15
27 36 25
22 82 12
29 4 43
3 73 31
50 57 85
86 83 91
98 2 74
45 28 75
80 60 50
28 31 51
75 32 18
39 66 17
85 33 10
39 28 34
15 49 70
99 97 52
19 73 0
56 95 18
83 56 70
4 4 18
15 28 65
29 35 27
41 63 10
16 10 75
98 2 86
82 66 6
39 40 4
24 22 7
66 75 1
29 62 8
29 25 69
66 1 52
27 95 20
25 86 56
9 46 57
53 95 1
3 29 65
48 91 32
61 26 36
91 9 64
58 25 20
15 98 21
1 26 36
59 20 20
63 97 19
55 26 6
27 48 4
81 85 58
52 10 59
25 49 16
17 64 96
41 56 16
33 3 4
19 29 31
96 25 28
76 32 40
70 95 63
95 20 90
28 55 13
30 66 42
29 97 81
96 32 56
76 96 8
12 1 45
29 2 32
53 15 50
54 93 16
46 53 15
61 95 43
47 59 7
50 20 89
42 6 48
19 23 66
46 90 80
24 18 17
35 31 6
59 59 47
39 3 4
83 33 43
20 67 98
39 2 23
77 71 76
65 99 18
44 54 91
69 33 19
26 19 71
29 24 83
88 88 86
83 22 75
78 16 92
87 39 1
31 1 89
5 11 14
72 21 69
58 13 89
49 66 76
89 6 66
41 25 35
64 65 54
62 93 69
44 27 93
50 84 84
23 74 89
44 62 20
70 73 13
74 9 57
48 27 42
39 36 13
44 30 77
11 37 18
73 45 19
19 73 29
67 31 56
92 93 98
22 87 32
8 14 52
76 25 15
31 86 92
8 25 8
95 74 29
50 7 85
10 12 8
99 55 64
55 18 38
72 38 0
74 77 56
81 23 53
96 61 72
33 75 73
74 47 4
59 84 69
70 60 94
63 44 74
59 99 39
3 29 16
24 47 29
32 0 52
81 21 10
64 28 74
37 68 1
42 0 35
33 66 22
8 54 76
29 33 68
7 63 71
45 0 10
15 60 80
21 0 90
78 73 16
28 47 57
25 46 52
91 62 97
98 27 89
53 38 27
53 15 27
81 93 29
98 50 5
17 38 10
19 61 2
49 53 54
21 38 66
71 24 65
57 92 23
44 13 20
63 73 29
73 7 11
86 69 24
78 61 56
94 43 20
38 47 62
53 76 13
32 18 98
86 30 18
4 92 27
22 62 98
69 24 9
27 20 50
70 6 64
21 83 15
60 49 81
19 55 98
86 0 23
16 62 54
87 91 29
72 11 78
32 32 39
24 7 33
1 26 6
62 11 31
31 49 80
66 52 4
30 96 78
65 46 54
54 5 19
9 27 33
65 36 19
2 51 87
79 51 1
51 88 90
69 21 32
28 18 28
86 70 43
69 66 17
98 73 88
10 61 98
32 93 62
6 98 54
1 87 78
73 17 8
60 34 8
25 86 65
70 41 24
71 63 83
61 35 27
35 27 96
44 4 17
39 89 23
28 44 37
23 67 37
96 25 64
35 32 56
36 59 56
78 87 7
48 27 47
20 54 53
9 42 74
40 82 43
44 21 99
99 61 11
36 29 30
65 3 31
44 21 50
96 37 65
99 44 46
72 57 11
30 41 30
85 44 98
60 96 39
97 85 89
16 68 30
71 92 23
87 42 16
17 95 71
38 54 41
3 29 88
4 25 46
47 10 39
21 42 90
52 82 86
99 28 88
11 90 62
82 15 48
17 5 2
94 64 21
68 79 87
83 22 65
1 36 31
90 60 73
95 90 64
23 23 89
85 19 22
44 46 99
82 84 47
87 74 37
78 28 13
47 88 3
66 41 57
59 56 83
66 32 8
74 3 14
13 81 12
70 25 1
10 70 31
23 73 34
64 41 2
17 37 62
77 6 49
69 63 49
70 98 50
46 84 7
70 16 76
51 83 62
28 41 10
16 31 34
35 58 31
86 73 15
47 90 18
34 1 58
3 61 29
88 56 23
38 44 43
40 66 38
57 80 6
28 94 66
30 35 10
84 72 53
43 89 62
83 76 76
10 11 88
96 41 69
72 70 67
30 18 35
43 89 57
41 21 50
78 48 42
87 5 16
2 51 23
57 58 90
46 19 70
17 93 53
20 13 96
36 73 84
52 66 66
32 5 37
48 23 28
92 95 29
19 97 61
30 35 33
92 39 75
97 0 29
87 65 57
39 44 44
30 89 23
56 19 24
76 33 55
59 34 6
92 46 50
7 50 46
62 9 80
61 66 15
91 54 94
5 95 54
11 79 14
1 18 14
5 3 75
61 84 41
83 95 49
51 23 82
15 74 92
25 5 12
94 32 33
68 80 64
4 68 18
39 73 15
46 18 5
35 0 86
11 48 67
40 7 65
60 73 92
82 5 61
99 93 79
76 92 19
10 82 2
57 42 74
83 49 3
1 88 11
10 68 57
33 29 38
80 98 94
69 34 26
28 18 33
33 96 6
45 13 17
18 18 96
16 91 10
19 86 11
23 62 45
0 20 79
34 54 14
26 94 10
12 12 37
32 5 72
45 16 59
98 3 83
3 88 41
39 94 96
62 12 41
86 89 28
96 94 99
52 72 5
21 83 34
13 36 75
18 66 65
10 31 66
28 19 97
94 91 70
74 72 97
24 81 68
27 11 14
89 81 99
31 61 23
81 34 21
17 0 54
67 42 61
53 76 54
35 21 78
96 29 43
71 37 68
90 66 80
94 3 72
80 72 2
46 78 76
11 94 89
15 2 93
51 36 31
56 91 79
20 41 8
56 60 46
4 45 73
5 42 30
82 67 36
11 28 67
42 1 43
68 31 64
48 65 44
10 57 53
81 34 24
6 90 31
80 24 50
16 70 36
22 51 37
41 39 78
96 21 27
58 79 15
3 45 40
56 79 11
19 2 29
3 3 36
80 39 50
8 83 49
61 66 6
23 49 85
17 2 65
67 67 36
42 47 7
96 18 11
70 82 16
45 27 12
6 79 38
56 33 61
12 7 90
74 8 55
34 92 10
73 59 84
97 50 50
89 58 99
67 14 86
34 14 43
56 24 40
53 21 50
35 25 28
3 7 95
45 24 34
28 13 4
58 69 93
56 46 33
93 3 3
41 73 72
38 79 74
97 7 57
50 92 16
32 88 48
45 23 51
27 60 33
87 79 8
80 36 65
60 62 4
48 81 19
73 68 12
7 46 97
61 40 87
87 42 23
35 86 28
97 99 67
77 97 12
30 56 83
31 36 89
4 54 83
28 78 75
30 76 24
15 26 80
78 35 95
99 40 10
55 32 32
99 34 60
99 80 5
82 54 63
30 64 85
98 73 32
56 53 22
6 91 54
86 73 64
18 74 94
58 86 99
69 72 70
61 76 12
41 94 16
43 33 85
98 73 17
62 22 97
17 69 27
44 46 27
83 91 63
78 2 29
39 88 4
68 39 24
47 61 71
48 12 20
2 70 61
17 68 1
70 27 96
35 36 70
90 37 9
7 74 7
37 9 4
9 17 20
38 87 38
80 48 17
79 76 70
12 70 17
99 47 18
68 89 90
31 27 46
91 77 34
36 61 60
20 15 34
35 8 97
64 20 79
90 41 58
11 72 26
52 42 45
89 77 34
66 22 28
71 37 28
79 1 95
60 70 58
70 41 53
70 43 71
65 24 46
41 21 16
71 31 33
12 61 32
77 20 80
77 17 53
98 90 22
39 54 68
47 87 77
75 44 61
77 41 34
35 6 20
52 97 40
33 33 69
63 15 0
90 80 49
33 3 32
61 91 83
3 12 18
