70 60 32
31 1 89
39 2 47
81 93 18
9 92 16
17 64 56
7 93 27
62 79 87
58 6 48
98 90 27
3 2 88
39 73 89
63 43 68
82 36 15
9 63 9
7 5 18
4 0 83
17 37 57
24 90 4
49 36 63
55 16 33
82 66 89
78 2 31
92 81 50
21 98 77
19 33 19
3 76 55
65 50 78
41 56 16
57 5 23
47 75 80
39 0 23
39 58 16
99 40 62
0 55 21
84 9 11
32 63 17
56 13 82
56 62 90
16 27 38
19 92 76
2 58 6
94 25 92
0 17 88
45 98 64
5 65 42
57 60 36
37 75 91
13 61 67
54 34 34
15 52 11
0 71 76
44 94 16
49 57 94
30 41 5
98 24 8
72 94 38
75 66 74
19 61 88
15 47 91
56 68 37
39 50 67
57 36 66
90 96 29
58 72 33
25 3 90
33 75 83
59 98 63
42 79 8
67 27 58
42 88 85
72 52 83
1 91 0
72 69 2
63 36 73
31 19 13
38 21 18
81 98 85
82 58 6
57 89 87
74 99 6
23 33 48
88 89 97
26 91 54
0 34 4
4 25 81
97 39 65
73 63 36
8 28 72
36 56 85
32 47 62
7 40 62
25 82 80
60 65 51
40 27 47
80 47 59
13 98 4
7 94 28
28 60 47
32 71 21
46 4 12
99 1 21
86 1 79
75 9 3
1 50 27
74 66 47
96 32 33
73 50 16
17 3 64
87 52 10
19 91 8
53 98 88
27 3 18
9 31 13
92 15 50
49 87 77
53 91 38
38 67 81
10 50 37
86 27 29
61 57 35
86 92 83
96 22 41
52 20 16
34 53 44
85 24 51
83 13 51
79 36 78
4 48 16
61 5 0
43 25 46
7 86 76
59 20 37
73 50 83
84 81 6
39 31 71
61 64 56
34 96 82
47 63 91
35 70 16
62 80 66
48 38 58
57 77 82
5 71 0
30 81 52
30 37 19
37 46 0
38 94 74
27 18 74
14 42 17
36 98 58
90 23 30
57 5 74
41 75 51
23 66 97
95 95 65
32 94 12
66 83 11
75 99 61
61 3 36
39 90 4
30 30 29
28 1 39
79 9 4
7 93 79
37 59 56
30 33 2
89 20 50
24 95 20
86 48 94
55 82 59
13 91 44
72 11 51
88 77 1
4 34 72
63 32 77
66 24 94
51 44 54
43 69 70
49 75 42
4 50 78
99 93 87
33 81 72
69 88 64
85 52 96
36 17 84
8 42 3
23 67 70
87 46 63
80 90 95
52 91 52
73 61 95
8 57 19
1 89 90
84 13 53
84 45 71
16 83 98
51 86 46
84 23 0
4 46 41
53 27 97
64 94 57
30 14 65
10 53 47
77 28 40
17 23 29
83 98 50
98 64 61
36 37 21
80 13 67
23 4 69
16 88 48
24 28 31
41 22 34
54 73 62
42 49 53
11 92 79
75 50 52
94 5 99
0 58 53
6 6 8
46 64 95
28 72 56
1 54 55
0 95 40
13 44 50
56 3 32
27 65 36
41 56 27
91 9 69
36 4 92
0 1 73
1 95 75
75 65 88
11 43 16
52 69 91
2 24 56
60 77 39
48 27 23
13 51 68
54 24 92
60 0 13
94 71 71
45 90 86
56 11 8
30 17 68
32 83 86
10 17 42
94 87 15
71 14 73
98 61 89
87 46 34
22 84 47
7 78 12
91 41 73
90 72 47
49 58 88
83 91 97
97 26 42
99 20 18
22 48 50
71 76 61
12 34 43
50 68 53
97 28 14
59 4 12
54 47 23
23 56 76
9 59 4
40 35 42
68 29 22
4 21 47
9 43 93
29 28 54
29 36 98
91 3 12
17 27 12
3 80 77
95 84 73
84 63 33
6 21 3
20 78 6
46 52 21
44 21 16
46 97 42
28 3 21
33 80 39
71 97 66
15 55 20
32 13 52
27 1 43
24 52 42
3 17 84
22 61 53
62 7 51
64 18 38
11 75 99
71 94 94
13 26 58
32 51 99
42 91 66
98 47 1
86 3 13
78 81 35
45 25 0
33 3 64
0 78 84
75 48 38
71 86 77
14 17 81
49 96 26
92 65 79
38 21 33
13 74 31
60 19 45
44 94 27
73 32 87
32 62 62
10 73 76
5 62 32
61 75 13
78 24 58
46 14 12
18 55 26
79 20 23
4 41 47
42 4 13
90 36 31
99 72 27
68 53 13
48 19 38
89 87 56
61 83 32
66 91 50
39 25 87
86 24 21
13 50 31
60 66 98
19 1 0
25 90 71
85 69 22
17 62 71
39 44 4
7 5 4
9 10 50
14 96 62
95 87 62
33 88 4
62 26 24
2 82 80
71 50 74
62 22 65
36 18 10
78 73 88
10 27 58
78 39 14
43 44 36
78 93 45
67 62 7
88 76 5
17 9 67
91 84 30
17 72 72
56 90 22
39 98 10
8 68 77
90 97 44
32 5 79
96 80 46
12 55 97
17 38 94
95 52 14
28 8 76
83 80 16
20 80 74
47 0 28
72 2 17
3 30 78
54 67 97
56 95 62
53 62 63
38 5 18
98 52 67
3 29 29
66 43 59
49 68 16
70 50 6
75 29 7
40 83 1
26 47 48
61 96 89
69 30 4
56 18 86
47 40 42
35 78 34
43 42 75
80 77 71
48 40 37
92 85 24
9 11 30
94 25 71
50 89 3
95 5 21
58 3 35
71 18 16
16 31 74
25 50 48
47 89 42
55 28 14
74 71 27
41 24 92
56 63 24
48 74 61
82 30 73
46 52 75
89 81 1
4 46 68
73 63 60
91 70 16
84 61 96
38 8 72
81 89 29
24 0 96
97 13 30
34 23 25
47 71 78
32 62 11
16 68 55
88 7 95
23 61 48
61 62 85
16 66 23
23 54 27
26 97 95
88 84 47
40 4 51
9 97 45
87 70 67
96 29 64
81 26 75
28 11 75
23 93 33
32 60 2
57 50 34
35 79 66
23 66 16
21 1 30
37 7 74
48 82 76
20 39 3
69 66 4
91 79 17
66 91 21
58 82 87
36 8 62
34 35 2
80 66 88
12 60 62
59 86 76
51 52 66
22 70 82
89 15 40
45 78 54
25 34 59
86 23 55
66 94 62
95 86 97
97 27 41
53 75 6
51 44 23
87 71 95
12 1 53
24 10 60
23 75 91
16 56 69
38 40 10
92 51 25
89 73 32
65 35 22
84 57 36
22 81 71
77 32 84
17 35 12
60 80 33
45 91 85
44 26 71
35 15 59
37 9 66
81 33 37
78 48 93
75 96 39
10 57 36
77 10 99
13 11 47
60 44 78
84 69 12
8 51 35
83 23 24
77 10 73
1 1 89
61 5 67
43 78 31
81 57 19
71 62 72
51 23 24
73 86 39
46 44 60
81 0 11
77 72 60
21 77 96
37 73 63
59 56 92
48 27 28
37 31 35
12 99 79
47 12 79
22 32 67
56 78 53
91 67 58
79 20 44
9 40 44
96 23 17
29 34 45
40 32 79
4 22 7
58 85 43
64 17 74
0 53 71
44 79 18
88 21 12
16 58 0
95 58 48
89 9 33
36 4 7
19 78 84
14 92 94
11 14 30
90 49 98
57 22 21
2 1 49
64 19 56
50 96 91
91 23 0
89 69 5
58 72 13
44 56 50
65 14 25
38 40 8
8 50 32
31 10 40
84 48 91
71 97 91
33 31 96
94 28 56
8 44 85
62 79 83
30 81 11
90 52 40
97 22 52
84 45 53
84 99 95
88 87 58
36 0 86
63 36 92
7 90 71
1 7 68
23 96 27
3 89 21
80 69 60
3 15 57
99 56 79
1 92 53
15 58 98
9 69 69
99 5 18
81 99 88
73 91 3
66 3 37
53 61 16
25 65 74
84 31 98
53 94 99
8 8 40
99 82 2
34 69 4
80 51 35
57 38 22
57 98 97
8 54 0
46 61 91
40 51 7
27 3 28
1 32 11
27 81 33
63 24 22
13 22 61
32 46 1
78 92 90
57 59 30
87 76 71
92 62 66
79 39 63
35 90 86
2 58 98
88 18 33
45 29 55
10 75 72
26 52 24
5 11 74
17 33 84
50 98 23
1 88 36
79 41 72
83 6 4
63 0 88
20 75 7
79 10 46
68 93 82
72 73 24
66 84 25
78 64 57
17 34 20
60 71 46
94 59 16
90 89 27
35 28 52
57 58 79
48 29 64
44 70 70
46 36 70
39 71 55
13 71 60
19 9 60
96 83 92
37 4 67
20 10 81
3 26 79
25 85 37
95 91 67
87 32 99
3 64 12
54 90 92
78 7 28
70 14 49
57 19 32
55 98 69
70 44 20
95 89 82
91 56 31
87 30 6
87 45 39
45 10 54
58 30 15
24 32 27
22 86 39
33 17 4
61 32 62
33 90 56
54 97 8
88 71 93
61 20 99
56 29 95
88 99 30
36 47 41
86 21 1
63 52 99
38 86 3
63 24 53
9 87 46
25 91 11
92 41 31
8 77 34
72 79 10
46 71 9
81 35 59
3 89 5
39 88 4
30 1 6
52 45 37
30 50 63
46 17 47
72 27 80
78 75 82
53 2 43
80 14 83
82 16 52
48 7 75
92 27 49
0 22 83
2 5 69
22 73 43
89 81 10
69 9 58
60 50 29
69 3 17
17 34 52
42 4 70
61 13 54
71 4 56
40 85 40
10 77 65
73 48 95
40 91 8
46 87 52
18 26 93
26 68 53
47 20 73
23 30 56
83 59 41
15 56 31
83 72 26
60 73 89
63 54 59
33 85 75
36 82 23
33 45 56
7 73 82
9 40 77
18 69 85
22 54 58
98 32 98
3 51 56
99 27 47
70 59 95
7 62 40
46 79 9
2 39 33
35 18 4
39 88 22
58 32 40
6 65 55
86 21 46
2 57 68
43 20 84
59 48 32
97 87 55
47 5 75
80 91 63
6 18 62
23 47 22
47 78 4
45 44 66
23 54 2
53 32 94
78 57 98
0 14 68
5 57 95
58 72 98
35 63 38
58 25 65
38 26 83
92 55 71
28 92 74
99 93 18
16 33 59
53 21 3
50 40 75
86 93 24
15 38 72
87 51 57
40 93 1
80 11 88
75 7 98
35 25 56
6 5 7
39 68 33
83 16 12
55 64 9
97 32 30
98 0 61
71 55 56
91 39 89
17 12 74
74 32 93
74 46 22
54 87 50
58 19 21
16 60 77
35 89 87
80 35 75
97 84 50
36 97 93
29 82 90
50 22 26
47 91 71
58 26 15
81 8 88
6 44 80
96 40 80
81 79 40
6 91 10
81 76 6
4 30 43
69 94 71
35 59 11
58 95 73
72 50 36
44 33 65
96 94 27
50 91 36
81 93 70
62 0 26
69 10 96
46 65 47
70 83 48
34 96 78
84 82 98
30 30 71
76 58 21
69 35 12
42 77 58
16 30 68
59 0 25
9 79 3
81 23 4
44 80 19
71 54 33
2 81 58
25 68 8
73 87 83
23 67 91
53 99 83
29 75 71
89 96 90
61 42 39
61 45 98
91 97 24
39 4 99
65 62 79
80 31 9
20 29 58
99 69 59
13 61 34
19 75 5
13 92 45
78 94 81
81 18 32
67 15 59
54 11 97
90 39 66
18 4 11
18 62 44
6 7 52
14 67 90
97 82 34
88 52 21
66 94 9
31 15 23
76 92 86
9 11 54
99 33 67
93 87 86
27 41 33
59 89 71
77 20 51
98 96 35
42 60 15
58 23 47
35 88 85
51 50 70
23 75 89
76 26 91
49 28 20
98 67 85
50 42 23
73 9 78
88 61 15
9 80 21
47 47 80
68 43 25
2 35 29
16 92 43
64 18 54
77 53 48
42 37 59
59 31 95
73 38 64
34 56 47
38 94 50
65 65 50
36 17 74
7 21 27
31 71 73
77 33 97
0 79 65
40 95 96
43 27 85
0 26 22
37 40 58
31 92 16
14 0 12
0 93 26
98 86 75
15 59 46
2 9 68
24 16 44
70 86 77
19 21 44
26 15 48
48 12 33
14 4 95
4 71 20
57 1 96
57 24 54
33 3 17
45 32 43
38 18 9
46 90 9
98 90 64
55 2 76
75 46 65
56 99 2
3 20 62
6 79 53
2 51 64
59 3 19
11 28 66
63 47 30
46 21 7
52 37 89
71 90 50
70 23 53
26 36 19
3 99 45
99 70 94
18 23 87
25 55 87
91 2 96
47 27 83
39 53 64
71 47 18
62 10 90
10 57 20
21 0 88
66 68 76
57 67 40
52 74 78
59 85 82
62 36 8
21 90 81
32 70 81
86 11 16
30 83 3
37 32 16
16 28 49
64 46 57
76 88 25
45 30 19
59 73 37
29 85 8
33 0 83
37 57 77
38 47 27
28 54 61
67 55 7
25 14 81
78 29 88
72 72 75
52 71 45
63 79 71
40 24 74
9 30 4
20 76 86
70 93 49
93 62 83
40 50 83
52 83 28
52 13 18
87 95 81
25 93 94
29 82 9
53 55 5
77 18 28
63 81 16
34 86 7
94 14 63
69 36 12
97 65 37
98 31 9
97 39 18
15 49 70
94 3 12
2 71 73
95 10 80
28 44 62
11 53 1
66 44 53
0 94 52
64 83 65
46 54 86
14 89 6
3 80 65
30 18 64
2 68 11
44 33 95
32 7 69
30 87 62
76 31 34
78 84 4
36 22 46
