99 93 62
33 66 64
30 26 36
63 61 16
31 66 36
23 83 15
33 73 17
96 72 28
39 23 83
99 47 79
98 3 4
69 90 32
39 3 22
31 19 74
23 28 91
39 75 7
41 56 27
86 74 34
47 27 28
63 61 88
50 92 16
28 32 56
82 66 6
69 66 64
48 0 47
86 27 83
33 90 17
87 92 74
1 26 89
61 36 42
58 72 33
48 60 63
82 1 89
70 95 63
87 42 16
50 92 13
48 91 94
25 25 65
61 66 15
83 60 49
39 83 91
57 52 13
96 15 16
92 21 99
9 5 16
39 73 32
83 91 50
31 92 74
50 42 67
32 5 27
38 21 10
30 26 15
92 21 3
98 66 64
61 36 15
87 5 74
3 61 74
83 14 32
96 18 86
41 21 27
31 1 36
48 98 94
96 72 65
96 72 33
69 90 4
21 28 34
96 15 99
44 21 50
19 61 31
33 88 32
87 5 23
59 91 63
9 92 23
50 5 16
24 88 17
63 29 31
96 32 65
96 94 16
63 61 31
25 72 65
78 2 31
78 0 29
1 26 6
3 61 88
70 14 50
48 95 32
24 73 4
33 3 64
57 42 13
48 89 28
39 2 47
23 74 89
96 86 86
70 60 50
41 15 50
30 75 15
48 0 28
96 94 3
50 19 13
48 27 42
96 25 28
98 61 31
87 19 23
24 66 17
63 2 16
47 23 28
33 88 4
98 0 88
9 19 23
30 1 15
9 52 74
92 94 3
57 42 16
86 74 15
98 2 31
41 94 99
19 0 31
98 3 32
48 23 47
44 15 99
69 73 32
86 73 91
78 29 16
1 75 36
92 46 16
44 56 50
21 75 91
96 18 56
81 21 18
35 18 33
23 75 34
59 14 49
87 19 67
70 95 94
24 90 17
9 19 67
35 25 33
25 86 86
39 2 42
48 27 28
25 86 65
96 56 50
7 47 27
44 46 3
28 25 56
81 93 79
47 89 83
32 47 18
44 15 50
39 83 89
96 25 65
69 3 32
61 66 89
7 28 89
47 2 28
35 72 56
69 90 17
19 61 29
53 21 16
39 0 47
7 93 18
39 28 89
3 29 31
83 91 63
58 32 65
39 90 32
28 18 65
38 47 18
69 66 17
80 14 32
7 40 62
80 95 32
98 90 64
19 29 31
35 72 28
24 3 17
86 73 34
53 21 3
23 83 34
98 88 4
1 36 89
1 36 42
38 40 62
24 90 64
31 92 67
33 73 22
99 5 79
31 52 16
35 86 65
32 21 79
80 98 94
70 60 49
47 0 47
87 42 13
31 52 74
81 21 27
39 73 91
86 75 34
78 29 88
25 32 65
81 21 62
21 74 34
86 89 83
30 26 42
92 21 16
39 0 28
59 60 94
35 32 56
39 27 47
23 28 7
30 75 36
50 19 23
39 89 28
4 27 47
96 21 3
70 14 63
4 0 23
86 73 7
96 94 99
9 19 13
38 21 79
48 27 47
39 90 22
92 56 3
99 93 27
23 73 89
25 86 56
32 93 10
24 88 32
99 40 27
57 42 67
69 88 17
98 88 32
78 73 29
7 83 15
57 5 67
61 36 89
1 75 89
61 75 15
78 29 31
7 83 7
30 75 6
81 40 27
82 36 36
48 2 83
82 26 89
80 91 50
50 52 67
57 52 23
58 18 65
19 0 74
44 46 16
3 29 74
9 19 74
53 94 99
98 29 74
41 21 99
50 19 16
41 56 50
96 56 3
53 56 3
48 0 42
53 46 50
24 66 32
31 75 42
82 1 6
98 73 32
4 27 23
19 73 74
59 98 63
9 52 13
83 95 94
69 88 64
4 23 83
78 29 74
81 47 27
98 66 17
57 92 23
69 73 22
21 75 15
31 1 6
81 5 18
39 3 17
4 89 47
87 52 74
61 75 6
39 28 91
44 46 27
44 21 3
39 73 15
23 74 15
28 32 86
96 21 50
50 5 67
50 42 74
25 18 65
19 0 88
31 66 15
86 2 83
50 19 67
23 83 89
48 98 49
44 15 16
7 5 62
44 94 3
33 3 22
82 1 15
96 18 28
70 95 32
96 25 86
98 88 22
32 47 27
39 0 83
78 2 16
82 66 36
53 21 27
7 28 91
99 21 18
82 26 6
28 86 28
63 73 16
87 42 23
98 29 31
48 60 94
3 73 74
80 91 49
31 26 42
4 27 28
70 98 63
63 73 88
92 56 27
19 61 88
98 73 88
61 1 6
41 56 3
70 95 49
39 73 34
31 42 23
25 32 28
86 89 28
61 1 42
98 90 22
44 21 16
4 23 47
19 2 29
19 61 16
81 21 10
1 75 42
30 1 42
78 2 74
28 86 86
63 61 74
86 27 47
31 19 13
41 94 50
78 61 88
38 93 62
70 98 50
81 40 10
7 75 34
86 73 89
35 86 86
39 28 7
57 52 16
38 5 10
31 36 89
81 47 62
57 19 23
23 73 7
39 90 4
80 98 63
41 46 50
69 3 4
61 75 42
35 18 65
21 74 15
69 3 17
98 90 32
98 0 16
19 29 16
58 86 33
59 91 50
35 25 86
48 27 83
35 32 86
39 75 89
87 19 74
4 0 47
24 3 22
32 40 18
92 15 16
30 66 15
1 66 89
57 42 23
99 21 62
80 60 32
57 52 74
24 88 22
30 36 6
69 73 64
99 5 10
82 26 42
39 27 42
7 75 91
96 72 86
92 94 16
48 95 94
31 36 42
25 18 86
61 75 36
83 14 94
87 5 16
19 2 31
61 26 89
48 95 50
69 88 32
87 52 13
59 14 63
28 18 33
1 26 36
21 28 91
31 75 15
7 83 91
61 36 36
96 56 99
48 0 83
31 5 67
61 1 36
38 40 18
32 40 27
98 3 17
4 2 23
82 75 36
98 66 32
59 98 94
48 98 63
21 74 7
28 32 65
7 40 10
3 29 88
39 27 83
63 29 16
80 95 50
98 66 22
24 3 32
61 26 36
1 36 15
98 0 31
25 25 56
38 93 10
92 56 50
86 75 89
33 3 17
21 73 34
99 21 27
7 73 89
32 21 10
96 21 27
47 89 23
39 89 23
87 92 23
86 73 15
96 25 56
61 26 42
47 89 28
86 75 7
44 94 99
39 66 32
19 29 88
33 90 32
80 60 50
25 72 28
70 60 32
38 5 62
39 88 17
35 25 28
58 72 28
35 32 33
39 27 28
4 89 28
7 74 15
44 56 16
4 0 83
38 40 27
24 73 64
38 93 18
4 27 42
31 52 13
96 56 27
87 42 67
53 46 16
58 72 56
59 98 49
25 32 86
31 5 13
86 23 42
86 89 42
31 52 23
35 72 86
58 86 56
1 1 15
7 93 62
30 75 42
98 61 29
57 92 67
80 95 94
39 73 64
50 19 74
70 14 32
50 52 23
25 86 28
50 42 13
70 60 63
31 66 6
28 25 86
81 47 18
41 56 99
7 75 15
53 46 3
96 86 56
80 91 63
21 83 7
7 74 7
82 75 42
59 14 32
31 42 16
58 18 33
86 83 91
80 98 32
38 47 27
86 0 47
9 92 16
87 42 74
9 5 13
9 92 74
35 86 33
41 94 3
7 21 18
47 23 47
83 91 49
96 18 33
70 91 63
59 95 50
35 18 86
33 73 32
92 15 27
4 2 83
98 3 22
9 92 67
70 98 94
31 36 6
44 15 3
39 73 4
19 73 29
28 72 65
59 95 32
7 21 27
48 91 32
86 28 7
47 23 23
38 40 79
7 28 34
4 0 42
3 61 16
57 19 67
61 66 6
58 32 33
53 21 50
1 36 36
53 56 27
92 94 50
78 2 29
39 23 23
21 83 34
96 21 99
23 75 91
98 90 4
19 2 88
7 74 91
98 0 29
19 73 88
24 66 4
69 90 64
44 15 27
28 25 28
39 66 4
80 95 49
82 26 36
81 93 62
98 73 4
70 14 94
96 94 27
9 5 23
80 14 63
32 47 79
87 92 67
39 83 7
33 3 4
30 66 42
48 95 63
39 74 91
4 2 47
25 32 33
96 46 27
33 88 17
25 72 33
70 98 32
9 92 13
21 74 89
4 89 23
30 1 36
83 91 32
99 40 10
59 98 50
44 94 50
1 1 42
4 2 28
92 15 3
32 93 79
33 88 64
21 74 91
33 90 22
50 5 74
92 46 99
58 32 86
78 61 74
25 25 33
63 0 16
24 90 32
30 1 89
31 1 15
58 72 65
7 74 89
31 42 13
48 89 47
83 95 63
7 28 15
50 5 13
47 89 42
87 52 23
96 32 33
98 73 16
53 46 27
31 92 16
25 18 28
31 36 36
31 66 89
3 2 31
92 46 27
47 2 23
96 25 33
24 3 64
44 21 99
21 28 7
59 14 50
4 89 42
28 25 33
48 2 42
48 60 49
92 46 50
86 23 47
23 73 34
78 73 74
50 92 74
28 86 56
41 56 16
47 27 47
30 26 89
7 93 10
21 73 7
53 94 3
1 75 15
70 91 94
33 73 64
3 73 88
81 93 10
39 2 23
9 5 67
21 75 34
78 73 16
69 90 22
23 73 15
33 3 32
80 14 50
31 5 16
96 72 56
99 21 79
33 88 22
30 36 36
32 93 62
23 75 7
31 92 23
32 47 62
32 93 18
61 26 15
98 88 64
80 98 50
38 93 79
82 36 15
47 27 83
69 3 22
53 56 50
28 72 28
7 75 7
23 75 89
48 2 47
53 15 50
30 36 89
32 5 10
47 2 42
31 5 23
23 28 15
63 73 31
86 83 89
83 98 50
96 46 16
39 3 64
19 73 16
50 5 23
58 25 65
35 72 33
96 32 28
31 1 42
38 47 62
47 0 28
35 25 56
41 15 27
98 73 17
47 0 42
32 5 62
92 46 3
41 46 99
63 73 29
32 5 79
99 93 18
44 56 99
99 47 62
30 75 89
87 5 67
92 21 50
57 92 16
25 18 33
57 52 67
98 2 29
38 21 62
70 91 50
19 61 74
80 91 32
23 74 91
82 66 15
80 14 49
53 94 16
59 91 94
39 23 42
99 93 10
58 72 86
7 40 79
1 1 89
9 52 67
48 23 42
96 46 99
47 23 42
23 75 15
39 66 17
83 14 49
78 73 88
47 27 42
39 74 89
41 15 16
70 60 94
59 91 49
48 98 32
39 28 15
57 92 74
82 36 42
7 73 7
30 66 36
50 52 74
98 61 88
63 73 74
86 2 28
39 75 34
78 61 31
87 5 13
83 98 63
28 72 86
31 42 74
80 60 49
39 83 15
35 72 65
7 5 79
41 21 16
98 29 29
58 25 56
48 14 49
41 94 27
59 98 32
24 88 4
48 60 32
48 23 83
1 75 6
59 91 32
39 74 7
21 75 89
47 0 83
23 74 34
9 5 74
35 18 28
1 36 6
48 60 50
98 73 29
98 73 74
39 88 64
96 21 16
1 1 6
78 61 16
39 2 28
86 27 23
39 88 22
21 83 91
39 90 17
98 29 16
63 0 31
70 95 50
48 27 23
48 23 28
92 15 99
78 73 31
48 95 49
30 66 6
39 3 4
63 61 29
19 0 16
61 75 89
53 21 99
30 1 6
28 72 33
38 5 18
99 5 62
53 15 99
87 52 67
35 86 56
53 56 16
86 23 83
92 56 16
39 66 64
39 27 23
81 21 79
83 95 32
47 2 83
33 73 4
86 83 7
86 0 42
86 0 83
48 91 49
30 26 6
83 98 32
35 32 28
4 23 28
83 14 50
39 89 83
48 0 23
48 98 50
21 83 15
32 21 27
47 2 47
86 74 91
7 21 79
39 74 34
86 74 89
28 72 56
87 19 16
24 73 22
3 29 16
81 40 62
24 90 4
39 3 32
21 83 89
28 32 28
86 83 34
96 15 50
35 25 65
78 61 29
69 73 17
31 75 89
25 25 86
25 86 33
86 89 47
39 89 47
23 28 34
41 15 99
3 2 16
25 72 56
86 2 47
81 5 79
83 91 94
39 73 89
48 2 23
3 0 29
96 46 50
57 92 13
92 15 50
44 56 27
9 19 16
57 19 13
28 18 86
31 1 89
50 42 23
69 66 22
98 2 16
1 66 6
7 5 10
61 66 36
3 73 29
96 86 33
83 60 32
58 18 86
39 73 22
99 47 10
9 52 23
99 47 18
25 32 56
24 88 64
28 86 33
4 27 83
19 2 16
59 60 63
58 86 65
86 23 28
25 18 56
96 86 28
81 47 10
70 91 49
7 5 18
53 15 16
39 23 47
7 73 15
57 19 74
41 21 3
58 25 28
87 19 13
19 29 74
99 21 10
1 26 15
3 29 29
39 28 34
1 66 36
83 60 94
31 36 15
99 93 79
82 36 6
3 73 16
78 2 88
58 18 28
44 21 27
70 98 49
83 95 50
39 23 28
50 42 16
38 21 18
53 56 99
86 28 34
47 27 23
44 56 3
59 60 49
78 0 74
31 19 67
58 25 33
21 73 89
7 47 18
47 89 47
1 1 36
50 52 13
1 26 42
32 21 62
92 56 99
9 42 16
9 42 13
31 75 6
57 5 16
4 89 83
57 5 23
39 73 17
1 66 15
69 88 4
4 23 42
61 1 89
19 29 29
39 89 42
41 46 3
3 2 88
41 21 50
99 47 27
92 21 27
98 61 74
39 73 7
59 14 94
32 40 62
47 23 83
96 94 50
