0 52 72
24 94 1
42 38 9
65 41 84
65 44 84
84 65 20
32 83 6
96 52 68
85 4 21
67 78 90
15 15 26
72 94 34
15 38 32
32 53 92
61 54 25
60 77 16
67 94 90
50 28 68
53 68 94
24 48 91
53 51 97
52 58 61
50 34 41
10 58 90
84 61 71
36 16 20
98 6 26
32 55 92
60 15 76
52 68 44
24 94 90
16 44 9
92 51 71
19 68 22
24 94 61
94 68 91
32 76 74
96 52 72
42 13 52
84 16 23
68 92 68
95 55 75
0 54 63
17 31 25
24 44 84
74 8 44
20 13 6
90 76 34
82 34 68
60 15 16
19 6 76
52 69 44
49 58 1
15 28 41
68 34 41
14 15 26
77 4 72
85 31 21
94 21 44
8 16 20
29 54 63
78 16 23
60 6 32
8 51 23
0 28 80
15 72 18
60 68 16
19 15 22
28 31 63
98 15 22
58 69 44
16 38 91
65 21 20
72 63 34
36 16 68
85 4 72
10 58 1
8 65 23
78 61 98
65 44 91
84 61 23
28 54 25
61 31 43
59 72 84
15 28 68
85 25 64
82 31 17
76 21 55
98 15 26
17 56 12
17 54 25
53 21 91
60 68 32
29 28 25
42 41 84
96 31 21
61 28 25
24 86 55
68 34 18
15 27 60
94 8 76
50 72 41
32 24 6
24 72 9
17 31 80
24 86 98
96 52 64
24 94 55
67 58 61
96 25 68
50 34 43
89 94 75
14 77 32
14 6 32
29 28 43
96 4 68
52 69 94
89 55 34
20 21 6
78 65 23
15 68 16
29 54 80
17 56 25
85 52 17
60 68 76
82 31 72
65 48 91
74 21 76
92 51 98
90 76 92
76 25 55
14 38 16
36 51 23
68 92 60
61 28 12
95 55 74
67 58 55
15 6 76
74 51 91
50 27 68
84 65 68
79 92 18
76 24 52
74 68 44
96 31 64
94 21 97
28 53 80
84 51 98
84 99 23
60 15 26
79 72 68
8 51 68
8 16 98
52 8 94
92 61 20
85 91 17
24 58 98
82 27 68
90 94 75
61 28 43
67 86 1
42 48 84
10 94 98
52 26 90
72 55 34
72 76 18
65 83 26
24 44 91
68 72 68
20 13 20
89 55 75
65 13 55
94 68 97
14 15 22
0 54 25
89 63 34
49 94 98
24 86 90
82 25 17
8 51 20
42 25 52
32 55 18
50 92 41
60 6 22
42 41 39
24 41 39
84 61 98
52 8 91
14 38 76
61 28 63
65 38 9
15 34 18
94 69 91
42 38 84
85 4 68
94 21 76
0 91 64
65 24 55
65 24 52
0 53 12
85 91 21
59 48 99
68 28 43
28 31 25
92 99 20
79 34 60
82 4 68
10 26 55
61 53 63
49 94 55
95 94 74
98 6 76
60 77 22
94 21 91
20 83 55
94 51 97
32 53 75
85 25 21
74 68 97
77 91 17
28 53 43
16 72 9
67 58 1
60 68 22
24 78 1
78 16 71
76 25 6
52 26 1
20 21 55
95 53 34
10 58 61
0 52 68
84 61 20
29 56 80
24 41 9
42 38 39
76 25 52
78 99 71
85 31 72
98 68 32
95 53 18
32 25 20
10 94 61
29 53 63
94 8 91
32 83 26
89 53 18
49 58 55
19 38 26
67 78 1
24 26 1
14 68 16
74 21 97
50 34 18
42 48 39
20 24 6
24 41 84
53 69 97
77 91 21
20 24 55
95 94 92
53 21 44
24 72 99
29 31 25
90 55 74
0 4 64
20 24 20
96 4 21
76 83 55
72 55 74
52 58 90
76 21 6
65 13 52
32 25 6
52 68 94
72 55 75
42 41 9
65 21 26
95 53 74
90 94 34
28 56 12
49 58 90
82 34 60
53 21 97
65 25 55
82 4 72
58 69 94
77 4 64
96 52 21
32 55 74
14 68 76
95 76 92
8 99 20
42 24 26
29 56 12
16 72 99
82 92 68
72 94 75
58 51 91
15 68 26
17 56 43
74 69 97
82 34 18
24 58 61
0 56 12
8 61 23
85 25 72
92 16 98
84 51 68
29 53 25
24 26 90
90 76 75
59 41 99
76 21 26
74 51 76
60 38 76
17 54 63
65 24 6
72 53 34
84 99 20
58 68 76
58 51 97
50 92 43
29 56 63
29 31 80
58 51 94
90 76 74
84 16 20
0 28 25
17 31 43
94 21 94
42 48 99
85 31 68
49 26 90
76 21 20
85 25 17
19 77 16
82 27 18
74 51 94
65 25 6
42 21 55
32 25 52
36 65 23
92 65 71
36 61 98
82 92 60
82 91 68
77 4 68
65 21 6
59 41 84
94 69 94
0 31 64
78 51 71
15 72 43
0 52 64
10 94 55
68 28 68
92 16 68
59 44 84
32 94 92
78 51 23
84 99 68
98 68 26
79 27 43
77 31 64
32 24 52
52 68 76
42 72 9
98 15 76
28 56 63
2 58 90
74 8 76
36 61 68
74 69 91
61 54 12
84 51 71
42 72 39
67 86 61
15 72 60
61 54 43
65 83 20
52 51 44
94 69 44
17 53 43
24 78 90
15 77 26
74 69 44
58 21 94
32 53 74
76 24 55
20 21 20
77 25 64
0 4 21
99 79 72
74 8 91
16 48 91
82 25 64
8 16 23
28 53 12
77 25 17
68 34 68
82 25 68
8 51 71
53 69 44
53 51 76
49 78 55
98 38 32
76 25 26
42 38 91
42 21 52
60 38 26
0 25 21
96 91 17
52 8 76
15 15 16
78 99 98
68 27 43
78 61 23
60 15 32
17 53 25
52 86 61
85 4 17
60 68 26
10 9 40
67 94 61
77 52 68
15 77 16
98 15 16
8 16 71
8 99 98
36 99 68
28 54 80
96 91 72
24 44 99
10 26 1
78 61 68
95 53 75
85 31 64
65 83 55
78 51 68
17 28 63
16 72 39
32 76 18
50 34 68
82 52 72
82 91 72
20 83 52
50 27 60
49 86 1
58 8 91
52 21 44
16 44 39
77 52 72
10 86 61
42 24 6
49 58 61
77 91 68
61 31 12
10 94 1
72 63 92
65 41 39
20 83 26
79 28 18
95 55 18
29 56 43
32 21 6
14 6 26
32 21 20
65 41 9
36 99 98
36 61 23
42 41 99
77 52 21
17 56 63
10 8 26
76 25 20
16 48 39
28 53 63
16 38 9
84 16 68
17 28 80
89 94 18
10 86 1
68 72 41
80 21 95
84 61 68
15 38 22
51 32 31
28 54 43
0 4 68
14 15 32
79 92 60
92 16 71
61 56 80
67 86 90
79 92 41
0 56 63
77 26 96
42 83 6
8 65 68
82 28 41
49 86 55
14 6 22
16 44 99
15 72 41
95 63 75
92 65 68
32 13 52
19 68 26
24 38 9
72 53 74
32 24 20
76 13 20
82 92 41
90 94 92
78 99 68
60 38 22
67 26 1
72 55 92
16 44 91
19 68 32
49 94 90
16 48 99
92 61 71
94 69 97
0 91 68
42 24 20
17 49 78
15 92 43
84 99 71
76 83 26
92 51 23
42 24 52
32 63 92
50 28 18
96 4 64
15 34 41
96 25 64
78 61 71
0 31 12
89 25 94
58 8 76
59 28 51
24 26 98
89 55 18
15 68 22
68 27 41
53 21 94
14 38 32
58 21 76
24 44 39
19 6 22
78 51 20
36 65 98
0 31 63
67 94 1
28 28 63
68 27 68
68 51 63
15 15 76
59 44 99
20 25 20
59 38 84
74 51 97
82 52 68
52 68 97
50 72 60
32 55 75
28 13 79
52 86 1
65 41 91
58 8 94
28 31 12
94 8 94
15 77 76
65 38 91
53 8 91
32 13 20
36 99 71
52 75 51
79 72 18
50 28 60
0 44 17
52 26 55
20 83 6
58 68 44
53 69 91
68 28 18
58 68 97
65 21 52
90 55 18
28 56 43
90 63 74
72 63 74
82 28 68
22 61 51
78 16 68
79 28 68
24 26 55
89 76 18
91 16 82
42 72 99
29 54 12
79 27 18
17 31 12
70 23 95
84 65 23
52 94 98
28 53 25
53 21 76
79 27 41
92 65 98
95 55 92
78 94 43
5 63 5
61 56 25
94 82 27
84 46 73
59 41 9
59 38 39
72 63 18
49 86 90
29 17 0
29 28 12
65 38 84
64 84 30
82 31 21
36 51 68
24 58 55
67 26 55
59 41 39
15 20 36
19 6 32
50 72 18
28 31 43
98 77 22
85 52 72
13 70 26
14 39 51
52 94 90
42 44 99
95 76 18
89 94 92
82 52 21
92 61 23
60 58 88
65 48 39
84 51 23
52 26 98
49 26 98
59 24 32
4 50 0
82 72 43
15 68 32
82 72 68
4 74 31
0 56 25
52 94 55
32 63 75
36 65 71
78 99 20
16 48 84
15 6 26
15 23 55
84 16 71
87 94 0
94 68 76
36 16 71
42 13 20
91 7 12
68 73 25
12 93 81
82 34 41
77 4 17
95 76 75
92 14 89
68 27 60
82 27 43
65 83 52
16 72 84
6 11 10
96 4 72
15 92 41
72 76 75
15 77 32
16 72 91
8 53 75
65 24 26
74 21 94
65 44 39
61 60 96
72 60 86
47 58 61
1 71 98
32 55 34
0 53 56
49 78 98
65 25 52
89 36 91
65 48 99
98 77 26
73 43 76
0 54 80
77 91 64
80 85 90
79 72 43
65 41 99
50 34 60
27 3 9
20 13 26
79 72 60
95 94 75
29 31 63
67 26 98
42 21 26
52 86 98
48 18 91
20 13 52
8 61 98
1 82 32
15 21 43
95 1 79
53 10 34
15 92 18
95 94 18
0 31 43
24 58 1
35 82 70
77 80 80
19 15 76
36 51 20
32 63 74
19 38 76
90 76 18
35 13 89
96 31 17
32 24 26
12 28 35
79 72 41
62 52 99
28 79 78
0 28 12
77 16 8
0 28 43
84 68 97
74 21 91
16 70 55
85 25 68
10 26 61
58 8 97
81 90 39
16 2 78
61 28 80
8 99 71
39 56 74
6 70 6
23 49 46
52 78 1
77 53 23
61 51 90
72 34 28
72 93 96
17 55 67
0 25 72
8 37 44
50 27 41
80 27 33
77 56 39
9 57 41
74 51 44
28 28 25
79 21 23
80 37 12
41 56 2
8 70 51
75 24 82
82 27 60
83 42 3
2 54 89
30 24 50
62 36 31
14 77 76
18 38 21
66 66 45
65 48 84
0 31 17
90 55 15
59 48 91
94 58 60
49 26 61
96 31 72
77 31 68
59 38 91
0 65 1
8 65 71
15 37 53
79 26 12
22 15 75
92 51 20
0 53 25
22 84 86
80 67 3
98 77 76
84 63 93
91 73 16
52 59 93
24 72 84
50 12 87
96 91 64
70 91 10
72 93 71
52 51 94
61 31 25
0 42 76
72 76 34
16 41 39
51 58 7
9 81 37
52 78 55
82 28 60
94 51 94
84 65 98
24 41 99
97 4 28
63 6 77
15 38 76
59 72 91
8 51 98
85 13 99
67 94 55
20 63 13
92 99 68
8 48 48
50 14 84
74 66 9
59 18 9
53 68 97
17 54 80
68 28 41
94 45 48
15 70 85
32 63 18
52 78 90
65 72 84
15 95 60
14 15 16
14 38 22
39 35 0
57 54 34
71 49 83
69 34 96
52 26 61
94 14 93
88 43 23
77 31 72
94 8 44
13 47 91
92 61 68
89 63 92
24 48 84
72 53 92
59 44 39
53 8 76
39 65 57
20 13 55
19 77 76
77 96 41
32 53 18
98 68 22
5 32 60
68 27 18
85 17 8
65 72 91
89 61 87
52 8 97
4 0 3
30 98 22
25 32 59
0 31 72
68 11 69
30 13 8
59 86 56
77 48 20
20 24 26
71 86 66
78 78 37
60 44 72
98 33 27
24 38 84
8 28 87
90 5 90
82 72 18
82 25 72
91 35 56
14 6 76
60 77 32
84 51 20
47 74 65
21 21 17
35 6 74
30 21 18
60 33 23
75 30 0
82 41 77
10 86 55
97 84 86
0 54 12
17 53 80
53 69 76
59 48 39
87 25 89
77 26 29
78 1 47
82 28 18
84 99 98
21 72 88
28 28 43
4 16 11
17 53 12
31 81 78
53 51 44
95 4 3
93 11 4
56 47 99
32 94 18
19 38 16
46 23 39
36 74 83
50 15 50
62 50 1
16 61 66
24 38 91
24 53 86
29 26 92
98 38 76
28 56 25
32 25 55
54 16 3
32 85 74
50 72 68
62 77 62
63 37 38
36 99 20
67 78 98
0 54 43
0 56 80
86 43 66
69 35 71
58 78 59
22 34 53
29 11 27
77 52 64
6 74 73
76 24 6
96 8 73
77 45 89
29 31 43
56 22 14
42 13 6
42 48 9
65 38 39
47 16 41
68 92 43
53 27 85
32 76 34
62 40 1
68 65 70
55 52 17
19 15 32
16 48 9
56 25 80
75 31 79
72 26 41
18 63 4
57 49 35
89 63 75
79 16 37
84 19 24
96 28 89
18 60 43
61 70 50
16 38 84
53 98 8
11 52 76
14 97 59
87 65 83
52 51 91
10 49 5
39 14 32
72 94 92
15 6 22
24 72 91
42 13 55
43 32 41
5 98 8
88 25 42
10 43 6
96 4 17
58 68 94
70 46 67
