82 31 64
78 16 71
52 26 61
78 51 68
16 48 39
85 52 72
94 69 44
78 65 23
52 78 90
29 54 63
52 58 1
16 72 84
50 28 43
50 27 41
72 94 75
98 15 32
16 38 9
50 34 68
82 27 68
82 4 64
98 6 16
24 58 61
79 28 68
32 94 34
20 83 26
65 83 6
98 77 32
15 28 68
94 8 91
95 76 74
61 31 12
98 15 76
52 86 55
74 8 76
42 48 84
32 83 55
8 16 98
24 72 39
10 26 98
98 38 16
60 15 26
29 28 12
13 97 73
52 94 90
52 21 94
78 61 23
96 52 17
1 51 58
59 48 99
94 21 91
65 83 52
89 53 92
72 76 18
0 53 25
65 25 52
82 52 17
96 91 17
15 68 22
24 38 99
65 38 84
89 94 92
14 68 16
24 44 9
90 76 34
77 31 68
82 31 72
32 27 11
32 24 20
72 55 18
0 56 43
24 58 90
42 48 39
14 15 76
24 41 39
52 94 61
51 49 10
15 72 43
65 24 6
72 76 75
82 14 20
84 99 98
58 21 94
94 69 76
8 16 68
90 63 74
42 38 91
59 41 39
32 24 6
78 16 68
77 79 89
32 76 92
36 8 89
97 21 30
0 25 68
20 83 20
68 28 43
20 24 20
58 8 44
24 44 91
96 4 64
79 72 41
71 0 2
92 65 68
29 31 63
5 25 65
17 13 86
32 63 75
42 41 84
14 38 16
32 94 74
42 24 26
81 54 32
59 78 78
87 30 27
53 69 97
46 68 98
41 93 82
35 44 77
67 32 78
58 68 97
13 45 92
93 67 40
24 58 13
17 65 16
1 47 87
45 64 84
84 60 18
43 94 26
31 62 93
78 51 23
92 16 98
47 46 66
32 21 6
73 29 49
79 27 41
17 13 44
74 55 26
85 4 17
71 60 98
4 8 58
1 23 24
51 99 52
40 16 24
79 93 22
72 63 74
27 58 78
20 24 55
96 25 68
28 56 25
46 9 72
4 99 66
65 48 84
59 72 39
49 94 55
70 1 77
11 1 2
1 55 59
89 53 87
87 54 9
58 21 97
8 51 17
10 21 62
77 91 64
65 41 84
82 27 41
36 86 64
79 34 68
8 61 23
95 55 92
15 68 26
43 83 36
8 88 63
82 34 18
96 52 64
72 77 16
14 91 12
95 63 18
24 94 98
46 66 47
45 22 58
53 68 44
89 71 17
49 86 98
41 65 58
78 99 20
78 9 25
9 21 79
74 33 9
55 82 35
65 44 84
14 77 16
21 12 76
23 62 45
93 45 22
5 72 90
68 24 72
15 29 59
82 92 68
38 4 55
52 94 1
40 77 21
59 44 91
30 91 80
84 40 72
60 6 16
43 80 97
77 25 21
92 29 74
16 41 9
50 34 18
11 9 8
80 27 62
60 15 76
11 86 54
29 31 25
76 83 55
90 55 75
99 57 80
72 94 34
8 21 76
13 22 36
78 65 43
14 68 76
78 36 30
19 15 16
96 85 30
90 98 74
29 17 11
51 69 52
8 65 68
94 27 35
90 81 44
1 97 94
97 4 36
42 7 60
85 52 64
0 52 68
90 12 20
28 31 63
35 96 45
77 4 68
52 86 1
89 63 74
61 54 12
52 94 98
13 44 52
96 50 91
72 1 68
45 17 86
19 38 16
22 17 79
25 40 98
72 74 14
58 59 80
31 71 96
51 59 35
31 41 13
69 63 25
16 0 90
87 78 0
14 53 42
74 51 97
78 36 31
58 21 44
21 55 53
66 80 28
62 21 92
42 67 37
82 25 21
32 55 92
26 7 47
67 26 90
65 48 39
96 78 27
80 77 13
9 40 20
48 68 35
55 81 21
90 46 26
26 40 39
6 89 44
43 46 91
0 31 80
72 94 92
70 33 7
13 72 55
87 88 72
84 99 91
77 52 64
29 61 81
56 14 8
78 65 71
5 93 52
45 2 34
24 78 1
14 38 22
51 95 58
90 63 18
80 38 67
76 5 7
82 72 68
52 51 94
58 81 33
89 66 45
24 58 1
95 94 34
67 69 59
98 6 26
50 92 68
94 33 60
53 39 49
9 80 46
6 95 38
4 45 76
88 28 92
96 21 63
34 92 52
20 83 55
52 21 97
61 85 60
97 18 83
74 8 84
68 51 1
10 6 5
32 40 39
96 61 29
24 58 98
13 85 51
65 38 99
86 83 54
94 68 44
4 99 99
28 56 80
4 57 65
39 18 24
61 94 63
15 11 71
42 87 34
97 37 67
5 49 47
89 55 74
14 1 13
24 72 91
61 68 63
8 96 5
59 50 6
6 9 20
15 14 10
74 91 42
1 5 80
0 25 72
76 24 52
17 20 83
78 61 68
55 45 93
5 31 72
90 53 34
57 67 69
33 41 68
69 46 85
84 92 98
54 74 12
83 72 43
59 28 8
71 4 60
96 14 65
20 4 27
35 15 83
29 99 5
17 56 12
15 77 16
59 41 91
50 34 41
65 24 55
7 95 49
13 25 11
96 4 68
42 44 39
75 83 30
7 65 95
15 36 86
95 61 54
32 94 18
77 88 47
44 88 46
34 76 85
27 26 22
59 48 9
69 59 72
98 77 16
0 31 1
7 42 32
47 22 7
32 55 18
52 71 76
71 57 97
48 28 24
10 58 90
79 27 68
96 91 68
2 4 68
63 97 37
28 28 80
1 83 18
92 53 36
28 9 13
66 21 48
77 54 2
72 53 92
75 64 99
26 48 34
26 67 59
30 79 53
41 22 69
64 87 8
2 40 22
16 23 82
60 38 93
0 31 64
43 13 72
59 46 20
88 36 9
90 86 72
92 56 83
96 30 20
57 31 72
90 49 61
82 54 97
0 4 17
56 37 17
46 85 59
10 58 1
41 19 98
11 21 11
83 70 70
50 22 0
57 27 33
28 77 76
20 13 52
18 40 23
17 95 63
95 94 18
83 82 90
66 57 26
78 38 51
29 52 20
29 53 97
42 24 52
50 72 68
57 48 72
76 82 17
51 24 62
63 79 80
95 94 75
73 96 4
47 14 21
99 84 20
25 1 51
36 21 88
81 64 64
87 53 95
86 9 37
57 72 46
57 84 47
0 31 63
40 26 9
52 69 94
11 14 83
13 83 95
90 95 3
90 58 29
66 88 52
8 61 20
14 77 32
3 63 76
76 43 6
2 45 43
84 16 98
67 58 1
95 90 88
37 61 66
28 56 12
94 39 88
49 62 20
2 33 52
82 27 43
89 76 92
14 54 79
65 16 80
33 27 74
36 99 23
85 59 42
95 18 70
75 82 43
7 89 56
67 10 59
60 59 93
81 2 15
94 69 94
45 6 84
29 77 57
17 29 56
92 65 98
11 91 71
65 21 26
42 24 20
52 14 55
9 8 43
63 76 80
94 64 21
32 56 27
17 11 97
77 91 17
66 74 64
84 45 73
82 91 21
73 70 51
7 44 88
58 52 51
84 45 4
17 38 67
82 66 98
60 65 55
12 67 39
56 16 56
10 86 8
43 26 16
17 54 25
24 26 98
74 36 66
68 63 14
65 25 26
61 54 25
2 68 7
72 51 71
62 8 90
45 90 30
69 73 58
24 41 84
86 52 67
21 1 29
57 91 24
95 50 98
41 64 20
48 38 8
2 96 6
64 99 36
79 99 47
67 19 74
98 53 68
53 68 76
76 56 20
94 26 62
43 20 53
78 51 20
90 89 20
61 67 83
96 54 46
96 38 36
36 12 76
23 44 10
60 1 16
53 44 82
30 36 23
57 64 63
72 27 67
7 40 60
64 96 5
65 93 40
50 28 18
70 67 66
65 53 24
2 51 74
68 2 60
30 98 73
72 99 44
45 99 17
51 48 26
76 13 55
98 69 56
57 87 67
26 85 21
53 89 21
79 38 8
3 82 20
74 45 75
19 68 22
73 80 89
65 81 85
77 31 17
26 61 89
17 32 85
54 94 68
63 14 48
98 86 90
41 13 73
52 12 51
84 16 23
67 53 1
67 94 90
40 39 98
66 54 72
86 14 40
3 54 56
19 77 16
15 6 26
69 66 4
67 78 1
54 38 75
19 79 64
82 25 20
60 6 22
63 76 11
85 52 17
26 29 9
32 83 26
96 60 59
35 56 76
56 97 93
33 12 85
71 2 14
82 92 18
49 94 90
4 12 33
10 27 99
92 65 20
63 81 96
49 48 17
98 69 55
85 28 47
28 15 8
90 67 93
82 58 60
77 95 19
19 68 32
52 67 85
14 6 76
27 65 49
28 29 67
9 2 34
58 99 8
41 53 52
21 61 51
25 77 57
33 59 63
3 1 51
19 73 42
65 25 18
12 79 61
53 15 83
87 86 59
7 53 21
4 41 74
47 86 7
39 33 78
36 48 61
13 28 35
66 4 65
5 86 8
83 12 41
32 96 55
82 10 89
28 95 41
47 23 86
82 43 63
92 36 65
53 24 57
8 34 42
16 44 68
41 80 53
93 45 21
70 85 2
19 82 0
82 55 59
89 75 84
31 24 17
46 15 78
3 38 98
75 19 44
60 15 16
24 94 55
93 12 45
11 39 94
92 4 62
77 76 6
18 99 21
27 78 33
61 25 60
42 82 8
92 0 31
82 91 72
62 91 72
5 51 70
56 71 72
17 50 92
66 23 83
99 99 77
26 9 30
17 22 95
9 11 0
83 89 91
30 57 4
29 31 12
50 20 4
12 81 17
40 71 11
85 36 27
70 34 0
58 76 80
4 84 60
85 8 56
93 18 80
96 25 64
72 43 70
79 34 60
70 38 22
87 26 17
68 10 2
64 82 78
11 6 36
13 49 9
58 48 37
84 2 80
69 27 7
65 29 44
52 8 76
53 70 98
16 18 32
65 48 99
86 33 95
43 52 11
53 47 18
18 16 64
28 54 12
88 13 69
40 45 77
0 53 43
28 23 43
72 64 89
27 55 77
82 18 63
16 20 2
37 49 79
84 69 91
95 76 98
67 26 98
81 17 47
9 36 96
12 50 20
26 58 90
53 47 55
19 78 18
1 35 98
87 77 86
47 67 28
85 63 99
15 61 50
71 93 87
20 45 73
90 11 16
89 73 40
45 49 6
64 57 19
36 95 17
12 61 29
52 8 94
72 57 80
64 75 80
77 7 11
29 88 23
37 46 60
82 78 60
90 5 75
49 85 68
19 6 22
10 42 15
23 78 83
0 53 63
48 0 17
17 53 61
80 11 25
66 38 5
71 98 71
81 15 49
95 64 25
52 70 91
7 55 98
19 64 18
89 76 18
12 78 44
79 92 60
42 72 84
49 3 14
4 63 51
93 35 25
95 32 75
70 83 59
34 12 63
24 29 75
89 50 18
54 38 31
67 19 75
0 70 35
54 25 83
79 5 37
31 6 24
37 75 95
15 55 22
62 11 24
85 87 58
53 47 81
52 18 91
62 16 16
79 13 94
24 83 78
51 2 28
69 45 11
82 28 18
89 62 16
20 59 70
42 19 91
42 41 99
74 12 22
64 71 70
6 61 34
64 88 7
97 96 65
89 21 61
85 4 64
71 51 14
20 5 0
30 32 48
28 28 12
12 79 10
5 86 86
13 17 90
41 80 82
73 78 21
77 31 72
59 15 83
29 28 25
56 50 43
47 79 70
97 66 56
41 4 1
32 30 92
81 65 78
92 91 44
16 77 92
64 73 49
28 54 63
41 99 74
50 57 92
12 37 81
45 46 18
67 24 41
34 80 61
51 24 20
1 37 23
66 94 24
9 60 12
24 72 9
0 91 68
60 77 26
50 95 16
39 62 69
71 98 29
90 53 18
72 59 16
59 85 38
8 65 23
83 42 38
27 67 60
66 64 79
70 61 65
44 99 40
64 41 14
3 6 63
97 56 53
2 88 34
81 82 24
90 62 63
19 38 26
92 83 85
22 83 34
78 54 94
37 88 68
15 68 32
58 69 97
66 95 51
47 13 10
74 74 43
74 68 20
67 80 54
80 75 68
63 10 6
23 40 13
58 84 71
73 3 95
69 41 32
80 0 20
90 26 85
42 53 48
74 21 76
58 63 57
59 41 9
82 52 64
52 33 70
46 7 48
72 85 92
15 22 83
36 44 72
60 77 22
36 98 40
57 35 69
0 52 17
14 84 61
92 96 23
86 30 40
77 52 21
17 79 33
17 24 83
17 31 12
77 45 89
22 7 8
69 30 55
42 21 20
97 74 42
2 35 29
5 98 23
15 28 8
21 99 15
31 90 64
61 0 20
26 29 80
92 99 71
49 76 91
79 85 22
59 40 30
21 16 6
23 6 39
65 84 18
12 97 92
43 2 79
90 41 76
55 43 11
36 42 21
67 50 67
73 96 10
40 59 98
94 52 86
24 82 80
36 69 94
59 74 88
55 82 95
96 12 81
26 60 25
90 68 87
24 22 89
78 54 88
6 19 16
12 1 18
10 94 61
25 61 96
70 12 76
47 40 64
5 82 86
47 84 56
53 30 60
16 68 28
12 85 51
41 91 84
85 91 72
31 0 21
86 22 6
16 64 30
96 55 93
81 57 57
37 54 23
17 0 98
2 27 96
38 38 35
3 64 25
54 40 99
84 25 9
62 13 84
6 92 58
57 90 48
52 49 56
79 17 46
19 67 16
50 92 43
79 67 6
7 38 98
97 95 43
69 31 12
16 48 9
95 7 10
29 62 23
82 72 6
