14 77 32
82 25 68
19 38 76
84 65 20
16 72 84
50 28 41
78 99 98
49 94 61
74 8 44
52 68 44
17 53 25
50 28 18
58 51 76
59 48 39
67 58 55
52 58 1
90 76 34
58 51 97
94 69 97
20 83 52
58 68 97
32 25 52
28 53 43
79 72 68
67 78 98
85 91 17
0 52 68
77 31 64
53 68 94
14 15 16
82 52 64
89 94 18
24 58 1
96 25 68
8 61 23
95 76 34
53 69 94
92 65 20
95 76 74
61 31 43
68 28 60
10 58 55
90 55 75
32 55 75
20 21 52
14 15 26
32 55 92
50 34 43
24 86 55
0 28 12
74 69 97
67 26 55
42 38 84
50 72 41
28 54 12
89 55 92
15 92 41
58 69 76
90 76 75
49 26 55
42 13 6
28 54 25
67 78 55
15 34 60
61 56 80
92 61 68
96 4 21
82 34 68
19 38 22
32 63 34
79 28 68
61 53 12
20 24 20
42 48 39
92 16 71
0 54 80
28 31 43
42 41 9
59 72 9
60 6 16
17 28 43
29 56 63
32 53 34
59 38 84
0 4 72
15 27 41
14 68 26
59 44 39
50 34 60
36 61 23
24 38 39
98 38 22
42 48 84
17 54 80
52 58 55
59 38 91
65 83 20
17 31 80
95 76 75
32 83 52
17 28 25
50 27 18
42 21 52
72 76 34
92 99 23
20 21 20
72 94 92
52 26 1
82 4 72
67 94 55
36 61 20
19 15 22
60 77 26
53 8 91
52 51 76
68 92 68
60 6 32
24 44 39
77 4 64
19 6 32
82 91 68
29 56 25
78 99 23
49 26 1
85 25 72
32 76 74
98 6 26
95 53 75
72 53 18
85 52 21
52 26 98
65 83 6
95 63 34
72 94 75
78 51 23
29 31 25
24 48 91
15 77 16
90 76 92
8 51 68
82 92 60
42 48 9
16 72 39
79 92 43
89 94 34
29 53 25
0 56 80
16 72 9
0 4 17
52 69 76
16 44 39
10 26 55
20 25 6
76 83 6
0 91 17
16 72 99
68 27 18
0 4 21
19 38 16
14 6 26
92 65 98
82 25 17
52 21 44
36 99 23
82 92 41
15 38 76
42 25 26
10 86 61
60 6 22
15 28 41
42 83 26
98 38 26
0 28 25
76 21 26
15 68 22
58 8 76
82 72 41
15 68 16
24 86 1
78 61 98
85 4 17
32 21 52
15 15 32
72 53 75
15 34 18
61 54 80
24 26 55
42 24 52
20 21 6
36 51 98
29 54 43
82 27 43
82 4 21
32 13 55
8 51 71
10 78 1
52 94 61
92 51 23
52 21 91
52 51 91
84 61 20
32 21 55
32 76 34
61 53 63
36 51 68
74 21 76
53 21 91
36 99 20
78 51 71
42 41 39
0 31 72
77 4 68
24 72 84
42 72 91
17 28 63
85 31 68
32 13 52
60 38 76
65 21 20
16 38 91
14 38 76
94 68 76
24 78 90
32 53 18
79 92 18
96 4 72
20 21 55
59 44 84
29 28 63
61 28 43
82 31 68
77 25 21
58 8 94
52 26 55
0 52 64
76 83 26
14 68 32
65 13 20
49 78 55
28 31 80
74 68 97
14 15 32
42 21 26
24 94 98
52 58 98
29 31 80
29 53 80
79 92 41
49 58 55
90 63 34
82 25 72
61 54 43
16 48 39
10 78 98
74 69 76
79 72 18
72 63 92
85 91 72
53 51 76
59 72 84
15 68 26
49 86 55
94 21 91
10 58 98
85 52 68
24 72 39
82 28 18
49 26 90
42 44 91
61 31 12
68 72 60
67 86 61
15 77 32
96 52 68
8 16 23
98 15 16
92 65 23
19 6 26
0 52 17
79 34 18
84 65 98
50 72 18
52 94 55
19 6 22
95 63 75
29 54 80
94 68 44
76 13 55
94 69 94
61 56 25
65 25 20
96 52 64
36 61 71
85 91 21
98 6 16
50 27 60
65 41 39
78 99 68
16 38 84
0 56 63
85 31 21
24 48 39
94 8 76
36 61 68
28 53 80
24 94 61
52 51 97
32 94 34
15 27 43
52 68 97
60 15 76
82 72 68
14 68 22
15 72 60
94 68 91
82 31 21
72 63 75
72 63 18
29 28 43
15 6 76
60 68 76
78 51 98
0 91 21
60 6 26
96 52 72
65 38 39
82 28 60
78 16 68
59 38 9
78 61 20
78 61 71
65 21 55
32 24 6
14 6 32
17 31 63
32 24 20
95 53 92
52 21 94
53 69 97
19 77 16
16 44 84
82 92 18
32 13 26
79 92 60
32 94 92
59 44 99
8 61 71
15 68 32
90 53 34
49 94 90
67 78 1
24 26 1
89 53 92
61 53 80
65 83 52
96 91 21
89 63 75
65 44 9
90 63 75
58 51 91
10 86 55
74 51 97
84 65 68
10 26 90
52 51 44
20 25 26
52 8 97
17 28 12
52 51 94
42 24 20
20 13 20
85 91 68
77 91 64
17 31 12
89 63 92
65 41 99
15 92 18
65 72 39
14 77 16
8 65 23
65 38 9
77 4 72
53 69 76
98 77 16
42 25 6
78 61 68
52 94 90
50 28 68
20 24 52
96 4 17
32 94 18
82 31 17
53 51 94
79 27 18
15 28 43
42 38 99
15 77 22
14 6 16
24 86 90
24 38 91
36 99 71
15 38 32
49 58 1
36 16 23
95 94 18
24 58 90
78 65 71
15 15 76
65 72 84
76 21 52
72 53 74
61 31 63
85 31 64
15 27 18
49 86 1
8 16 68
61 56 12
79 28 60
0 56 12
58 68 94
92 51 68
29 28 12
49 94 1
32 83 26
90 55 18
14 15 76
29 31 43
60 77 32
77 52 72
8 16 20
98 68 76
60 77 76
15 6 16
92 16 23
59 48 91
10 94 1
82 4 17
32 63 74
60 68 16
0 25 64
90 94 34
68 27 60
67 58 1
24 26 90
94 51 91
79 72 43
28 28 12
53 69 44
92 61 98
50 28 43
89 53 18
19 6 16
79 27 60
59 41 39
24 72 9
59 72 91
95 55 75
96 52 21
15 34 41
8 65 68
10 94 90
15 6 22
84 16 98
90 94 18
96 4 64
68 28 18
61 54 12
58 21 94
42 72 84
8 51 98
52 78 1
42 21 6
77 91 72
0 56 43
65 24 52
77 31 72
10 26 61
65 21 6
98 68 22
20 13 6
76 21 55
14 68 76
89 63 74
74 21 97
94 69 76
42 24 6
0 25 72
52 26 61
32 83 55
95 76 92
89 53 74
72 76 74
42 24 26
61 28 12
8 61 20
67 26 1
84 16 23
65 48 9
14 6 22
61 28 63
77 4 21
74 68 44
53 68 76
42 83 20
36 51 71
84 16 20
84 61 71
85 31 17
15 38 26
77 31 68
50 27 68
24 86 61
15 34 43
94 8 94
28 56 12
52 58 90
90 63 18
42 13 26
19 15 32
65 48 99
67 26 61
42 44 9
74 8 94
84 51 71
92 61 20
29 53 43
42 21 55
84 99 20
96 31 72
95 94 75
36 16 98
0 31 17
72 76 18
16 41 9
52 68 91
29 54 12
85 52 17
32 13 20
32 21 26
28 56 25
49 58 90
24 58 61
98 68 32
24 26 98
24 44 91
95 63 74
76 83 55
17 56 12
76 24 6
76 25 20
15 6 26
77 31 21
60 6 76
16 44 99
17 54 63
82 4 68
20 13 52
24 86 98
72 63 74
79 72 41
95 76 18
32 25 55
49 78 61
52 94 1
92 99 68
77 52 21
32 94 74
20 24 55
42 25 52
74 69 94
98 77 76
84 99 71
29 56 12
49 26 98
53 21 44
36 16 68
90 63 92
0 31 64
61 54 25
82 31 72
67 86 55
90 94 75
78 51 20
32 76 92
68 34 68
42 72 9
58 51 44
85 25 17
17 56 80
84 65 23
8 16 98
65 38 99
49 86 90
74 21 94
94 8 44
96 31 68
89 76 34
67 94 1
53 51 44
24 48 99
15 15 22
96 91 17
24 38 9
19 77 26
32 76 75
92 65 71
82 72 18
53 51 91
20 13 55
74 8 76
72 53 92
65 13 6
16 48 9
52 86 1
14 38 22
52 58 61
42 72 99
52 26 90
36 51 20
52 78 90
68 72 43
94 21 44
58 68 91
0 31 21
29 31 63
61 28 25
60 38 26
67 26 90
49 78 98
58 69 94
59 48 99
0 54 25
24 94 1
14 77 76
65 24 26
98 38 16
49 94 98
20 21 26
76 13 20
60 15 16
24 78 98
98 6 76
82 52 72
42 38 9
59 38 39
15 77 26
61 53 43
36 51 23
72 55 34
67 94 98
29 31 12
85 4 21
68 27 43
82 34 18
8 99 71
19 68 26
14 38 16
65 21 52
10 86 90
60 15 26
42 24 55
84 16 68
65 25 26
78 65 20
94 21 76
78 16 98
32 24 26
65 21 26
79 28 18
59 48 9
32 53 74
53 51 97
74 8 91
95 53 74
72 55 75
14 6 76
59 41 99
58 8 91
65 13 26
49 86 61
79 28 41
67 86 1
82 27 41
78 16 20
16 41 99
77 25 68
78 65 98
78 61 23
65 83 55
76 24 55
60 68 22
0 54 12
24 44 9
36 16 71
24 72 99
32 63 18
94 51 94
24 44 99
59 41 84
16 38 39
84 51 20
10 86 1
65 25 52
52 8 44
20 13 26
98 77 32
16 48 84
89 94 92
36 16 20
58 21 76
74 68 91
0 91 64
24 48 9
58 21 91
89 55 75
16 48 91
96 25 21
98 15 26
74 68 94
0 25 68
24 58 98
82 52 21
24 58 55
8 61 98
82 92 43
24 41 91
42 83 52
10 94 98
24 48 84
67 86 98
79 27 43
67 94 61
58 69 97
95 55 18
60 68 32
15 27 60
8 61 68
98 38 32
90 63 74
72 76 75
68 34 18
42 83 55
84 51 68
20 25 20
92 51 20
98 15 76
32 53 92
82 91 64
61 56 43
85 4 68
10 58 1
10 78 61
15 38 22
32 83 20
0 53 63
16 72 91
42 13 20
58 8 97
24 41 84
76 13 52
94 69 91
32 55 74
17 53 12
65 44 99
65 41 9
72 94 74
32 63 75
28 56 80
90 55 74
98 77 22
52 8 91
32 55 34
84 99 98
52 78 61
42 13 52
82 25 21
67 86 90
15 28 18
79 34 68
65 44 39
50 92 68
53 8 94
95 55 74
68 92 60
32 83 6
59 44 91
94 51 44
96 25 72
84 61 98
19 38 26
19 68 32
77 31 17
42 44 39
32 21 20
74 51 94
52 78 98
59 38 99
77 91 21
72 55 92
68 72 18
72 94 34
65 24 20
84 65 71
10 78 90
82 72 43
17 53 80
0 25 21
14 38 26
65 72 9
67 94 90
89 76 75
96 91 72
65 48 39
16 44 91
82 91 17
53 8 97
76 24 26
65 25 55
77 25 17
17 56 25
19 15 16
92 61 71
65 38 91
60 68 26
67 58 90
59 72 39
60 15 32
76 21 6
65 38 84
52 68 76
29 56 43
28 28 80
92 99 71
59 72 99
95 94 34
98 38 76
49 58 98
53 21 97
8 99 98
24 72 91
72 76 92
74 69 91
82 28 41
90 76 18
82 25 64
98 68 26
89 53 75
76 25 26
95 94 92
68 28 68
0 28 80
50 72 68
79 27 68
78 51 68
52 69 44
78 65 23
61 53 25
61 31 80
17 56 43
0 53 12
14 38 32
8 51 20
76 13 26
17 56 63
79 92 68
0 31 80
72 55 74
89 63 34
68 92 18
76 83 52
85 31 72
53 68 44
42 44 99
49 26 61
52 68 94
90 76 74
82 4 64
53 8 44
52 86 55
78 65 68
10 26 98
0 31 12
28 28 63
42 21 20
20 83 6
58 8 44
17 53 63
0 28 43
85 4 72
68 27 68
84 51 23
92 16 68
82 72 60
68 27 41
60 77 16
94 51 97
89 55 74
82 27 68
67 78 90
68 34 41
82 34 60
29 53 12
16 41 91
50 27 41
19 68 22
82 28 43
95 63 18
24 41 9
53 68 91
82 91 21
59 48 84
50 72 43
49 78 90
42 38 39
20 25 52
84 16 71
0 28 63
19 15 26
32 21 6
65 25 6
15 72 43
89 53 34
42 25 20
77 91 68
72 94 18
98 15 32
0 53 80
8 65 71
0 31 43
16 44 9
36 99 98
24 38 99
90 55 92
65 48 84
82 27 60
96 31 17
15 6 32
8 51 23
20 83 55
32 13 6
32 24 55
58 69 91
78 99 20
59 41 9
98 77 26
17 53 43
32 24 52
77 52 64
52 69 97
14 77 26
94 68 97
79 27 41
65 83 26
94 8 97
78 16 71
15 38 16
76 21 20
0 53 25
89 55 34
24 78 1
15 27 68
89 55 18
85 52 72
14 77 22
50 92 43
79 72 60
76 13 6
67 58 98
65 41 91
50 28 60
74 21 44
19 6 76
65 24 6
10 94 55
42 13 55
36 65 71
52 69 94
20 83 20
58 68 76
89 94 74
84 99 23
16 41 39
32 25 20
52 8 76
78 16 23
10 78 55
53 21 94
65 24 55
17 54 25
77 25 72
28 54 80
32 25 26
94 21 94
36 65 98
76 25 6
8 99 20
77 4 17
15 15 16
72 63 34
92 51 71
