92 65 68
42 48 84
52 26 61
77 91 72
92 95 50
76 75 0
94 96 33
20 25 55
93 25 68
83 54 83
71 66 27
8 61 20
46 83 3
49 17 95
27 93 25
43 12 27
42 78 5
61 31 25
8 59 81
39 55 9
15 98 18
41 61 40
76 13 55
42 41 39
4 16 9
65 83 47
13 43 53
74 19 1
36 99 71
86 69 77
10 4 15
96 52 68
50 63 23
42 25 6
19 37 23
99 45 95
42 21 6
43 81 38
10 69 11
26 78 75
50 72 41
79 17 61
19 15 26
31 70 95
44 67 66
30 14 55
95 38 16
95 67 71
38 76 57
29 11 0
56 69 40
71 1 17
94 68 91
58 90 60
96 38 77
15 72 43
42 25 20
3 69 64
32 35 27
58 20 94
52 94 61
64 76 49
3 65 82
5 41 46
74 73 6
38 9 78
75 4 40
45 29 76
83 86 71
21 86 21
66 7 70
48 39 45
53 72 19
33 23 32
81 89 66
91 47 62
89 52 40
64 74 14
29 31 43
90 53 18
69 39 60
52 94 98
50 62 42
77 52 17
94 58 43
68 27 68
19 15 76
47 6 14
8 22 36
13 52 10
19 76 85
59 87 13
60 68 16
70 20 27
21 67 23
79 92 18
44 93 82
0 53 12
40 84 27
76 40 1
26 73 65
10 78 61
6 9 11
65 3 56
94 51 44
23 52 60
82 92 68
38 55 95
66 84 27
23 91 85
89 62 5
61 55 10
71 76 76
32 56 76
91 36 61
42 25 26
92 65 23
4 3 58
37 57 79
94 68 44
26 55 5
93 48 89
15 10 99
25 34 38
3 21 60
85 7 46
28 82 12
42 21 55
99 31 69
77 18 34
46 26 91
0 91 89
68 9 98
93 71 89
98 6 76
77 53 52
45 92 6
72 75 85
52 19 89
77 43 73
17 54 25
75 78 17
53 42 19
46 9 24
61 28 80
70 73 30
3 12 90
9 94 62
96 43 88
88 39 77
66 21 13
70 87 66
16 31 19
5 98 3
14 15 22
35 1 51
55 66 42
9 60 20
75 64 88
3 51 9
59 12 0
43 11 47
62 51 76
40 80 73
86 33 28
29 37 57
97 74 51
81 7 83
3 35 92
61 64 86
37 74 50
49 40 97
96 4 72
59 2 35
96 71 57
87 56 10
11 13 68
22 6 84
27 79 10
50 20 78
85 10 66
55 15 36
69 66 9
48 41 0
96 34 23
95 63 37
66 16 21
90 10 15
27 58 1
12 58 94
67 85 6
75 38 78
62 24 12
41 80 18
19 29 99
29 11 58
42 59 76
26 43 17
51 32 97
79 51 88
17 9 2
99 38 4
98 34 90
11 71 30
52 26 1
90 98 56
35 41 59
42 19 33
22 19 50
62 68 0
65 38 39
70 17 39
98 41 6
98 70 77
35 35 68
8 55 52
53 24 10
49 5 31
51 60 37
20 39 94
21 49 40
49 78 17
95 69 61
35 76 16
6 35 59
76 94 71
55 90 86
40 87 10
28 28 59
80 12 98
45 28 2
49 91 73
57 59 21
33 52 99
31 12 63
17 21 20
79 32 74
77 52 64
68 92 18
48 2 71
75 54 53
93 99 27
95 24 88
66 53 70
40 4 45
62 86 53
96 45 37
10 86 98
21 85 73
91 27 27
90 55 34
90 66 30
7 77 76
63 72 62
26 34 46
8 73 80
4 6 29
66 81 10
83 31 69
56 25 67
20 92 21
24 44 99
42 46 22
80 93 73
93 65 29
56 39 61
43 23 35
71 48 20
59 41 91
93 73 98
61 53 38
26 15 67
62 86 74
96 55 22
37 63 1
68 36 25
87 57 35
47 66 46
87 72 82
15 6 16
68 39 98
89 82 32
77 51 55
2 21 83
17 64 92
8 30 85
91 98 78
79 29 75
18 43 80
41 70 81
77 95 13
79 94 58
79 53 37
34 89 87
3 46 80
1 21 10
73 30 17
24 16 95
59 37 84
15 90 80
19 54 59
12 74 94
37 93 67
69 29 96
49 14 40
0 77 49
21 24 5
38 36 33
17 16 58
47 16 57
84 68 54
84 76 6
97 52 42
48 5 41
22 43 3
26 92 31
52 21 44
25 30 92
66 80 29
69 33 85
61 56 25
46 38 96
13 47 35
88 7 4
55 99 42
79 96 93
79 99 58
92 55 16
30 2 50
22 30 30
12 23 91
27 56 80
35 15 18
19 88 12
17 52 49
76 59 27
56 60 15
23 82 86
36 99 98
33 54 94
7 3 80
79 51 61
50 34 34
51 71 18
12 2 31
4 78 18
71 86 44
74 17 99
19 10 46
25 9 11
98 3 28
63 59 55
0 30 49
36 92 87
39 95 66
43 24 51
31 46 75
22 8 80
91 11 85
2 9 86
87 68 0
28 18 84
32 36 79
67 44 90
1 59 27
9 30 54
49 95 42
28 53 43
48 45 43
94 79 29
39 51 8
17 38 87
49 18 33
82 41 43
55 28 75
39 48 7
74 24 85
61 38 81
11 29 94
13 69 56
43 14 79
29 96 35
49 8 33
67 61 2
45 6 28
36 20 90
93 92 16
81 1 16
27 23 22
61 43 63
83 9 24
53 69 94
20 45 64
84 37 36
65 21 6
94 31 99
94 55 29
16 24 46
81 47 58
44 9 39
68 33 85
69 4 18
38 9 10
89 65 24
53 43 17
65 45 49
33 96 86
75 6 45
34 99 91
15 19 30
29 24 83
85 18 14
7 52 59
84 73 29
4 96 77
92 57 59
7 59 13
48 30 43
41 43 7
30 36 68
52 50 21
83 58 35
80 71 59
72 49 86
13 6 23
80 89 6
18 50 84
25 16 21
65 18 40
42 17 71
35 33 25
87 98 67
50 54 88
53 96 66
84 11 68
72 46 69
39 50 43
88 37 43
60 24 49
57 95 96
24 65 15
21 63 21
90 80 54
75 35 26
4 25 18
8 27 66
32 78 97
11 41 59
45 68 25
8 65 98
58 31 20
58 88 33
13 30 92
30 49 66
54 3 30
68 40 80
27 80 24
56 36 0
98 79 20
88 76 6
69 42 26
27 28 21
84 42 73
60 2 53
44 54 58
59 68 82
28 17 2
77 64 21
30 20 12
59 2 23
23 98 91
62 38 96
63 91 81
52 85 81
23 86 55
26 60 80
14 46 30
13 81 39
5 35 32
50 3 47
72 47 66
18 4 53
15 71 64
76 86 73
35 5 89
5 0 98
35 50 44
32 37 99
88 58 69
75 81 29
65 79 7
75 93 19
82 19 48
56 90 66
6 34 95
77 91 17
62 70 9
35 71 38
19 65 30
20 39 1
46 61 89
39 79 35
17 47 51
30 17 15
91 46 95
23 35 72
93 86 33
45 69 37
37 76 11
55 67 57
96 98 30
8 8 62
62 9 84
44 96 39
66 22 71
68 27 30
56 87 1
98 13 81
32 88 25
59 78 31
65 72 99
49 57 54
80 27 22
27 3 86
52 69 91
6 87 24
37 51 73
36 2 6
11 29 41
5 50 31
13 93 14
71 17 23
46 25 14
89 38 58
2 36 2
35 21 34
83 2 12
34 28 89
72 64 14
32 73 9
62 79 83
0 46 98
82 31 72
66 49 23
96 75 87
28 77 28
46 98 91
92 45 16
89 53 34
90 97 44
49 15 27
22 31 60
41 60 72
10 15 79
70 20 4
88 67 4
48 3 10
63 42 16
86 42 51
51 88 3
65 73 77
73 59 52
75 6 91
82 40 18
16 48 91
22 12 7
46 42 85
10 39 30
71 17 26
42 65 57
68 15 71
26 39 87
0 85 42
96 40 21
78 88 2
32 58 81
81 44 49
29 14 6
9 54 61
28 26 67
43 33 76
22 56 63
98 87 57
90 11 65
38 34 66
26 64 10
7 20 3
40 35 39
24 56 92
24 94 55
89 76 21
43 41 85
5 84 60
92 50 8
42 55 56
52 82 11
43 47 1
28 73 46
44 97 61
99 8 76
32 41 85
56 26 51
4 6 37
52 50 92
55 67 75
64 72 45
90 89 87
77 77 85
10 3 35
32 15 47
25 17 1
69 83 0
13 95 51
87 94 70
3 91 88
30 63 40
42 39 37
68 41 40
10 90 78
84 11 27
85 92 85
87 51 31
45 64 47
3 13 80
35 79 19
34 75 24
76 37 37
84 17 22
1 9 43
10 56 70
9 43 97
71 95 97
52 18 20
46 36 20
35 95 37
30 97 17
77 44 59
50 34 75
26 43 31
0 53 80
27 15 29
31 92 83
64 94 56
28 70 84
79 87 77
99 91 58
4 61 87
25 48 1
20 8 28
43 87 88
24 76 17
56 87 57
63 70 45
6 54 20
51 52 64
7 68 84
35 1 80
52 50 65
54 38 71
14 69 54
60 80 86
71 7 72
82 55 78
75 19 1
93 58 72
37 8 32
83 37 48
73 2 3
95 12 85
21 95 0
16 38 92
47 5 59
95 67 77
44 50 23
85 24 70
40 78 5
2 20 38
32 0 20
52 6 33
11 47 0
65 83 52
4 86 80
95 38 84
6 90 99
8 4 28
59 79 19
83 10 36
40 22 75
28 58 1
49 60 13
19 83 61
35 86 40
50 58 76
8 84 25
0 4 64
73 0 74
60 67 5
76 8 94
43 6 73
24 69 37
29 56 63
94 95 98
98 21 56
56 66 6
9 84 32
90 44 38
36 3 33
9 39 1
49 38 62
30 95 64
32 97 26
90 71 43
85 21 40
31 31 83
74 80 7
62 66 98
22 17 60
68 51 88
29 49 55
37 27 96
32 49 89
69 33 90
41 9 75
65 59 37
70 11 10
39 49 88
90 44 76
34 5 4
32 25 73
32 5 31
59 28 28
4 24 14
73 1 4
90 57 88
92 52 28
7 92 75
67 15 46
96 25 72
75 38 49
15 28 80
37 58 77
11 16 34
28 8 73
65 47 78
78 16 14
87 99 18
55 55 10
84 34 1
58 17 54
20 84 79
84 44 30
90 94 21
78 39 53
47 3 8
61 82 14
46 70 43
0 24 75
15 67 68
3 93 9
48 89 80
18 78 34
33 47 77
34 94 91
72 93 85
16 73 25
53 8 76
79 20 59
34 21 34
44 2 41
59 44 9
89 97 47
77 18 43
30 39 91
27 91 34
22 64 79
27 92 21
62 25 80
72 40 56
95 33 53
99 97 70
49 28 5
56 57 64
42 57 42
68 50 25
77 43 85
13 22 62
33 52 83
65 13 52
17 70 89
51 54 26
16 12 83
44 78 72
4 25 88
42 95 83
30 98 68
25 20 37
35 12 3
76 24 53
20 41 68
29 45 48
51 22 15
5 33 54
76 79 99
93 90 83
27 56 60
89 4 47
30 60 98
58 92 62
65 21 52
89 51 34
58 62 55
83 83 25
74 41 18
27 68 64
16 56 39
24 41 39
74 41 37
60 94 79
93 0 9
80 94 69
75 52 17
64 48 52
77 51 91
67 11 12
86 38 38
82 87 90
46 41 45
93 66 98
45 46 68
97 92 42
27 48 11
30 66 69
18 46 26
43 23 48
61 70 9
45 77 2
80 42 32
63 62 75
59 14 46
42 58 7
24 79 45
27 54 44
83 19 68
4 76 10
53 89 45
38 35 81
30 39 31
15 19 25
95 53 74
38 76 42
15 72 18
35 14 88
71 60 82
55 24 73
19 38 16
39 84 0
69 85 41
47 14 54
99 61 98
63 59 32
93 27 43
40 61 53
42 90 35
94 53 14
15 96 83
99 6 17
47 57 88
42 61 45
98 13 60
59 65 85
27 30 17
31 45 62
97 33 41
32 68 30
80 59 80
75 41 35
43 36 17
72 86 86
21 82 58
4 95 80
65 41 84
1 14 40
8 61 75
32 13 20
76 6 19
11 29 72
32 96 17
48 85 81
48 52 69
69 10 30
79 34 68
85 18 98
8 83 73
18 79 97
98 17 64
24 50 39
50 96 3
52 3 60
46 67 97
48 5 70
98 58 33
12 26 58
93 8 37
18 3 36
67 94 61
62 21 56
96 14 81
4 13 71
23 90 12
11 11 71
13 99 5
33 64 63
33 27 6
15 56 47
35 2 54
20 28 99
34 69 53
95 83 13
36 60 47
94 18 5
3 7 64
26 87 82
24 39 64
89 23 89
73 65 88
23 12 83
95 98 75
75 42 1
12 71 40
16 61 8
71 15 94
8 12 68
73 6 12
42 55 57
51 41 53
64 18 75
7 37 20
50 48 82
39 21 47
69 6 26
39 2 37
4 96 59
58 37 25
76 33 41
66 74 51
27 41 77
85 88 70
33 1 14
72 10 80
66 97 32
55 31 27
13 84 71
57 46 7
57 22 98
64 24 48
18 0 16
93 73 7
7 36 28
86 85 52
13 51 44
6 3 7
36 95 50
91 76 17
74 62 41
73 23 49
94 41 94
72 98 15
98 87 35
65 90 18
72 52 16
10 46 11
91 19 84
39 56 56
81 9 22
82 61 94
25 49 62
17 40 60
41 12 83
41 95 29
34 83 73
57 81 75
3 89 30
36 88 92
33 94 4
1 86 2
84 85 6
90 55 74
20 70 31
50 49 6
55 60 41
18 91 78
84 41 52
99 46 92
73 9 86
84 1 21
3 34 5
15 48 51
10 30 8
30 93 34
60 86 57
