15 6 22
15 27 41
32 55 92
90 76 75
90 53 18
0 31 63
32 83 26
58 8 44
61 54 25
20 83 26
96 25 17
78 61 20
42 83 6
84 51 98
53 68 76
67 78 90
50 92 18
14 38 26
82 28 60
24 41 91
19 77 16
20 21 6
42 41 39
77 4 21
84 99 98
72 63 18
68 34 41
32 21 26
82 4 68
74 51 91
15 34 43
89 55 74
60 68 26
67 78 98
74 51 94
58 8 76
20 21 55
10 26 61
89 63 34
24 26 98
24 41 9
0 4 17
15 6 76
50 92 43
96 91 17
29 53 80
85 31 68
84 51 68
94 21 91
15 92 41
95 76 92
72 76 34
61 56 43
8 16 23
61 53 80
94 69 76
82 28 18
50 34 60
68 34 43
17 53 80
14 38 16
36 99 68
82 92 18
20 25 55
94 8 94
95 55 18
19 38 32
61 28 12
65 21 20
36 65 68
32 13 55
16 38 91
15 38 16
77 91 21
17 28 12
65 21 55
67 58 90
94 68 97
42 21 52
0 52 72
49 94 1
28 28 43
17 28 25
65 13 26
17 54 25
14 6 26
19 15 16
17 28 80
65 24 20
32 53 74
15 27 18
76 25 26
65 21 6
95 76 18
72 94 75
53 8 97
72 55 92
59 38 39
84 51 20
67 86 61
29 53 63
90 94 74
67 94 90
17 31 80
49 86 90
98 6 26
10 58 55
16 41 84
68 92 43
8 51 71
89 63 18
19 15 32
52 8 94
95 76 75
60 38 22
24 72 84
84 16 98
14 6 22
94 68 91
50 28 43
85 52 68
95 55 92
68 72 68
90 76 74
32 13 20
74 21 97
61 31 43
72 63 92
58 21 91
65 25 52
79 27 41
92 99 98
72 76 75
89 53 18
58 8 91
89 94 34
42 21 20
92 99 20
79 27 18
0 52 21
42 25 20
82 52 72
60 38 76
84 61 71
77 91 17
29 31 25
8 51 23
90 55 18
52 78 1
52 94 55
24 38 84
61 28 43
52 8 76
59 38 99
96 4 17
89 55 34
42 48 9
84 61 23
52 26 1
52 94 1
96 91 64
59 44 9
0 4 68
17 53 12
89 53 75
32 63 34
84 61 68
49 58 61
0 54 80
68 92 60
32 53 34
42 83 55
82 28 41
68 92 18
14 15 76
16 48 84
29 53 12
59 41 39
17 54 80
74 21 76
61 28 80
24 58 90
65 38 84
94 68 94
60 77 16
36 99 23
60 68 22
76 13 52
28 53 43
15 27 43
92 61 20
0 91 21
17 53 25
72 94 92
58 51 91
16 38 99
28 28 63
96 25 72
49 78 90
53 69 44
59 41 9
8 99 20
42 48 91
98 68 76
14 15 16
0 56 12
68 28 18
42 83 20
32 21 6
95 55 74
53 8 44
50 34 18
58 68 97
92 16 98
19 38 26
52 78 98
19 38 76
76 24 55
68 27 68
24 72 99
95 53 34
85 31 64
84 16 68
90 55 34
24 94 1
15 34 41
24 48 9
24 26 90
15 68 26
96 25 68
28 31 80
72 94 34
14 77 76
77 4 68
59 44 39
42 38 39
53 21 94
0 91 68
14 68 26
61 56 25
0 56 43
76 83 6
14 68 16
24 38 39
61 56 12
79 34 60
49 26 1
94 69 97
65 38 39
15 15 32
0 4 64
77 91 64
74 68 94
59 48 99
78 16 71
15 77 32
36 61 71
77 25 17
65 48 91
96 31 17
52 8 44
98 6 32
77 31 21
24 72 39
20 21 20
92 16 68
60 77 22
20 83 52
52 94 98
0 4 72
32 94 18
74 8 44
50 27 68
84 65 71
60 6 26
61 53 12
16 41 99
17 56 80
65 83 52
20 13 26
59 72 9
17 28 63
28 28 25
79 92 43
89 55 75
94 51 76
92 51 20
59 72 91
98 77 16
82 52 21
92 51 71
16 38 84
17 56 43
53 68 91
32 13 6
82 25 21
20 13 55
10 86 90
8 61 20
77 25 72
42 41 99
89 76 34
17 31 63
29 28 63
19 6 22
98 68 32
76 83 26
19 6 16
36 61 98
29 56 63
98 38 76
52 58 55
52 58 61
65 48 84
72 76 74
65 41 9
82 92 68
10 78 1
49 94 98
19 15 22
42 25 52
65 44 91
84 65 23
98 38 26
84 61 20
58 8 94
74 8 94
68 92 41
8 61 68
59 48 91
76 21 6
15 68 22
74 21 94
42 21 26
24 41 84
65 72 39
77 4 72
96 91 21
96 25 64
24 86 61
74 51 44
59 48 9
76 24 20
0 28 80
8 99 23
92 61 68
72 55 34
65 24 52
32 21 55
15 92 68
50 92 60
15 34 18
24 26 1
8 61 98
77 91 72
10 94 1
82 31 21
79 27 60
67 78 55
85 52 72
20 25 20
58 51 94
68 28 60
85 4 72
0 91 64
58 69 44
16 48 99
10 58 90
24 48 84
28 31 12
59 44 99
0 52 17
98 68 16
65 13 6
68 34 68
50 34 43
52 58 90
52 26 98
84 65 68
32 53 18
19 77 76
61 53 63
79 28 60
95 76 34
82 91 72
84 16 20
82 28 68
65 25 55
24 48 91
36 16 71
8 51 98
42 48 39
42 44 9
24 86 1
53 68 44
60 77 76
76 25 6
53 8 91
94 8 44
29 56 80
96 4 64
65 13 20
42 13 20
59 41 99
32 63 75
53 69 76
65 72 91
96 91 72
72 76 18
32 76 34
24 58 61
61 28 25
94 51 91
29 31 63
10 78 98
28 28 80
90 63 92
76 13 26
8 65 23
32 25 52
10 78 61
42 72 39
61 53 25
20 24 55
17 56 63
82 27 68
82 34 43
65 13 52
50 72 43
32 53 75
98 68 26
20 24 52
79 34 18
53 51 44
65 48 9
82 25 17
60 38 26
72 94 18
58 51 97
59 48 84
29 53 25
92 51 23
68 27 60
36 51 98
0 31 64
59 41 84
90 63 75
65 24 6
96 31 64
29 56 12
20 83 6
20 21 26
14 6 76
19 6 26
42 83 52
95 94 75
98 15 16
60 68 32
67 94 1
52 69 97
59 38 91
95 94 18
78 16 98
24 72 91
32 24 26
24 58 1
52 94 61
52 51 76
0 25 21
16 72 39
52 8 91
24 94 55
53 8 76
67 26 90
16 44 91
95 63 34
59 44 84
29 54 43
74 8 91
79 28 68
29 56 43
82 25 64
74 68 44
32 53 92
50 92 68
20 25 26
28 54 12
76 25 55
74 51 76
32 94 74
92 16 20
20 13 52
85 4 64
85 31 72
36 16 20
29 28 12
61 56 63
53 69 97
52 21 94
92 16 71
79 34 43
52 21 76
89 55 92
24 86 55
58 68 76
17 31 43
24 44 39
32 25 6
94 51 94
89 55 18
42 24 55
60 6 32
52 51 44
60 38 32
24 78 90
74 8 97
89 53 92
79 34 41
50 72 60
52 8 97
19 38 22
32 76 92
58 69 76
17 56 12
0 25 68
82 4 72
84 51 71
59 38 9
67 58 61
20 83 20
42 38 9
53 51 91
79 34 68
24 58 55
79 72 41
49 78 1
8 51 20
15 72 43
79 92 18
52 68 97
52 86 55
24 38 9
8 99 71
0 56 80
0 31 68
24 41 99
79 92 68
82 27 60
65 21 26
52 78 55
96 4 68
90 76 18
92 16 23
52 69 94
58 8 97
77 4 17
32 76 74
0 31 72
28 56 63
42 38 84
90 63 34
76 25 52
79 92 41
84 61 98
77 31 64
42 72 99
60 77 32
52 86 98
76 83 52
15 28 41
15 72 60
16 41 39
85 4 68
74 69 44
82 72 18
28 56 25
50 72 68
85 25 68
17 54 43
10 58 1
67 58 1
90 94 75
32 13 26
76 83 55
42 41 84
89 76 75
89 63 74
24 44 99
96 52 72
94 8 91
14 77 22
15 28 43
72 55 18
78 61 71
0 52 64
60 68 76
78 65 71
85 25 64
15 28 18
76 24 26
24 72 9
42 83 26
53 69 94
32 55 75
36 65 98
15 77 16
10 58 98
98 77 22
65 41 39
74 51 97
78 65 20
36 51 68
94 21 76
74 68 76
36 16 68
95 63 18
15 72 41
82 4 17
95 63 75
42 48 99
85 52 64
79 27 43
94 8 97
94 68 76
98 15 76
36 65 20
15 27 60
53 51 94
74 68 91
94 69 91
28 28 12
76 25 20
52 58 1
53 21 91
28 31 43
15 34 60
36 16 98
79 72 60
10 94 55
95 63 92
79 72 43
42 25 55
28 53 80
32 55 34
42 21 6
29 28 80
78 51 20
77 25 64
82 4 64
42 44 91
52 94 90
50 92 41
14 15 26
16 41 9
67 26 61
68 28 41
98 38 22
15 77 22
58 69 97
60 15 16
29 31 12
28 54 80
60 15 22
60 15 26
16 72 84
24 48 39
94 21 97
82 92 43
15 72 18
90 53 92
0 91 72
42 44 84
65 25 6
49 78 98
24 58 98
17 31 25
78 61 98
77 31 68
82 72 41
67 86 55
0 31 80
32 24 6
16 72 9
72 63 34
72 55 75
92 65 71
8 16 98
16 44 9
72 53 92
20 24 20
68 28 68
16 48 39
61 54 63
77 4 64
85 25 21
59 41 91
82 34 68
49 78 61
52 69 44
20 21 52
98 6 16
24 26 61
72 53 75
65 13 55
14 68 32
58 69 94
53 68 97
65 24 26
15 15 76
84 99 20
76 13 55
20 25 6
76 21 55
82 31 17
82 34 18
15 72 68
77 52 21
28 53 63
0 53 80
0 56 25
32 83 55
15 38 32
53 21 97
42 25 6
76 83 20
52 68 94
68 27 41
0 25 64
42 41 9
79 28 41
0 31 21
15 68 32
59 72 84
77 52 72
68 27 18
90 94 18
14 15 32
52 26 90
96 4 21
58 51 44
10 78 90
58 21 76
76 21 20
77 25 68
49 26 61
53 8 94
0 28 12
16 48 91
8 65 71
52 51 91
85 91 64
36 16 23
82 91 17
78 65 68
15 6 32
17 54 63
52 21 91
42 38 99
52 86 1
77 52 68
36 51 71
92 65 20
19 77 22
50 28 68
0 56 63
42 24 26
67 86 90
19 15 76
52 51 94
0 31 17
52 86 90
50 72 41
77 91 68
32 63 92
19 77 32
29 54 12
17 28 43
98 68 22
24 86 90
19 6 32
94 69 94
65 48 39
19 68 22
90 53 74
58 21 44
84 99 23
29 28 25
95 55 75
24 38 91
58 68 94
74 69 76
65 83 6
17 56 25
65 72 84
0 25 17
85 4 17
19 77 26
61 31 63
98 38 32
74 8 76
32 63 18
50 27 43
82 92 41
15 15 22
42 72 9
10 86 55
82 92 60
68 28 43
15 77 76
15 68 76
78 16 23
52 68 76
65 72 99
15 68 16
78 16 68
20 83 55
95 55 34
65 83 55
36 51 20
82 4 21
76 24 6
76 13 20
78 51 68
65 44 39
68 34 18
32 25 55
16 44 99
50 28 41
8 61 23
84 16 23
52 69 76
61 31 80
10 94 90
74 68 97
16 72 99
32 24 20
42 41 91
28 31 25
90 63 74
28 56 12
36 99 98
42 48 84
98 77 32
8 65 68
58 21 94
49 26 55
79 28 43
14 77 32
67 58 98
60 38 16
32 55 74
95 94 34
52 78 61
52 26 61
79 92 60
72 53 74
72 55 74
8 16 71
50 28 18
67 94 55
90 55 92
19 38 16
15 92 18
90 94 34
32 13 52
20 13 20
49 78 55
98 15 26
82 31 72
89 63 92
98 77 26
78 99 98
72 63 74
16 48 9
90 63 18
52 51 97
15 38 76
65 48 99
49 58 55
8 16 68
17 53 43
19 6 76
0 54 12
50 27 18
60 15 32
78 65 23
42 44 99
49 26 90
77 52 17
14 68 76
24 78 61
92 65 98
94 51 44
68 72 18
32 21 20
32 24 52
49 94 90
89 76 92
89 63 75
82 52 64
61 28 63
77 31 17
32 94 75
52 69 91
67 78 1
98 15 32
28 53 25
78 61 23
50 72 18
96 52 68
42 13 6
65 44 9
42 44 39
94 8 76
0 53 12
50 27 41
14 15 22
17 31 12
65 24 55
60 6 16
94 69 44
67 58 55
15 92 60
61 54 80
94 51 97
28 54 25
68 72 41
85 31 17
95 94 92
82 52 17
60 6 76
15 15 26
53 69 91
89 94 74
67 26 1
29 56 25
0 53 25
90 55 74
14 6 16
67 94 61
61 31 25
15 15 16
89 94 18
77 31 72
16 72 91
74 69 94
94 68 44
82 34 41
49 58 1
10 94 61
74 69 97
60 77 26
98 38 16
16 38 9
42 25 26
78 65 98
90 53 34
76 21 26
92 51 98
58 51 76
10 86 1
96 52 21
65 83 20
78 99 23
65 38 91
96 31 21
0 31 25
61 54 12
10 86 61
53 51 76
59 38 84
36 61 20
16 44 84
42 13 55
65 21 52
53 68 94
15 38 22
96 52 64
82 91 21
85 25 72
8 16 20
68 72 60
65 25 20
36 61 23
85 52 21
0 91 17
49 94 61
32 94 34
89 53 74
95 94 74
49 86 55
32 25 26
29 54 80
89 76 74
0 54 43
20 25 52
94 21 44
82 25 72
65 83 26
15 92 43
