87 98 32
6 21 54
23 1 82
78 53 47
56 82 11
77 86 22
35 83 61
64 89 87
8 69 61
53 33 90
0 14 43
63 69 50
4 46 63
53 35 48
19 1 20
6 41 78
60 35 20
37 78 63
36 58 72
40 43 50
13 81 95
3 52 58
70 52 29
37 50 38
64 72 74
72 58 36
75 1 31
76 0 46
18 1 3
5 82 17
0 50 55
44 51 82
97 36 96
94 71 97
65 78 95
57 59 54
26 7 93
54 42 30
18 78 35
4 46 33
69 81 88
28 31 51
5 23 86
34 68 52
34 41 65
34 5 74
59 40 58
99 91 62
6 67 70
82 37 27
19 34 85
58 65 86
28 90 32
63 77 29
6 17 89
78 64 30
53 8 25
33 88 82
44 98 6
58 30 42
12 1 12
62 34 63
83 15 83
35 49 61
65 50 33
39 11 54
51 63 67
6 76 96
6 17 28
27 72 82
4 77 74
37 30 11
67 88 48
71 50 26
41 52 30
61 87 45
67 54 97
7 82 64
92 17 58
35 28 99
90 87 26
99 79 50
10 43 18
81 66 25
53 82 82
67 32 18
97 35 26
90 14 36
62 21 3
36 98 66
29 7 38
93 50 38
54 70 83
46 58 33
72 20 90
74 98 83
13 70 82
35 61 73
19 0 70
32 49 55
33 7 74
55 32 3
90 17 82
7 72 83
34 23 96
93 41 82
70 97 87
24 5 20
83 29 92
65 35 18
86 55 31
66 78 30
39 22 85
51 16 87
91 16 41
95 87 2
17 84 65
37 91 95
58 47 30
47 12 39
45 60 90
6 68 92
46 62 78
97 31 65
62 1 68
10 40 3
39 51 11
23 48 96
45 61 46
4 87 17
6 28 78
17 28 22
80 65 47
3 47 86
38 3 58
24 66 89
41 4 5
9 59 87
30 54 21
46 74 25
18 33 92
47 41 96
23 24 30
91 26 11
26 23 85
11 25 58
50 53 15
71 99 95
24 38 88
14 23 30
10 68 88
11 6 4
28 32 66
68 34 7
69 97 99
78 67 85
86 8 33
98 23 24
57 64 66
2 1 52
82 26 72
58 32 87
79 70 96
66 52 61
57 17 25
54 91 3
76 1 80
93 85 80
70 60 54
82 4 80
22 90 56
15 17 76
69 21 78
73 28 28
40 52 99
65 41 42
58 45 39
97 46 95
25 34 37
23 5 61
36 79 31
57 57 60
65 74 80
4 37 93
31 82 81
87 24 11
2 83 22
7 10 83
57 92 47
28 99 63
3 21 79
83 74 55
27 11 11
97 98 27
13 21 8
34 16 1
92 37 47
95 14 25
44 49 37
12 58 87
23 69 38
85 27 89
94 4 7
33 7 42
7 27 58
4 96 39
66 68 67
33 49 24
89 33 81
75 95 71
85 26 49
80 95 52
43 55 26
63 35 60
10 47 11
18 29 23
44 12 77
8 51 16
1 94 70
19 88 51
97 77 40
84 76 34
23 34 25
13 57 15
51 15 58
19 85 71
60 83 35
18 50 59
54 29 74
95 32 86
62 37 35
1 95 89
38 91 95
13 92 41
10 12 97
31 31 98
42 97 61
61 87 18
98 14 65
20 93 79
12 22 22
46 44 11
66 10 20
50 39 94
87 55 94
79 83 7
43 41 83
27 87 43
35 61 26
59 70 66
80 48 38
89 8 53
46 87 29
23 58 68
84 53 53
35 50 37
41 11 78
25 13 93
48 56 6
88 19 43
60 38 62
66 62 74
41 57 4
73 10 47
77 51 60
48 54 85
94 88 86
71 56 17
32 32 6
90 42 17
77 84 63
74 8 9
80 40 43
64 71 88
90 78 83
11 0 45
65 24 29
35 77 65
27 1 30
38 18 80
80 70 63
39 43 16
29 11 73
11 28 10
22 76 44
52 78 63
92 26 1
88 62 18
40 21 0
40 9 53
48 74 42
96 11 74
22 39 84
71 61 65
52 81 71
4 65 68
45 74 51
34 28 64
81 9 24
91 50 38
39 5 0
84 35 70
40 12 35
96 16 46
24 94 60
61 64 31
30 49 95
95 44 85
23 37 82
78 10 26
5 8 75
34 12 10
20 50 22
55 67 45
72 75 68
2 26 78
10 46 33
29 85 7
41 2 72
91 46 73
82 45 57
80 70 11
83 17 61
80 88 14
9 89 19
24 55 0
96 6 1
38 18 7
17 9 11
79 42 20
56 16 40
79 25 98
76 55 51
18 5 61
0 23 69
20 31 84
56 98 88
38 45 47
17 75 52
21 85 39
29 8 86
15 41 9
11 88 80
0 73 51
38 21 49
10 33 50
76 74 11
32 80 63
97 59 2
12 16 47
84 97 58
98 99 13
98 7 49
83 15 89
93 64 51
62 3 99
33 64 32
6 31 28
37 37 46
71 47 85
71 62 72
85 25 16
93 22 22
69 18 65
57 8 19
42 64 45
64 31 38
66 3 30
17 89 89
38 54 54
22 3 88
87 54 23
73 45 92
17 64 42
45 47 63
52 94 86
76 39 82
76 53 53
66 92 78
38 35 21
65 64 99
1 86 20
56 30 45
11 76 87
38 94 69
98 34 31
81 17 18
50 27 26
61 40 43
86 50 84
60 90 56
64 5 97
54 22 4
85 50 67
66 15 61
22 19 0
47 36 87
70 22 60
53 54 68
20 80 17
32 43 14
82 91 67
38 80 76
29 55 60
94 98 19
26 10 37
93 68 46
44 37 27
18 38 28
90 57 36
17 88 26
88 28 9
98 56 40
48 54 65
58 96 94
86 44 87
29 78 5
64 23 27
23 51 43
51 46 26
48 57 31
31 41 38
48 57 21
90 81 96
68 98 39
47 96 98
64 93 92
91 14 26
66 78 18
22 85 18
2 20 83
52 72 36
89 93 64
95 12 4
70 51 83
66 4 56
45 46 98
33 11 6
63 23 82
47 39 90
83 17 11
14 69 42
49 82 74
24 74 81
10 69 75
98 91 35
12 12 45
8 1 7
95 95 64
11 80 33
57 57 33
79 67 17
78 96 8
80 81 55
2 81 54
69 54 66
53 79 43
28 51 9
23 71 56
51 39 46
64 99 89
91 79 18
10 89 51
42 20 29
90 13 96
43 75 24
85 93 59
69 71 72
47 62 97
13 46 6
19 94 73
46 80 27
88 99 87
27 94 6
92 47 23
43 71 46
97 21 54
96 89 6
41 83 2
68 63 59
82 61 5
74 53 40
31 64 59
48 81 51
51 0 85
49 40 99
81 52 74
94 51 53
86 76 10
17 10 56
3 40 53
91 57 67
95 48 66
86 22 28
21 70 47
20 13 78
3 78 43
64 24 63
19 22 9
60 17 75
7 31 2
49 30 88
69 31 19
75 37 48
58 28 34
36 40 38
53 39 46
24 11 54
15 70 5
32 94 43
55 92 17
62 5 7
74 94 20
37 63 76
47 96 90
56 17 97
29 91 33
60 27 93
91 60 23
95 7 7
51 62 82
64 14 71
83 1 55
90 13 81
0 67 59
12 40 57
87 54 90
90 74 20
99 76 50
12 5 26
53 46 26
63 84 97
63 3 63
52 28 90
55 29 32
24 50 12
65 97 71
83 87 14
89 11 83
40 13 67
11 72 61
35 52 19
84 97 31
15 92 49
62 5 3
70 40 52
81 26 95
50 6 31
28 85 53
91 57 44
65 58 72
7 99 53
37 45 3
28 54 15
19 29 38
46 76 78
73 60 7
27 30 68
89 94 51
71 81 7
17 55 51
76 7 31
76 84 53
71 31 36
5 93 83
51 98 31
48 28 8
54 44 89
77 51 7
5 95 82
22 17 24
28 41 69
53 52 93
42 39 27
18 38 49
5 31 60
27 39 56
85 10 77
54 44 57
65 83 5
44 55 36
16 48 37
38 83 40
42 32 38
45 34 51
33 19 66
61 65 9
90 96 83
70 58 12
21 24 55
95 22 35
30 7 4
35 8 6
47 62 33
29 45 49
4 65 57
54 57 81
12 47 2
97 79 22
32 61 43
54 60 58
83 97 27
19 89 88
70 29 51
36 49 97
48 7 8
64 70 90
72 3 88
8 66 33
80 86 34
65 61 77
33 56 23
53 96 55
63 50 62
10 96 61
86 53 22
49 20 93
43 88 36
71 27 50
40 86 74
48 31 33
3 30 44
88 32 74
59 28 78
80 66 69
40 73 86
27 81 19
36 21 3
3 70 54
83 94 39
73 62 97
96 53 65
34 28 36
10 70 53
57 90 23
93 43 21
52 25 77
42 97 2
40 46 22
59 99 57
23 90 35
36 17 59
44 86 30
14 18 63
73 10 22
56 46 85
60 16 44
80 38 78
91 60 12
61 95 19
76 0 9
10 66 95
29 22 90
84 73 24
13 18 6
54 23 94
57 56 47
9 7 35
78 16 94
9 51 39
9 47 52
58 39 67
14 2 77
98 59 29
46 48 88
14 8 42
67 50 48
40 72 72
46 20 87
26 32 96
97 83 16
15 25 51
30 2 36
0 40 93
40 89 76
14 61 42
9 50 78
68 70 35
47 76 84
16 31 42
10 98 70
88 67 42
83 17 69
68 34 17
54 53 62
3 42 34
85 85 26
8 84 33
92 47 63
47 41 78
67 33 74
65 5 3
25 70 68
13 76 74
5 27 5
50 8 17
87 3 29
23 69 82
92 58 64
79 73 34
25 13 28
28 31 68
57 64 54
75 70 3
9 20 25
51 36 58
67 16 8
18 71 74
32 91 31
18 19 69
67 65 69
82 38 71
85 96 76
42 12 69
49 13 19
80 92 18
42 48 89
31 63 91
84 11 36
99 17 37
7 45 41
26 74 39
11 6 27
13 82 64
8 42 30
93 3 16
24 55 59
34 7 20
76 19 93
47 21 87
9 12 38
29 20 99
35 60 26
46 48 91
0 47 47
2 26 31
48 22 43
10 7 99
82 42 25
12 88 19
74 31 79
73 46 17
50 6 63
75 78 66
45 11 80
11 58 39
77 31 60
41 40 68
0 93 35
77 38 36
5 25 24
62 79 5
78 37 49
96 8 38
24 97 51
74 76 0
86 52 31
59 44 58
11 75 68
80 3 73
21 79 13
15 52 9
15 5 95
39 37 91
18 93 44
87 14 63
60 54 83
82 29 98
90 74 86
15 19 6
63 99 73
40 57 18
84 20 47
91 7 46
79 56 60
41 2 35
95 6 44
43 49 3
81 35 68
91 9 35
11 48 15
76 30 59
79 62 75
74 3 28
22 80 59
44 71 14
47 57 91
16 29 25
70 18 43
74 35 66
58 52 12
61 57 65
82 10 64
67 15 46
85 73 65
26 22 21
62 78 54
26 30 76
29 16 36
16 74 97
24 33 35
47 4 52
18 97 75
99 94 89
26 47 40
38 54 21
18 47 83
92 97 61
98 62 63
70 94 64
48 88 65
75 31 8
5 60 50
84 44 95
22 44 29
8 21 50
2 29 27
0 43 92
80 7 47
77 80 9
86 56 56
26 20 15
80 55 22
9 13 87
62 6 13
77 49 37
54 27 28
10 4 91
88 6 96
43 2 46
17 93 80
0 7 34
40 94 53
14 89 9
59 71 53
35 66 48
15 0 48
84 52 54
41 93 72
52 92 38
52 64 42
34 18 56
61 45 13
85 47 65
31 76 54
99 70 54
82 78 41
90 24 18
11 74 55
16 23 82
33 60 32
37 52 56
53 25 11
90 69 1
61 61 60
43 12 35
46 82 94
86 51 25
30 92 3
2 73 13
46 43 88
50 26 65
2 75 28
77 88 32
35 22 47
14 53 5
48 47 85
97 23 52
96 43 93
66 17 91
29 93 6
33 90 48
83 99 53
0 69 29
58 62 70
74 66 83
68 0 36
43 65 88
39 76 40
29 51 46
96 69 70
32 12 50
7 77 93
74 81 22
54 73 70
54 21 88
84 78 40
2 97 29
11 15 64
38 65 77
62 15 19
16 90 86
7 29 90
77 88 4
56 92 58
17 6 60
85 49 56
2 51 24
86 35 6
53 88 6
72 50 34
29 36 92
47 76 29
14 79 99
1 68 96
31 71 91
39 52 56
12 41 49
42 20 72
25 10 93
6 71 37
5 81 92
96 11 68
2 35 71
48 37 12
90 96 18
6 78 2
38 27 77
38 67 5
57 4 12
59 83 96
84 21 62
51 1 64
56 34 55
59 37 62
23 80 44
44 67 72
21 26 43
99 93 23
74 7 13
92 72 6
93 78 20
92 13 79
28 14 80
38 59 5
30 65 53
23 41 43
58 72 29
88 48 2
36 81 19
57 62 50
65 36 51
39 81 84
19 48 91
32 11 78
2 73 29
36 65 41
61 48 64
77 70 94
86 98 72
63 37 37
33 30 16
39 42 13
88 54 6
69 46 49
13 41 32
36 29 41
8 34 7
14 37 32
85 37 64
15 41 74
62 28 5
38 78 38
59 54 52
67 27 83
11 79 24
22 53 96
64 82 71
30 78 31
81 3 72
99 76 35
65 24 58
32 9 51
97 85 6
4 29 17
74 95 28
37 50 34
94 73 19
28 22 32
83 0 18
19 62 84
42 62 67
78 51 92
40 9 4
57 18 98
42 98 66
88 61 63
75 13 53
36 55 8
97 92 73
34 82 91
69 64 73
15 43 51
45 81 6
6 35 95
15 64 37
21 82 85
13 52 17
44 76 4
48 90 40
