0 14 25
62 5 7
53 87 5
11 44 11
90 87 26
86 76 11
86 89 34
45 86 70
86 89 56
1 86 63
22 30 95
90 77 30
7 34 77
93 43 60
83 46 22
68 43 60
61 65 18
90 86 63
7 51 48
77 51 48
77 51 77
95 22 35
86 14 28
47 62 96
18 34 8
66 3 30
45 46 20
66 78 6
27 89 56
66 3 29
45 74 70
86 89 75
47 76 84
90 16 6
90 98 95
73 41 37
6 17 53
86 65 65
6 17 89
86 76 87
22 87 5
66 96 30
86 50 28
97 31 48
86 76 56
65 69 61
65 5 82
61 98 95
86 82 56
63 96 6
97 65 48
81 46 53
87 62 78
7 34 17
86 44 73
99 35 43
95 51 6
99 22 25
87 28 96
73 62 37
83 46 89
83 17 89
66 77 7
93 39 65
23 5 3
79 35 6
90 74 33
99 76 6
37 50 65
86 35 25
45 74 20
77 34 17
99 22 35
65 69 8
74 74 33
73 71 37
53 35 5
37 31 34
95 14 28
97 35 95
66 3 83
63 16 29
83 0 28
4 94 63
90 74 23
68 34 17
83 31 53
86 76 35
63 3 6
90 35 18
97 35 5
11 76 75
97 31 60
86 50 38
7 43 60
61 65 5
0 35 6
99 76 25
79 22 25
37 31 28
23 69 7
87 96 83
47 28 37
99 51 43
70 96 30
0 76 6
6 31 22
97 51 48
70 96 83
90 74 63
70 78 83
86 89 38
99 76 28
77 31 77
97 31 77
90 78 7
66 77 83
95 35 6
97 43 60
90 74 70
47 41 96
0 35 35
1 86 23
32 31 89
91 50 26
86 22 28
86 51 25
68 43 77
97 90 77
64 76 75
11 82 11
97 87 48
86 39 56
81 46 28
97 87 18
32 0 61
74 86 23
56 39 75
90 86 33
0 14 35
22 98 26
4 74 70
66 78 7
8 1 61
86 35 28
6 46 22
6 78 22
0 76 43
18 1 8
1 43 20
68 31 48
70 3 7
0 51 6
32 17 28
74 94 20
86 89 11
23 37 82
63 16 6
87 3 30
64 31 28
63 96 7
87 77 7
74 74 23
74 43 63
86 44 87
83 78 89
0 76 35
0 35 25
53 35 95
56 82 75
45 46 63
40 31 53
87 78 83
90 46 20
11 76 11
37 39 26
11 76 73
56 89 87
83 17 61
37 31 65
56 44 11
37 39 34
6 31 89
6 31 53
4 43 20
7 51 77
32 46 61
87 77 30
1 74 23
65 34 82
64 76 11
23 5 8
18 69 61
62 69 61
62 34 3
83 17 53
68 51 48
0 14 43
65 37 7
97 87 26
40 46 89
97 30 18
1 46 23
95 51 25
87 16 30
8 5 82
61 98 5
6 78 28
87 71 37
45 43 63
65 34 8
90 46 23
97 65 18
18 69 7
74 43 33
18 5 8
65 1 8
22 30 26
6 76 84
1 94 63
83 17 28
87 28 37
6 62 97
56 76 75
4 43 33
66 77 6
18 37 61
97 35 26
1 74 70
90 35 5
68 34 77
64 44 75
8 34 61
87 76 97
97 98 48
46 28 97
93 39 28
87 41 78
97 51 77
68 43 17
46 28 78
65 34 61
87 28 78
86 89 73
8 34 3
23 37 61
93 31 28
64 39 26
64 89 38
70 77 30
46 71 37
74 46 23
70 78 6
91 39 28
11 76 56
23 37 7
89 78 68
4 94 23
90 94 63
4 43 63
27 39 75
81 31 28
73 28 84
87 62 96
40 0 61
66 16 29
79 35 43
56 82 11
45 46 33
18 5 82
0 14 6
40 46 53
0 22 25
90 3 30
7 43 48
70 77 7
86 51 35
27 76 56
81 46 61
87 96 6
86 50 65
64 89 11
46 41 37
90 87 48
40 31 89
64 65 26
22 35 48
23 69 3
79 76 25
65 5 7
81 17 61
99 35 25
37 89 34
23 34 82
79 76 35
86 76 6
68 90 7
4 86 63
27 39 73
66 16 30
87 76 84
86 39 38
11 39 87
63 78 6
91 65 26
86 82 75
90 65 5
73 62 97
86 35 35
93 31 34
61 35 18
79 51 6
4 94 70
4 94 20
32 31 22
66 16 7
45 94 23
27 44 56
93 50 26
32 46 89
15 17 16
53 87 18
79 14 25
93 89 28
46 71 78
8 69 82
70 16 30
97 34 7
73 71 96
32 17 22
47 76 97
79 14 43
53 35 18
87 16 83
77 90 7
0 35 43
61 87 26
6 76 37
23 1 7
76 54 83
27 76 87
0 22 43
90 65 26
32 46 53
86 89 26
77 31 48
23 69 82
66 78 30
27 44 11
64 39 34
23 37 8
86 22 35
95 76 25
90 43 70
45 86 33
95 14 6
61 98 18
99 51 25
8 37 7
97 51 7
83 0 22
86 22 25
53 98 48
11 82 75
90 96 6
6 46 53
68 34 48
61 65 26
6 78 89
0 76 28
66 16 6
86 39 87
0 51 28
56 39 73
81 0 89
32 46 28
68 90 77
28 23 49
64 39 11
40 0 53
34 51 98
63 77 83
6 0 89
97 90 7
45 94 33
97 51 60
37 89 28
6 41 37
53 65 5
45 46 70
47 71 84
52 87 16
64 89 56
11 44 73
1 86 33
93 51 7
95 35 28
37 65 65
11 89 87
61 30 26
8 1 82
79 14 28
46 62 84
8 34 82
83 31 22
86 76 43
22 35 18
32 0 22
74 94 23
90 35 48
46 28 37
45 94 20
7 90 60
62 1 7
62 69 82
64 39 65
6 87 89
74 46 63
83 78 28
53 30 48
87 62 97
6 46 61
90 77 7
61 98 48
90 3 83
46 89 69
87 41 97
18 34 61
65 1 3
40 78 53
97 31 7
11 82 73
81 78 53
86 65 34
22 98 18
74 74 70
64 44 73
22 87 48
66 96 83
86 39 34
74 46 70
72 49 81
93 50 65
99 14 6
45 74 33
27 89 87
64 76 73
65 34 3
27 44 87
90 35 95
23 34 3
90 78 29
77 51 60
70 16 7
64 50 26
70 3 83
50 65 26
86 31 34
45 74 23
63 78 83
97 34 17
8 37 61
27 76 75
27 82 87
99 51 35
27 76 73
23 37 3
87 71 97
90 98 48
93 65 38
87 3 29
8 5 8
11 39 11
53 35 26
77 43 48
97 98 18
6 28 84
73 62 96
64 82 56
68 90 48
91 65 34
97 98 5
47 41 84
30 60 46
87 71 78
90 30 18
40 17 53
79 14 6
95 76 35
95 14 43
65 37 61
64 31 38
32 78 61
56 89 75
1 74 63
77 97 50
60 23 33
95 51 43
86 14 25
86 39 28
56 44 73
47 28 78
22 65 48
56 76 73
6 62 78
38 53 70
23 1 82
32 78 89
1 86 20
70 78 30
46 76 37
47 67 12
27 82 73
99 76 35
62 37 8
64 89 73
23 69 61
9 88 37
73 76 97
11 89 73
86 14 43
83 0 53
45 86 23
97 90 48
91 39 26
4 74 63
4 86 33
62 34 7
86 44 56
93 31 26
11 89 56
6 62 84
97 90 17
56 82 56
61 65 95
99 35 35
73 41 78
58 88 69
8 86 41
4 74 23
91 31 38
68 34 60
23 71 11
91 39 34
86 14 35
47 71 37
23 25 88
40 78 22
93 31 7
86 31 28
97 34 60
74 86 63
2 26 8
8 1 3
45 43 23
70 16 6
86 31 65
63 77 6
32 78 22
86 76 28
90 3 6
90 43 23
19 24 52
7 90 48
81 1 86
17 64 94
97 43 77
7 31 77
79 51 28
64 39 38
81 17 89
46 41 96
32 0 89
5 71 26
70 77 29
47 28 84
4 86 20
73 71 84
6 62 37
32 31 53
93 31 60
37 50 26
90 65 18
81 78 61
81 31 22
91 65 38
63 3 7
56 88 61
0 51 43
99 14 28
87 35 83
7 31 7
62 1 82
92 60 90
7 51 17
95 14 25
21 74 49
93 43 7
60 51 86
6 78 53
73 28 78
45 43 20
90 16 29
56 39 87
12 3 93
26 12 32
18 69 8
22 65 95
18 69 3
11 44 75
47 71 78
47 62 84
63 16 30
97 30 26
64 39 75
64 89 26
53 65 26
19 7 57
40 46 28
68 51 17
11 39 75
2 84 50
86 44 11
79 22 6
66 83 57
63 47 42
40 78 89
90 78 83
49 61 91
87 34 76
19 77 24
20 44 42
82 68 17
27 82 56
7 51 60
84 8 56
86 39 65
46 71 84
62 69 7
79 22 35
97 31 17
11 96 57
92 6 29
36 10 74
47 28 97
64 31 20
32 46 22
46 76 97
87 16 6
61 30 18
73 76 84
11 89 75
6 17 61
56 44 75
23 34 8
52 60 96
27 44 73
74 67 79
65 5 61
56 76 11
0 44 58
93 90 17
27 39 11
73 28 97
27 82 11
6 76 97
93 65 28
64 76 87
58 10 77
70 77 83
40 17 89
91 65 65
23 5 82
37 92 23
80 81 66
6 41 78
8 37 3
82 40 67
59 11 24
60 62 31
75 80 74
99 22 43
27 39 56
64 31 65
66 3 7
83 46 53
53 87 48
33 68 57
93 31 48
11 89 99
93 39 26
99 76 43
17 95 29
87 76 78
81 0 22
7 43 7
6 62 96
23 1 61
64 46 94
95 34 49
25 15 10
52 51 19
66 96 7
15 39 94
90 87 95
27 89 73
63 59 16
32 31 61
77 51 7
77 34 48
6 0 28
97 90 60
1 9 44
86 76 73
7 51 7
98 91 12
70 77 6
52 35 80
87 96 7
47 68 53
79 76 6
63 3 83
47 71 96
94 28 29
90 96 7
0 25 3
91 65 28
90 87 5
37 39 38
90 98 5
26 37 53
61 35 26
8 34 8
5 58 85
86 51 28
48 97 37
64 82 11
1 43 23
95 18 39
74 63 36
86 89 87
56 89 56
77 34 60
83 78 22
99 35 28
1 43 63
77 53 73
0 76 25
68 31 7
99 51 28
93 90 7
6 98 41
63 97 15
84 16 89
0 22 28
3 6 55
35 9 45
95 22 25
32 0 53
77 86 24
6 46 28
70 96 6
19 51 2
2 64 76
83 46 28
80 42 0
13 18 31
21 90 23
91 69 55
18 1 61
4 37 81
91 50 65
1 43 33
46 54 16
87 41 37
86 30 25
62 69 8
53 35 93
24 14 95
50 41 47
86 65 26
27 56 51
68 38 80
30 26 39
7 51 34
55 8 15
65 35 14
66 77 30
1 87 71
91 89 26
62 10 64
9 82 49
81 83 0
22 30 18
90 30 26
91 80 56
1 68 73
58 28 18
53 35 48
23 36 87
28 38 70
42 89 76
15 54 51
93 49 7
83 31 28
35 19 42
71 57 23
95 76 43
63 55 33
19 4 66
97 30 5
95 14 35
90 43 63
34 66 52
81 46 22
91 86 6
2 54 47
18 5 7
93 65 26
32 78 53
54 44 80
72 8 96
64 65 65
7 57 13
61 65 48
7 43 77
81 65 70
83 73 58
0 86 59
83 0 89
87 78 29
21 62 54
87 78 6
68 96 7
48 10 97
87 3 6
47 76 37
93 10 75
38 66 99
68 90 17
74 95 21
22 58 33
4 86 23
53 98 26
28 80 41
70 78 7
23 19 79
97 34 48
83 74 22
87 77 6
62 69 3
57 78 37
35 35 92
47 62 97
6 41 96
80 62 90
77 43 17
20 11 80
98 18 54
64 44 11
14 76 13
74 74 63
40 19 9
39 79 36
49 36 42
32 16 3
45 86 63
90 30 48
17 26 98
8 36 55
6 41 97
64 82 73
29 53 40
24 19 15
93 90 48
22 87 26
93 34 77
96 46 76
64 89 28
31 34 53
56 73 77
11 82 87
35 2 56
97 87 95
93 89 26
5 68 49
64 50 28
94 95 51
95 76 28
90 16 7
81 79 31
37 39 65
62 34 8
59 65 54
75 29 66
97 91 9
71 90 37
90 94 20
32 78 46
57 48 27
30 49 58
11 44 87
60 7 91
19 84 76
6 28 96
80 74 45
46 41 84
6 78 61
90 75 99
80 0 99
65 1 82
27 39 87
65 71 36
87 3 7
6 71 84
14 64 51
52 0 95
77 32 36
9 99 20
93 50 38
64 50 34
86 88 0
64 39 28
83 78 53
68 43 48
1 75 96
64 44 87
4 46 23
65 28 22
32 17 89
1 94 70
20 80 26
59 83 80
93 6 24
98 69 57
63 0 64
39 24 6
37 6 6
55 55 11
31 3 78
87 12 32
93 31 65
93 35 71
65 34 7
99 14 43
93 23 90
60 99 32
40 46 61
21 50 80
61 30 95
23 74 3
0 14 28
88 92 24
95 35 35
27 89 75
63 86 48
96 95 96
73 36 14
64 31 26
46 76 96
32 0 28
11 44 56
77 90 17
46 28 96
8 69 8
57 52 31
90 98 26
52 82 86
87 96 30
75 66 20
7 64 63
62 5 82
36 23 90
71 45 3
97 35 18
6 17 28
27 84 64
12 82 18
81 42 22
90 87 18
70 30 45
79 55 3
68 34 7
84 22 20
87 77 29
90 30 95
73 41 96
96 85 94
9 60 81
97 51 17
44 75 29
65 16 60
84 13 26
91 39 38
63 16 83
22 83 46
13 67 5
93 51 48
72 28 4
46 56 71
