86 89 75
81 0 61
86 39 65
45 74 63
70 3 29
99 14 43
40 46 61
93 31 17
22 98 48
0 51 25
62 5 3
11 82 56
40 17 28
90 35 48
11 89 56
93 34 60
53 35 18
90 94 70
93 43 17
27 39 11
40 46 28
53 98 26
1 74 70
64 76 56
90 77 30
86 89 26
87 16 7
83 78 22
95 22 28
90 96 83
97 90 60
64 31 26
91 31 38
97 43 17
66 3 83
11 44 73
45 94 70
32 0 89
1 43 63
97 87 5
46 71 37
27 89 11
37 39 38
27 44 56
0 14 6
64 89 38
97 30 26
93 51 60
46 71 84
46 76 84
37 65 38
99 22 28
79 14 6
93 89 34
86 39 11
73 41 78
27 39 56
87 78 83
6 28 37
61 98 95
23 37 7
6 76 37
32 46 53
18 37 3
95 51 28
64 76 11
87 62 96
81 31 53
95 14 6
45 74 20
97 30 95
90 65 95
97 31 7
61 87 48
93 31 77
86 35 43
86 89 87
97 30 48
77 90 48
6 78 22
99 51 43
68 43 17
61 35 95
65 37 61
93 65 26
61 87 26
61 30 18
66 3 7
45 94 63
8 34 61
47 71 78
95 35 28
87 16 30
27 89 87
40 78 22
46 62 78
90 86 33
90 35 5
45 74 23
11 89 75
46 62 84
7 51 48
62 69 8
83 31 22
64 50 26
99 35 43
22 35 5
56 39 73
23 37 8
6 0 53
99 35 35
62 5 8
97 87 48
7 90 77
53 98 95
64 89 65
90 65 5
81 78 22
93 31 65
95 51 6
97 35 26
32 31 61
0 22 35
73 71 96
93 89 26
6 17 28
27 44 75
86 76 56
27 44 11
81 17 61
70 16 7
86 51 25
87 96 29
95 51 25
7 34 77
81 17 22
18 37 7
32 78 28
45 43 63
90 43 70
86 82 11
74 74 70
45 86 20
47 41 84
40 17 22
37 50 26
1 94 33
0 22 6
87 28 37
56 44 56
8 1 3
81 78 61
87 78 30
56 39 75
83 31 53
90 35 26
73 28 37
86 44 73
37 89 26
1 46 20
63 78 6
6 46 53
90 78 30
90 35 95
68 43 48
64 65 65
86 76 28
61 35 26
11 39 87
7 43 77
95 14 35
62 37 82
95 35 35
95 76 43
74 74 63
6 76 96
68 51 77
56 44 87
83 17 22
27 76 87
90 98 26
73 28 84
27 82 11
23 1 82
46 76 37
97 34 60
40 46 53
7 31 77
99 35 25
83 46 22
70 77 29
86 50 65
4 46 63
99 22 43
70 96 29
93 31 28
87 62 97
95 22 25
73 76 37
87 41 97
62 1 3
97 43 7
68 51 17
22 65 18
1 86 23
61 30 48
1 43 33
37 31 26
77 90 7
32 46 61
93 51 77
63 96 6
97 30 18
81 17 89
56 39 11
90 74 23
68 51 7
79 51 43
74 94 33
73 76 97
0 22 43
53 65 95
61 65 95
1 94 20
63 16 29
27 89 56
97 65 48
77 90 17
70 96 83
4 43 70
61 98 18
79 35 28
53 98 18
90 74 33
1 43 23
63 16 83
62 37 8
77 51 48
63 3 83
99 51 35
4 74 23
6 62 97
95 14 28
64 39 65
95 51 43
45 94 20
83 31 28
0 14 25
32 0 28
27 82 56
18 5 61
87 28 96
6 41 96
45 74 33
79 76 25
90 65 26
8 1 7
23 1 61
65 34 3
47 71 97
86 50 28
86 65 38
90 43 23
95 22 6
93 34 7
61 65 5
4 46 20
77 51 7
77 31 48
77 34 48
81 0 53
86 51 43
86 89 34
65 34 82
70 78 30
74 74 20
37 39 28
86 44 56
6 78 61
86 35 35
90 87 95
93 39 26
8 37 3
66 78 6
64 82 75
8 34 3
64 89 87
81 31 61
87 76 78
93 90 60
90 3 7
53 30 48
6 41 84
32 78 53
11 82 75
79 22 25
86 65 34
22 30 95
64 50 65
68 34 60
66 3 6
22 65 48
90 87 5
27 89 75
66 3 30
56 39 56
77 90 60
63 77 6
18 34 8
32 17 53
87 78 29
6 0 61
79 22 35
18 1 61
53 65 26
63 77 83
66 16 6
4 74 33
64 82 56
62 5 82
79 76 43
40 0 22
77 43 60
63 77 30
0 22 28
86 51 6
27 89 73
18 34 3
93 89 65
99 14 28
47 41 78
63 78 7
79 35 43
6 62 37
45 43 23
66 77 6
90 87 26
73 62 84
56 82 11
1 74 20
53 35 95
1 43 70
86 44 11
63 16 30
90 3 29
6 71 97
74 94 20
6 46 28
53 98 48
86 14 35
70 16 83
40 78 28
90 78 6
32 78 89
74 46 23
0 35 35
23 1 3
91 31 65
90 98 18
86 76 25
93 43 60
93 65 38
18 1 8
61 35 18
86 89 73
6 76 78
11 89 73
99 76 35
53 65 48
68 43 7
81 0 28
66 96 30
87 3 7
6 28 96
73 76 96
74 74 23
22 98 18
73 71 84
74 86 33
87 41 96
37 65 28
62 69 61
86 31 28
46 41 37
23 69 61
63 96 7
65 34 7
7 31 48
37 50 38
73 62 78
90 96 29
11 39 73
86 50 34
66 96 6
90 86 23
64 76 87
97 43 60
64 44 75
6 0 89
61 98 26
91 39 28
81 46 61
32 46 28
86 35 28
90 74 70
23 37 61
23 5 61
74 46 33
46 76 96
87 76 37
90 16 29
64 76 75
62 1 61
95 76 6
83 46 28
93 89 38
97 65 26
87 76 84
81 17 28
7 51 60
18 69 8
77 43 48
11 82 87
6 28 84
7 31 7
90 74 63
37 65 34
22 30 48
86 89 56
8 37 8
73 28 78
6 46 89
74 86 70
22 98 5
64 89 11
64 65 38
64 44 73
86 39 56
62 37 7
56 39 87
46 62 97
70 77 7
47 28 97
7 31 17
74 94 63
45 43 70
79 76 28
90 46 33
66 77 7
46 41 84
64 39 87
64 39 28
45 86 63
65 1 82
74 46 63
83 31 61
68 31 77
45 94 23
93 31 60
46 76 97
90 86 70
65 5 61
45 94 33
11 82 11
63 78 30
77 31 7
23 5 7
87 77 6
86 82 75
83 17 89
74 86 20
61 30 26
74 43 20
68 34 77
1 94 23
91 89 65
90 78 29
91 89 28
0 76 6
65 37 8
90 30 5
62 5 7
45 46 70
1 94 63
45 43 33
86 22 43
65 69 3
90 30 95
95 14 43
65 69 8
56 89 87
1 74 23
86 76 73
18 5 7
99 51 6
23 69 3
97 98 26
68 43 77
0 14 43
53 65 18
8 1 8
65 34 61
97 98 5
91 65 38
97 90 17
87 77 30
7 90 48
97 90 77
93 39 65
95 35 43
37 50 28
53 87 18
90 98 95
93 90 48
6 46 22
64 89 28
8 5 8
37 31 65
22 98 26
90 96 6
93 31 38
99 14 6
45 46 20
18 69 82
65 69 82
66 78 30
32 17 28
27 76 56
87 77 7
66 78 29
90 30 48
7 90 17
32 78 22
86 39 75
0 76 25
63 96 29
40 17 89
86 31 38
65 5 8
56 82 73
70 16 29
56 76 56
62 34 7
4 74 63
97 98 18
47 41 96
86 82 87
93 51 48
90 43 20
64 44 87
90 77 7
64 39 11
6 41 97
11 39 56
90 46 70
23 34 61
61 98 48
53 30 5
97 51 60
11 44 56
64 50 34
77 43 77
91 50 65
37 50 34
65 5 3
87 62 37
22 65 5
99 76 6
87 71 78
18 34 82
93 89 28
83 46 61
91 39 38
18 69 7
87 76 97
27 39 87
86 14 43
86 14 25
40 31 28
4 46 70
73 62 96
7 90 60
90 3 30
22 30 5
68 31 48
23 34 7
83 78 28
91 39 34
0 22 25
8 1 82
0 76 28
22 30 18
6 31 22
64 44 56
74 86 23
99 35 6
7 90 7
99 14 25
87 41 84
81 46 89
22 65 26
86 82 56
77 51 77
93 50 34
22 87 5
79 76 6
74 86 63
6 0 28
6 76 84
47 76 78
23 34 8
86 35 6
11 39 11
73 28 96
81 31 22
6 17 89
99 35 28
68 43 60
63 3 29
93 43 77
91 65 28
1 86 20
79 22 28
62 34 82
46 71 78
73 62 97
6 71 37
6 62 84
6 31 28
62 1 8
32 0 61
93 34 17
86 76 6
86 31 34
4 43 63
87 76 96
1 86 70
64 50 28
6 41 78
97 90 7
22 35 48
83 46 53
61 35 48
90 46 20
68 90 60
37 39 34
23 37 82
79 35 25
62 34 8
64 82 73
90 35 18
46 62 96
40 0 53
8 69 82
95 51 35
6 41 37
37 31 38
6 78 53
32 46 22
81 78 53
7 51 7
45 43 20
22 87 95
47 28 96
32 31 28
97 51 77
91 39 65
68 31 17
95 14 25
61 87 18
81 31 89
64 89 26
65 1 7
4 46 23
90 94 33
56 89 73
81 46 28
83 78 89
86 22 6
97 51 7
56 76 75
79 14 25
32 31 22
32 17 89
97 87 95
53 87 48
1 86 33
64 39 75
90 16 7
77 34 77
18 37 82
18 37 61
22 35 18
83 17 61
90 96 30
65 69 7
32 46 89
73 71 97
62 37 61
77 31 60
86 44 87
73 41 37
91 50 34
37 89 65
53 35 5
86 39 34
90 94 20
37 65 65
8 5 3
90 16 83
90 30 18
95 76 28
91 50 28
4 94 70
87 16 83
40 17 53
81 78 89
93 31 34
4 94 33
6 71 78
47 71 84
68 51 48
91 31 26
68 51 60
11 44 87
18 34 61
18 1 3
53 35 26
62 69 82
66 77 29
83 78 53
70 77 6
40 31 22
27 44 87
90 78 7
66 78 7
99 76 28
70 77 83
87 96 83
8 37 61
27 39 75
93 43 48
6 62 96
74 94 23
61 87 95
73 76 84
77 31 77
11 76 56
4 74 20
0 51 28
64 39 73
73 41 96
65 69 61
86 76 35
46 71 96
56 76 11
56 44 75
47 76 96
6 71 96
8 5 61
64 31 38
4 94 23
87 16 6
77 90 77
97 34 17
8 37 7
99 22 25
93 31 26
87 77 83
86 39 28
23 34 82
87 62 78
18 1 7
47 71 96
56 82 56
62 34 3
79 51 25
23 69 8
68 31 7
97 87 26
97 98 48
53 30 18
56 44 11
66 77 83
70 3 30
1 86 63
37 89 34
91 50 38
11 76 75
90 87 48
45 46 23
1 43 20
62 69 7
70 3 6
91 89 34
74 43 33
79 76 35
87 71 97
93 65 28
83 46 89
93 51 17
47 62 97
97 34 77
27 82 73
47 41 97
4 43 23
68 90 48
93 50 28
83 0 28
66 16 83
97 35 48
61 65 18
63 77 7
99 76 43
47 28 84
27 82 75
97 65 18
99 51 28
86 89 38
46 41 78
74 43 23
11 39 75
27 39 73
53 30 95
95 76 35
68 31 60
63 3 7
7 34 17
6 0 22
4 86 63
97 98 95
46 62 37
90 16 30
91 31 34
91 65 34
7 43 7
18 1 82
53 98 5
86 51 28
90 3 6
45 86 33
73 41 97
83 0 53
66 96 29
68 34 7
90 77 6
93 50 26
97 65 5
6 78 89
53 87 95
77 34 60
87 96 30
46 28 78
7 34 7
87 71 96
86 31 26
64 89 34
90 30 26
37 31 34
0 76 35
97 31 77
87 3 6
56 82 87
97 51 48
18 5 8
90 94 23
91 50 26
99 14 35
47 76 37
64 31 34
83 17 28
77 43 7
8 34 82
62 1 82
27 44 73
0 51 6
4 43 33
86 14 6
63 78 29
81 0 89
86 39 38
87 71 37
23 5 3
79 51 6
93 90 7
74 43 70
70 96 6
6 28 78
8 69 3
32 78 61
77 34 17
4 86 70
81 0 22
83 78 61
86 89 28
47 76 84
47 62 96
18 37 8
0 35 6
23 69 82
53 30 26
8 69 7
73 41 84
68 34 48
73 71 78
70 78 7
66 96 7
37 89 38
81 17 53
37 89 28
27 76 75
47 62 37
86 76 87
61 65 48
74 43 63
40 46 89
23 69 7
83 31 89
18 69 3
22 35 26
47 76 97
46 28 96
93 31 7
46 71 97
90 16 6
87 96 7
0 14 35
62 5 61
40 0 89
70 3 83
86 65 28
4 86 23
93 51 7
11 89 87
70 78 6
95 22 43
86 31 65
68 90 17
97 34 48
66 16 29
65 1 61
47 71 37
27 76 73
86 35 25
90 74 20
65 37 3
53 65 5
0 51 35
64 82 87
8 34 7
97 87 18
86 39 73
46 28 97
47 62 84
46 28 37
65 34 8
7 43 60
32 0 53
1 46 70
22 98 95
87 77 29
11 82 73
37 31 28
4 94 20
66 96 83
32 0 22
97 90 48
63 3 30
46 41 96
7 34 60
40 31 53
68 90 77
79 14 35
87 3 30
61 65 26
64 44 11
86 22 28
70 96 7
40 0 28
73 71 37
6 31 89
23 1 7
47 28 37
0 35 28
93 65 65
37 65 26
61 30 5
86 14 28
7 51 77
8 69 8
7 34 48
93 39 34
64 82 11
86 65 65
79 35 6
45 46 63
70 78 29
65 37 82
18 69 61
47 62 78
