56 44 75
37 39 38
61 87 48
87 28 96
62 37 8
37 65 65
66 78 6
37 31 34
6 78 89
64 39 87
97 30 95
97 35 95
77 51 17
37 89 34
40 0 28
6 76 84
1 43 20
70 77 30
40 17 61
97 90 17
83 0 89
79 76 6
47 28 96
86 39 34
63 78 30
93 89 28
87 96 6
1 86 20
86 65 26
97 65 48
99 51 25
90 43 23
6 31 89
63 3 30
87 96 83
37 89 65
4 86 63
77 31 77
32 17 22
68 90 60
90 77 6
27 89 73
0 35 25
7 51 60
93 51 17
7 34 17
87 77 7
22 35 48
27 39 73
53 30 48
65 1 82
86 39 38
47 62 84
70 16 7
6 71 78
90 65 18
87 76 37
79 76 43
83 31 22
53 35 18
90 98 48
8 34 7
61 30 18
68 31 48
87 76 78
11 82 56
64 31 26
77 90 77
90 98 95
11 44 75
63 96 29
79 22 43
68 51 48
7 31 17
62 69 7
8 34 8
95 22 25
27 44 75
1 74 33
56 39 87
45 94 33
87 76 97
46 62 97
70 77 83
27 44 56
90 43 70
23 37 3
47 41 97
68 51 7
87 16 29
99 76 35
11 76 11
63 96 83
64 50 65
11 89 73
93 31 65
91 31 28
99 22 6
95 22 35
86 39 75
77 43 7
83 17 53
65 37 8
32 78 89
64 50 38
65 1 61
0 35 28
91 50 28
64 76 75
87 78 83
99 22 28
6 28 84
95 22 28
1 94 20
63 16 6
90 30 5
6 31 61
99 76 25
70 78 83
73 71 96
7 51 77
32 78 53
66 77 83
32 0 89
87 77 83
7 34 77
73 62 37
47 76 97
64 31 28
90 65 5
86 89 11
64 50 26
40 78 89
93 65 26
18 69 61
66 77 7
22 87 26
74 86 33
64 89 87
93 39 26
45 74 33
93 89 65
86 82 11
95 51 25
1 46 70
90 86 20
86 65 34
73 76 78
86 51 35
79 35 43
61 30 48
97 90 60
4 86 70
8 34 61
37 89 26
23 1 82
53 87 95
91 31 65
74 46 33
70 77 29
97 98 18
77 34 60
18 37 8
90 94 33
87 62 97
6 17 89
99 35 6
1 74 63
65 37 7
27 44 87
45 43 63
32 78 22
97 34 7
64 76 73
1 94 70
97 51 60
91 89 65
86 50 34
18 34 8
90 86 63
90 96 83
45 74 20
68 90 7
70 16 83
6 17 53
90 74 70
70 3 6
32 31 61
11 39 11
83 78 89
6 28 96
32 0 28
11 44 11
86 14 35
8 69 8
8 5 8
86 35 43
86 22 25
18 5 61
66 96 7
86 89 73
97 43 48
11 82 11
4 43 70
18 37 82
81 31 89
87 3 30
81 78 89
65 34 61
23 37 7
87 76 84
8 5 61
1 86 33
45 43 20
86 76 43
53 30 26
90 77 83
63 78 6
61 35 48
87 71 97
18 69 8
6 31 53
61 65 95
97 51 17
87 28 84
46 41 96
86 89 87
93 51 77
18 37 7
6 71 96
7 31 7
91 89 26
83 46 28
93 31 38
93 31 26
93 50 34
87 41 96
23 37 61
99 14 43
6 78 61
81 46 61
45 86 33
90 77 29
56 44 73
61 65 26
46 76 37
40 46 89
4 94 33
81 31 28
0 51 35
70 77 7
86 39 73
47 76 78
45 94 63
77 34 48
66 78 30
62 5 8
79 22 25
90 87 5
62 34 3
47 28 84
68 43 77
32 46 53
0 14 43
97 87 95
86 50 65
61 87 5
97 30 5
99 35 43
97 31 48
95 22 43
65 5 7
56 89 11
83 31 53
97 87 18
6 0 28
11 44 56
93 90 60
6 41 97
86 76 56
8 1 8
79 22 28
37 39 34
95 35 35
11 76 56
86 50 28
4 74 33
86 39 87
77 43 60
86 65 38
64 82 11
83 78 61
81 46 53
79 35 35
45 74 63
73 62 78
81 46 28
93 50 38
90 98 26
90 35 48
91 65 26
90 46 70
56 44 87
40 46 53
97 51 7
86 35 28
47 62 37
27 82 87
77 43 77
64 76 11
6 71 97
32 0 61
90 30 48
18 1 61
1 74 20
68 51 77
90 78 7
56 89 56
99 22 25
8 69 7
37 50 26
64 89 56
53 98 26
46 41 97
27 82 75
90 46 33
7 43 17
8 5 3
79 51 43
68 31 17
6 46 28
95 35 43
70 96 7
8 37 61
95 51 28
32 31 22
70 3 7
37 39 28
81 0 28
86 51 28
56 82 75
63 77 29
0 14 6
53 65 26
74 43 70
81 46 89
99 76 43
7 51 17
87 28 78
86 31 65
23 1 3
93 31 60
70 77 6
65 1 8
93 43 17
97 90 77
61 65 5
8 69 82
63 77 6
93 50 28
23 5 7
74 86 23
95 76 25
4 46 33
46 62 96
91 65 28
45 46 33
22 65 48
90 77 30
46 28 97
91 65 38
64 39 38
97 98 5
47 41 37
8 69 3
63 16 7
68 90 77
0 51 25
65 69 3
74 86 20
0 14 25
66 78 7
93 89 26
6 41 37
4 46 70
1 86 70
32 31 53
93 89 38
64 65 38
86 44 87
65 1 3
6 76 78
70 16 29
27 76 73
47 71 37
27 76 87
86 35 35
23 69 3
90 98 5
40 17 28
73 76 96
79 14 43
66 96 83
7 34 48
27 39 56
32 17 28
61 35 18
56 76 56
22 98 26
90 94 20
66 3 29
87 16 7
47 71 96
62 1 61
93 65 38
95 35 6
46 62 37
56 89 73
4 46 23
86 89 65
47 71 78
18 5 3
83 0 28
64 82 75
62 37 3
56 82 87
22 65 95
32 78 28
32 46 61
79 35 28
90 87 48
4 74 63
66 96 29
4 94 20
90 98 18
37 65 26
65 69 82
27 39 87
64 65 34
11 39 75
90 77 7
87 78 30
97 34 17
62 69 82
79 14 28
56 76 11
4 74 20
68 34 7
61 87 18
22 30 26
61 87 95
87 96 7
27 82 73
90 3 29
56 89 75
63 3 29
53 30 18
99 51 35
93 31 17
95 51 6
90 86 70
8 1 82
37 39 26
23 5 61
93 43 48
87 41 37
18 5 7
6 71 37
18 1 8
65 5 61
56 82 56
61 30 26
1 46 23
1 94 23
73 76 37
4 74 70
40 31 53
93 34 77
4 46 63
1 43 70
61 35 95
74 43 20
47 41 96
45 43 70
53 35 26
62 5 61
64 89 28
83 31 61
6 62 84
65 37 61
68 43 7
64 89 38
64 39 65
74 74 63
1 86 23
7 43 60
46 41 37
87 28 37
27 44 11
90 78 6
99 35 35
79 51 35
46 28 96
73 71 97
46 71 96
64 39 75
40 17 53
77 90 60
0 76 25
45 94 23
46 76 84
97 43 17
11 39 56
97 35 48
23 1 61
8 1 7
83 17 28
22 98 95
62 1 82
0 51 43
40 78 22
45 86 70
90 35 95
23 37 8
87 28 97
83 46 61
64 44 87
73 71 84
46 28 78
87 77 29
63 16 83
70 78 7
66 78 83
63 78 7
27 76 11
87 41 78
74 46 63
61 87 26
91 39 28
97 35 26
97 31 77
81 78 28
66 3 30
90 96 29
73 62 84
53 87 5
7 34 7
18 1 3
6 62 37
97 30 26
70 3 30
62 69 8
95 22 6
81 78 22
7 51 48
66 16 83
4 43 20
93 31 34
90 87 18
22 65 18
23 34 61
73 28 78
23 69 7
62 69 61
68 43 60
23 34 7
62 37 7
62 5 82
99 51 28
6 17 22
56 82 11
46 71 37
90 16 7
81 17 89
93 34 17
73 41 37
93 39 38
22 87 5
79 22 35
83 0 61
90 94 63
74 43 63
53 87 26
11 39 73
70 16 6
86 76 25
6 0 89
62 69 3
53 35 48
6 46 22
93 51 7
90 94 70
87 71 84
32 17 61
27 39 75
56 44 56
11 76 73
6 17 61
8 5 82
37 89 28
11 89 11
83 46 53
95 51 43
91 39 65
81 31 53
1 46 63
7 90 7
86 44 75
62 37 82
63 96 30
86 65 28
47 41 78
65 34 7
93 90 48
45 74 23
65 37 3
65 37 82
46 71 84
81 0 89
86 50 38
64 39 56
45 94 70
65 5 8
91 31 38
91 31 34
53 35 95
86 51 6
95 35 25
90 43 33
87 62 78
90 74 20
97 90 48
7 31 48
97 34 60
40 78 28
61 30 95
86 31 26
53 98 48
6 46 89
47 28 37
90 65 95
87 78 7
87 62 84
93 31 77
45 94 20
90 96 30
97 43 77
62 34 61
99 51 6
40 0 61
11 89 87
68 34 77
7 43 77
37 65 28
8 1 3
87 71 78
22 65 5
37 31 38
1 74 23
79 35 6
86 31 38
18 34 7
11 82 75
1 43 63
91 50 38
68 31 7
87 71 37
37 50 38
95 14 25
99 22 35
81 78 61
32 46 22
8 37 3
47 28 97
22 98 48
90 16 30
99 14 6
83 78 28
81 46 22
64 65 28
37 89 38
91 50 34
83 31 28
77 51 7
1 46 33
45 43 33
64 31 34
53 87 18
40 31 28
86 76 35
56 76 75
7 51 7
64 89 11
11 76 87
27 44 73
99 51 43
6 41 84
73 28 37
11 82 87
87 77 6
11 39 87
40 31 61
90 16 83
62 1 8
8 37 7
74 43 33
66 96 6
64 39 28
95 14 43
64 82 56
56 39 56
86 82 56
47 28 78
86 51 25
93 50 26
40 78 61
97 65 5
66 77 6
27 82 11
63 77 30
87 96 30
93 34 48
47 41 84
45 46 70
87 96 29
46 76 78
46 41 84
97 35 18
46 41 78
0 51 28
87 16 83
11 82 73
66 3 7
86 82 73
83 0 22
22 35 18
8 5 7
79 76 25
64 50 28
62 5 7
18 5 8
86 35 6
86 89 75
22 30 5
93 31 7
91 31 26
86 39 56
77 34 7
6 71 84
73 41 78
32 46 89
64 89 75
45 86 23
0 35 35
23 5 82
23 69 82
7 43 48
74 94 70
23 5 3
81 17 22
6 78 53
46 76 96
37 31 65
23 37 82
95 14 28
37 31 28
97 98 26
37 50 34
37 39 65
90 46 20
61 35 5
63 78 29
95 35 28
87 3 6
90 96 6
93 34 60
83 17 22
79 51 6
95 76 43
4 86 20
6 41 78
90 65 26
63 16 29
6 46 61
6 76 37
53 35 5
99 35 25
97 87 5
64 82 87
77 34 77
68 51 17
93 43 60
77 43 48
87 78 29
87 62 37
61 98 18
0 22 43
65 5 82
56 39 75
90 3 83
22 87 48
1 74 70
87 78 6
90 43 63
47 76 84
86 22 6
97 35 5
86 22 35
40 31 89
90 46 23
91 39 38
93 90 7
6 31 22
79 51 25
90 74 33
97 87 48
4 86 33
99 14 28
0 22 6
93 90 77
32 0 22
86 82 75
0 22 25
56 39 11
62 37 61
7 90 48
1 86 63
23 34 82
90 86 23
56 76 73
86 44 56
0 22 28
45 86 20
18 34 82
6 78 22
77 31 60
90 65 48
63 96 7
90 46 63
6 0 61
74 74 33
40 0 89
7 31 77
97 51 77
64 50 34
97 31 17
97 43 60
97 34 48
66 96 30
11 89 56
83 46 22
64 44 56
73 76 84
81 17 53
46 71 97
22 87 95
93 90 17
32 17 53
53 65 95
70 3 83
87 76 96
97 30 18
68 90 48
79 14 6
23 34 8
47 62 97
81 78 53
68 34 60
18 1 82
46 28 84
62 1 7
18 34 3
90 30 95
53 98 18
90 35 5
47 76 37
53 98 5
6 31 28
70 78 30
86 44 73
1 46 20
61 35 26
97 31 60
6 78 28
0 51 6
83 31 89
6 28 97
74 46 23
79 14 25
32 0 53
99 14 35
70 96 83
87 3 7
0 76 35
87 3 83
90 35 26
70 78 6
66 16 30
63 3 83
77 31 17
22 87 18
53 87 48
0 76 6
32 17 89
79 76 35
66 3 83
79 51 28
65 34 82
0 76 28
27 76 56
90 94 23
37 50 65
95 51 35
90 86 33
45 43 23
6 0 53
86 22 28
46 71 78
86 44 11
86 22 43
86 89 56
77 51 48
99 76 6
27 89 87
63 3 6
97 51 48
70 96 29
53 98 95
8 69 61
97 65 18
6 41 96
87 71 96
0 14 35
86 51 43
40 0 22
64 82 73
53 65 5
63 77 83
86 76 87
8 37 82
86 14 28
99 14 25
18 37 3
40 46 28
7 34 60
0 35 6
90 43 20
90 96 7
23 34 3
86 39 26
97 30 48
81 17 28
86 39 11
95 76 35
7 90 77
8 1 61
63 3 7
37 65 38
74 46 70
73 62 96
63 77 7
61 65 18
6 62 78
91 39 34
86 76 75
22 98 5
27 82 56
93 31 28
81 31 22
45 46 23
64 89 73
93 65 65
4 74 23
0 76 43
86 76 28
91 89 38
62 34 7
47 62 78
77 51 77
6 76 96
6 28 37
83 46 89
40 0 53
18 69 3
7 31 60
4 86 23
40 17 22
86 89 38
87 16 30
7 90 17
22 30 48
86 39 65
87 3 29
23 69 8
64 65 65
81 0 22
74 74 23
64 39 26
56 39 73
81 0 61
