22 35 26
32 0 89
46 71 96
90 16 7
18 37 8
66 3 83
95 76 25
83 46 61
87 71 78
23 69 8
91 50 65
11 89 56
70 16 7
70 3 83
64 89 26
37 89 38
95 35 28
90 46 20
81 31 53
90 30 95
91 50 38
55 90 95
40 31 28
1 74 63
83 31 89
63 77 83
83 31 53
91 65 65
22 30 5
73 71 84
27 76 73
93 89 26
22 87 5
8 34 61
64 44 87
65 34 7
53 65 95
91 50 34
73 28 37
95 35 43
63 16 6
97 65 5
80 63 40
37 65 26
97 34 48
90 87 5
99 22 6
64 39 65
70 78 29
18 5 3
93 18 68
93 65 38
86 65 34
11 39 11
70 77 7
47 28 97
97 30 5
97 98 5
45 94 20
68 51 77
65 69 82
87 76 84
45 43 70
63 16 29
8 1 82
93 89 38
81 17 53
21 9 42
90 98 5
97 30 18
53 30 18
95 76 6
55 61 26
90 98 18
65 37 7
18 69 7
64 65 26
62 34 61
79 51 25
21 18 20
37 50 35
46 76 96
61 30 18
65 37 8
22 53 4
0 76 28
97 35 18
37 24 14
69 0 62
99 51 43
23 34 7
79 51 35
87 78 29
64 89 38
86 65 65
0 51 35
86 76 43
81 78 28
90 43 20
70 3 29
99 22 25
62 87 10
79 24 83
53 87 48
51 82 69
95 86 60
58 58 8
90 94 33
56 82 75
37 50 34
91 31 34
9 56 74
90 3 6
6 94 30
53 98 95
74 86 20
64 89 11
66 3 6
95 76 57
91 89 38
17 53 8
95 14 6
95 22 28
76 91 81
23 21 44
56 76 75
97 65 18
6 46 61
46 99 19
28 70 74
29 40 21
22 98 48
59 92 38
17 61 26
29 3 90
86 39 87
90 74 33
95 51 6
53 87 26
79 76 43
7 51 60
51 66 27
96 85 51
57 29 46
81 0 22
81 0 61
55 67 77
61 87 18
90 87 95
66 96 7
66 96 6
46 71 78
9 84 38
6 0 22
46 70 20
45 74 33
63 3 6
93 43 17
18 69 82
66 52 81
10 6 23
65 5 3
14 77 71
83 17 61
47 41 78
1 93 88
94 53 20
93 26 41
35 70 33
46 0 26
56 48 9
55 27 52
86 22 25
60 19 77
8 6 33
73 41 37
56 77 84
56 65 13
98 22 15
53 15 28
37 5 11
59 20 79
83 5 4
19 10 3
50 12 99
60 14 23
45 43 20
22 75 98
21 73 49
10 22 78
46 30 81
86 65 28
46 99 28
90 46 70
87 62 37
76 25 28
77 76 40
6 1 91
77 91 16
61 30 95
87 74 13
79 35 35
8 1 34
47 71 97
82 38 78
0 51 43
36 64 96
67 37 15
40 17 89
51 48 76
86 44 73
86 50 93
1 80 17
83 31 61
74 74 63
2 78 18
46 28 96
47 41 97
86 89 87
4 12 66
97 85 72
93 39 26
85 77 9
79 79 57
18 1 61
58 32 34
51 16 81
55 56 98
42 12 61
11 39 56
8 5 7
87 62 84
97 51 48
89 86 80
87 38 67
66 83 11
65 7 23
54 53 51
74 39 97
61 30 26
5 11 52
24 8 27
74 85 52
8 5 3
62 71 20
93 73 83
22 35 95
74 61 67
7 99 44
79 80 59
58 3 86
8 69 3
66 16 30
90 96 30
71 44 77
61 30 48
76 82 0
40 0 28
90 94 7
17 22 60
10 9 75
79 73 36
18 1 3
64 50 65
65 25 48
45 46 23
25 33 79
39 45 50
53 63 93
93 90 60
74 92 33
66 39 24
91 65 34
40 75 95
77 44 79
33 2 43
2 76 76
71 95 41
87 16 83
64 49 6
69 91 66
63 80 44
18 34 82
73 41 79
67 72 82
45 61 27
1 46 63
87 62 97
46 50 7
96 78 50
47 17 37
82 72 35
70 78 6
77 6 83
25 84 9
70 63 91
42 11 85
3 70 92
4 58 81
95 78 81
6 62 96
56 44 11
67 20 70
78 93 43
32 46 22
91 39 26
16 1 57
93 78 14
0 54 64
0 22 6
41 73 80
16 12 87
83 94 74
76 47 35
79 52 83
2 69 90
18 69 3
90 74 63
74 86 70
98 95 0
53 96 95
41 5 9
7 46 25
38 91 37
75 1 24
7 6 81
27 76 87
8 34 3
36 58 32
95 14 25
30 12 26
32 37 19
31 22 89
6 62 34
68 43 17
7 90 60
80 6 11
17 74 18
6 28 97
4 21 50
56 62 98
58 58 78
13 12 12
86 82 87
83 78 61
23 46 38
87 62 78
81 11 33
95 52 54
64 30 17
65 91 4
91 77 56
80 50 12
87 71 37
90 89 19
97 61 22
74 94 23
41 46 53
89 74 6
29 71 94
70 96 29
27 86 15
65 54 30
7 20 45
39 40 7
95 62 73
44 26 70
93 65 65
94 91 74
0 53 37
27 82 11
94 82 47
67 72 99
7 90 77
8 85 75
25 23 51
25 42 63
40 31 22
92 35 12
27 20 88
37 10 59
79 35 25
14 42 51
99 38 43
51 59 79
11 76 11
92 36 29
11 76 56
65 5 8
40 17 28
24 52 64
29 65 31
51 3 0
41 81 97
37 6 61
81 30 77
99 37 95
23 34 3
86 76 87
1 12 85
0 0 8
73 20 80
63 78 7
34 49 46
76 76 62
64 39 26
66 89 49
8 28 56
59 68 53
72 13 35
48 86 34
43 62 1
49 37 29
95 51 25
83 78 53
8 34 82
82 16 11
62 34 82
84 26 98
86 0 28
43 94 70
89 43 39
71 90 96
80 24 76
39 68 62
80 97 54
54 92 65
68 88 40
60 97 20
68 43 7
83 88 48
78 83 59
79 51 43
1 53 83
43 50 67
53 3 57
5 96 35
12 27 5
21 60 87
37 52 48
86 89 56
6 31 53
74 66 72
27 94 68
46 90 82
66 33 86
75 8 26
79 22 25
48 81 49
60 29 24
6 26 45
32 46 89
30 27 10
98 4 34
32 67 95
90 3 29
22 49 80
93 91 71
51 72 86
93 38 99
28 9 8
76 19 47
71 38 90
87 77 83
52 31 60
56 82 87
25 32 16
9 53 69
8 66 60
78 51 63
55 30 26
87 71 84
57 85 20
75 44 3
40 31 53
79 44 67
65 91 72
5 22 63
18 94 64
39 42 61
71 63 37
92 95 38
13 36 4
22 87 4
68 51 60
53 37 23
0 55 90
40 73 52
19 44 44
5 70 72
1 65 91
51 47 24
44 75 13
4 74 63
50 98 87
50 89 31
21 59 88
69 36 69
42 64 73
96 47 22
7 70 67
4 43 20
64 82 56
53 25 44
55 7 2
32 43 56
85 38 26
55 61 99
91 89 65
2 23 60
4 36 29
66 77 83
66 55 12
82 18 53
99 66 7
95 5 93
84 90 99
32 46 28
62 1 8
95 22 35
87 38 21
34 91 73
81 61 13
46 28 97
91 57 21
88 48 86
1 90 86
32 97 4
64 50 34
55 56 45
53 47 34
12 46 55
71 72 15
80 35 1
99 97 19
35 44 73
79 30 84
64 87 13
66 81 1
3 19 10
58 47 29
17 69 47
78 50 42
65 1 82
65 20 32
26 44 27
93 31 65
49 85 17
92 22 43
60 27 64
99 86 5
81 14 84
39 67 92
47 23 35
26 89 54
7 43 17
47 71 78
32 28 55
97 31 60
87 81 83
1 86 20
62 49 89
63 28 64
22 71 36
99 44 83
63 77 30
1 74 70
63 96 29
98 60 91
94 87 78
81 17 28
26 87 41
81 13 6
89 2 78
43 19 28
77 34 60
79 68 4
32 45 84
5 42 71
98 96 18
86 76 25
27 94 74
97 35 26
11 36 60
27 92 81
88 41 88
49 65 52
58 65 3
17 83 99
99 72 7
26 17 53
49 83 41
86 31 38
62 37 82
78 6 32
45 74 20
25 36 48
50 15 23
4 46 63
11 11 83
81 8 46
90 86 23
40 0 53
27 48 81
62 82 99
61 79 53
52 95 17
56 27 33
15 21 26
30 69 61
41 42 54
51 64 77
65 36 87
91 83 8
62 24 55
99 31 67
82 43 71
7 67 73
79 88 62
96 21 48
79 13 58
45 53 43
25 84 99
90 85 75
94 61 42
99 88 42
23 82 39
87 96 29
5 53 74
25 98 47
27 81 53
78 96 53
72 44 78
85 23 37
89 67 71
66 77 30
13 1 48
26 15 49
65 69 61
36 37 51
23 85 96
90 62 12
55 8 56
82 40 23
57 5 58
70 92 22
8 41 1
56 11 9
82 72 70
6 36 60
57 88 93
5 74 29
86 45 67
74 34 92
84 68 75
57 14 85
41 22 97
73 14 58
61 51 10
64 31 24
5 25 20
78 84 20
29 94 70
29 4 23
22 59 55
66 3 7
78 21 43
36 68 40
52 18 81
43 75 9
93 38 56
8 41 6
64 13 6
98 39 66
27 15 42
86 56 38
92 13 89
91 39 28
70 79 4
84 6 24
61 71 68
81 65 25
78 3 93
54 57 9
90 43 23
84 20 36
26 52 18
42 18 23
9 54 22
8 17 28
18 31 29
60 82 93
63 23 41
59 89 65
91 96 37
84 27 30
1 45 63
41 2 25
63 2 15
55 19 10
52 59 32
5 16 83
90 40 84
9 33 77
46 6 6
91 39 44
7 70 80
74 47 39
37 87 55
11 24 61
31 28 93
29 2 48
16 34 93
77 39 45
69 63 41
46 37 94
43 31 0
23 6 8
13 74 99
75 0 26
69 38 93
87 28 37
55 72 72
55 83 91
18 61 72
70 87 23
56 39 75
64 20 70
39 16 41
33 55 10
61 55 58
47 62 84
57 45 80
59 39 68
0 14 73
95 41 36
36 33 46
88 16 53
7 46 31
63 78 30
25 52 22
34 34 94
42 33 59
96 44 22
81 41 27
29 27 41
39 72 57
45 87 49
61 19 97
16 48 47
40 61 77
6 51 51
71 5 19
79 41 58
4 46 70
16 30 32
39 54 55
22 37 12
91 26 2
69 76 66
57 2 56
99 76 6
36 20 83
48 37 15
92 6 49
27 44 11
34 9 31
50 45 77
79 52 2
68 31 77
87 13 68
85 77 52
4 86 33
66 77 6
90 39 41
14 51 70
8 5 82
16 36 7
5 4 28
87 24 40
55 46 89
91 0 83
31 36 34
86 49 49
22 6 66
45 43 33
83 50 10
65 1 61
69 52 28
5 52 80
4 69 32
97 24 96
91 27 60
64 52 45
90 55 87
47 88 84
12 41 40
34 96 29
62 21 95
33 1 31
92 10 36
15 72 23
0 22 52
61 87 74
61 93 10
30 88 55
98 61 36
93 72 3
91 39 65
86 34 92
81 78 61
32 17 28
69 32 28
60 58 37
60 97 19
86 66 76
27 8 92
34 46 23
94 63 28
83 31 60
76 58 65
35 59 68
20 79 99
10 94 51
62 6 97
33 33 81
62 61 19
47 87 27
92 27 36
16 16 75
76 74 64
32 57 30
35 23 57
45 74 0
6 17 53
49 93 17
64 69 23
51 3 63
64 0 12
66 49 49
77 31 17
79 44 43
10 91 98
69 84 4
37 56 26
90 52 30
24 23 84
6 63 14
4 32 98
11 82 11
69 86 2
68 74 8
20 18 61
53 60 88
78 64 14
37 36 90
98 58 80
27 44 95
66 16 29
1 42 8
29 33 88
2 81 8
21 65 70
70 29 12
75 15 84
73 57 50
47 19 90
80 19 36
1 33 32
0 67 53
37 29 30
60 35 16
51 82 0
92 70 87
46 41 78
0 46 47
5 87 63
69 8 87
68 58 44
79 20 80
94 81 99
14 57 48
47 60 70
73 5 33
32 68 66
20 41 96
1 23 20
19 67 24
87 16 7
47 21 16
19 50 84
58 83 87
67 66 77
97 98 18
75 36 87
66 45 91
52 4 61
57 17 85
98 33 33
15 84 54
26 36 33
94 50 60
66 61 88
53 65 18
98 34 28
8 83 48
21 59 47
34 50 17
44 57 64
13 83 79
93 43 7
2 33 99
10 71 77
18 74 57
63 83 68
86 31 28
24 76 72
10 65 3
11 49 75
29 21 82
55 25 87
3 80 72
35 64 27
99 53 51
49 50 89
92 66 66
95 24 13
66 46 37
74 50 3
11 1 36
97 81 46
42 6 40
77 61 40
56 12 24
96 11 44
66 58 51
40 91 45
94 75 56
17 59 62
60 26 63
16 8 11
97 5 65
74 45 3
24 39 21
81 57 67
20 53 95
27 61 78
23 60 44
77 90 17
30 34 75
53 14 85
8 97 68
90 27 86
1 9 71
81 17 61
30 73 36
88 12 3
87 64 75
6 41 84
86 89 95
55 36 31
12 58 44
49 67 71
58 44 45
13 41 57
92 22 47
72 40 7
6 7 92
73 43 40
19 19 68
82 90 32
19 40 77
11 18 76
30 47 31
4 75 28
72 8 80
73 61 85
40 2 89
80 95 5
54 5 78
17 90 95
68 8 67
67 22 54
65 96 64
49 57 80
93 31 28
46 87 12
19 59 19
85 77 0
73 71 97
74 96 31
41 93 87
57 90 6
83 64 42
81 22 43
9 14 69
57 58 48
22 35 48
24 1 82
57 83 39
