25 65 85
36 92 95
6 0 53
54 14 57
77 93 53
77 73 46
62 60 3
85 50 9
44 99 97
50 92 86
36 73 16
95 24 48
50 44 31
46 79 20
24 77 63
37 93 46
51 9 84
20 24 66
80 6 4
85 10 3
6 0 84
55 22 56
50 44 66
70 1 25
50 24 16
99 92 31
95 82 90
2 61 82
24 99 83
0 35 18
99 21 31
24 81 86
24 48 52
20 87 72
13 79 43
20 92 95
70 82 72
15 3 72
59 31 27
62 77 18
77 82 90
96 95 83
54 55 78
77 0 84
46 14 20
29 43 77
6 93 72
99 24 31
51 41 4
85 4 9
11 48 86
54 87 78
36 92 86
8 12 53
70 67 37
91 82 37
44 22 56
70 81 25
7 65 25
24 60 63
37 73 0
48 10 88
2 67 90
43 41 84
93 33 11
34 57 52
46 55 57
91 6 90
43 19 77
11 79 57
7 81 85
50 21 66
43 9 62
13 36 41
59 44 95
0 58 63
74 41 84
36 44 86
92 33 25
24 13 38
85 95 50
20 2 20
80 6 62
13 36 24
20 92 31
96 99 97
59 4 9
55 95 79
13 79 72
74 43 84
36 44 95
43 41 0
20 24 16
8 93 53
59 92 86
46 79 57
99 44 86
27 58 72
70 1 35
96 13 83
7 33 35
11 35 63
53 22 56
24 99 97
20 14 72
24 58 18
96 95 38
62 60 72
59 31 88
55 58 97
80 9 84
95 61 82
59 24 66
34 85 19
70 61 48
20 24 86
50 21 31
15 93 46
27 63 72
11 14 20
96 22 83
96 58 79
44 99 83
27 77 3
95 61 90
11 63 38
2 67 37
13 31 27
99 21 86
20 44 86
2 61 72
70 24 37
8 3 84
77 0 0
2 24 72
8 93 84
20 79 43
13 50 3
70 61 72
20 21 66
95 67 48
38 48 19
7 1 35
74 6 77
93 33 35
20 92 66
70 24 82
29 19 0
55 99 97
25 1 25
13 14 20
25 65 11
24 58 79
53 99 56
25 65 35
24 60 3
74 6 0
0 63 3
13 14 57
51 43 84
27 60 38
24 60 72
59 31 3
2 67 48
24 85 52
11 58 72
25 33 41
62 77 63
43 19 0
10 31 27
6 12 72
0 63 72
27 77 72
38 57 52
36 92 31
44 95 56
48 4 3
7 1 11
20 87 20
44 13 38
20 79 72
62 63 63
70 67 48
46 87 57
37 12 0
59 4 88
46 87 78
74 9 62
77 24 82
77 0 72
51 19 62
2 6 72
55 13 56
96 13 79
38 48 52
13 95 3
85 95 9
29 9 0
53 13 56
0 35 38
92 1 11
8 12 72
6 73 72
13 95 50
6 73 53
53 95 56
11 77 63
54 14 78
11 63 18
11 81 52
15 3 0
92 81 35
36 73 66
7 81 35
36 24 16
55 99 38
53 58 38
24 13 56
55 58 56
20 44 66
93 47 41
77 82 37
24 35 3
85 95 88
6 0 72
15 93 0
44 95 38
50 73 86
36 21 16
24 35 18
11 55 78
37 73 72
6 0 0
74 43 77
2 82 37
11 36 24
92 65 25
96 22 56
38 81 41
77 73 0
53 99 79
46 14 72
48 50 50
59 95 9
85 4 88
48 10 9
24 48 86
13 50 50
85 50 27
44 22 79
55 95 38
29 43 62
24 35 72
27 63 38
62 77 3
15 0 84
92 47 11
53 58 79
74 9 4
91 82 72
43 9 4
77 12 84
0 60 63
15 12 84
6 73 46
29 19 62
24 13 83
11 55 57
24 36 24
59 44 31
85 95 3
77 61 82
62 77 72
91 6 82
0 58 38
20 21 31
24 63 72
74 19 4
99 24 16
53 22 79
38 36 41
10 4 3
10 50 50
44 58 56
24 36 41
34 81 19
24 95 56
6 12 46
11 14 57
51 9 77
20 14 43
36 21 95
38 57 41
10 4 9
50 92 16
29 43 84
51 19 0
11 36 19
37 93 72
77 67 37
92 1 41
59 10 3
13 81 86
37 73 84
59 95 88
44 22 97
7 47 25
10 10 9
74 41 62
24 22 79
77 93 72
74 6 4
70 67 72
36 24 95
2 6 37
70 6 37
38 85 86
80 19 0
62 58 3
91 67 90
24 35 63
27 58 3
59 10 27
13 50 9
0 58 72
59 31 50
53 13 83
92 65 35
74 6 62
54 55 57
37 73 46
25 81 41
77 24 90
7 47 35
74 9 84
13 2 72
34 36 19
43 41 4
2 6 48
38 48 41
7 1 41
36 44 66
77 12 46
10 10 3
25 47 11
38 81 86
54 55 43
50 73 95
44 58 38
36 73 95
59 92 66
29 41 77
8 0 46
59 4 3
44 22 38
46 55 78
6 73 84
24 57 86
29 19 4
11 14 72
59 4 50
27 77 63
80 43 77
77 3 53
13 55 57
34 36 24
92 1 85
85 10 27
37 93 84
0 77 72
70 24 48
96 13 38
13 55 43
77 0 46
99 21 16
11 81 19
85 4 50
13 95 27
77 6 82
48 31 3
10 31 88
62 63 3
43 6 77
53 95 79
46 87 72
70 61 90
80 43 4
54 87 57
11 2 72
11 60 38
34 48 52
93 65 35
62 35 38
24 22 97
93 33 25
24 48 19
62 58 38
2 24 82
55 58 79
13 50 27
91 6 72
54 79 43
25 65 41
55 99 79
0 35 72
10 50 3
91 61 82
24 85 19
6 0 46
13 81 19
77 61 90
95 6 37
29 6 77
80 6 77
93 65 11
44 22 83
6 3 46
55 22 83
48 95 88
24 81 19
54 2 72
24 95 97
92 33 41
13 87 78
13 36 86
43 41 77
24 48 41
37 93 53
10 31 3
55 95 83
8 0 0
44 95 79
36 92 16
59 31 9
2 24 90
20 14 57
13 57 24
70 82 48
99 92 95
20 55 57
43 19 84
34 85 41
34 85 24
2 61 90
24 63 38
74 43 62
7 47 41
70 47 41
11 36 52
62 60 18
80 9 62
13 36 52
93 33 41
11 85 24
8 12 46
11 57 52
29 9 4
7 81 41
27 77 38
36 73 86
11 58 3
80 9 0
59 21 86
29 9 62
24 36 52
77 93 46
80 41 77
2 82 72
13 31 50
13 48 41
8 3 53
24 58 56
99 24 95
8 3 46
27 35 38
74 43 4
13 4 27
99 44 16
70 33 85
6 3 53
24 58 63
24 77 38
50 24 66
29 9 84
50 44 95
51 6 62
50 21 95
59 21 31
59 73 86
13 2 57
51 43 77
24 81 41
7 1 25
37 12 53
13 87 20
62 77 38
0 58 3
11 58 38
37 73 53
11 2 20
99 92 86
13 79 20
13 14 43
20 79 20
44 13 79
70 65 11
92 47 41
7 81 25
53 13 38
55 13 97
2 82 82
25 81 11
92 65 85
85 31 88
24 85 86
70 81 11
13 48 86
99 24 66
46 55 20
55 99 83
93 47 35
70 65 41
95 24 90
48 10 50
50 24 31
99 92 16
10 50 88
0 35 63
11 2 78
96 58 56
92 47 85
34 57 86
15 93 72
77 61 72
15 0 0
0 60 18
20 14 78
53 99 38
55 99 56
77 3 0
27 60 3
11 63 72
8 73 72
62 63 72
0 63 18
77 67 72
13 31 9
70 6 90
70 1 85
27 58 63
8 0 72
6 93 46
51 6 77
91 61 48
24 95 83
20 24 95
80 41 62
2 24 48
77 3 84
51 9 0
96 99 79
85 10 50
29 41 84
27 35 18
48 31 27
77 0 53
70 81 35
77 3 72
7 33 25
80 9 77
46 87 43
24 22 56
13 85 86
13 10 9
24 81 24
59 50 50
27 60 63
59 73 16
46 14 57
44 58 83
7 65 35
0 77 18
77 3 46
15 3 53
24 85 41
70 1 11
92 33 85
13 57 52
74 41 0
34 36 41
36 24 66
13 10 3
11 57 41
93 81 41
20 14 20
11 55 43
77 12 0
53 99 83
96 58 97
55 58 83
50 73 31
48 95 50
80 43 62
27 58 18
25 1 35
10 4 88
54 14 20
91 67 37
29 6 62
38 85 52
15 73 0
80 41 84
11 77 18
80 41 0
74 6 84
91 61 37
91 24 37
92 65 41
38 81 24
85 31 27
51 19 77
77 24 37
48 95 27
13 79 57
96 13 97
20 73 95
70 61 82
54 2 20
11 48 19
11 85 19
95 24 72
10 31 9
77 93 84
27 77 18
11 85 86
13 79 78
85 31 50
80 43 0
54 87 72
34 57 24
11 81 24
59 92 16
25 33 11
11 55 72
13 48 19
6 93 0
48 50 9
7 47 85
34 81 52
74 9 0
0 35 3
99 73 66
85 50 50
99 24 86
20 44 31
13 48 24
0 63 38
77 73 53
74 19 84
95 67 90
48 4 50
10 50 9
62 63 38
96 58 38
24 77 3
25 1 11
34 81 86
91 67 48
13 87 72
48 50 88
59 10 88
13 55 20
36 24 86
51 41 62
70 82 90
13 95 88
51 6 84
44 13 83
27 35 72
2 82 48
93 47 25
99 21 95
46 2 20
20 55 20
93 81 25
59 4 27
43 9 84
85 50 3
55 13 79
70 33 11
10 4 27
48 95 9
96 95 97
11 87 43
11 79 43
51 41 77
34 48 86
20 44 16
15 12 53
59 92 31
0 77 3
44 95 97
37 0 84
62 58 63
70 6 72
51 19 84
38 57 24
24 63 3
93 81 85
48 10 3
37 0 72
27 35 63
10 10 50
54 79 72
0 58 18
13 55 78
54 55 20
20 24 31
85 10 9
77 6 48
24 63 18
24 95 38
24 36 86
13 81 24
13 31 3
24 85 24
11 14 78
93 1 25
96 95 79
59 24 95
0 63 63
11 35 38
59 50 9
8 73 46
91 24 72
93 81 35
37 12 72
62 35 72
74 19 62
50 44 16
50 24 95
59 73 95
99 92 66
11 48 52
59 24 16
77 61 48
80 19 77
93 1 41
36 92 66
27 60 72
34 85 86
70 67 90
44 99 56
43 43 0
15 73 72
95 6 82
93 1 35
13 36 19
15 93 53
77 73 72
24 13 79
91 24 90
80 19 84
51 43 62
46 79 43
48 31 88
29 19 84
20 79 78
70 65 35
92 81 41
51 9 62
8 12 0
24 99 38
29 43 0
53 58 56
50 73 16
77 24 72
38 57 19
70 82 37
13 4 3
2 61 48
38 85 19
13 14 72
70 33 41
6 93 53
53 13 79
77 6 37
70 81 85
13 10 27
24 58 97
34 48 41
13 50 88
59 44 66
13 95 9
77 67 90
80 6 0
11 87 78
43 19 4
8 73 53
20 21 95
70 6 82
48 31 9
46 2 72
92 1 35
70 47 35
8 3 72
92 81 11
54 87 20
20 44 95
34 81 41
54 55 72
50 92 66
74 41 77
48 50 27
11 77 38
50 24 86
44 99 38
11 87 20
25 65 25
37 3 53
44 58 79
70 47 11
29 41 62
91 82 82
95 24 37
15 12 0
80 19 62
11 79 78
48 10 27
77 24 48
91 6 37
51 6 4
24 58 3
53 95 38
8 12 84
92 81 85
95 67 72
29 19 77
70 82 82
77 61 37
85 4 27
24 57 52
11 48 24
6 93 84
91 6 48
11 60 3
43 19 62
7 65 85
24 60 38
54 14 43
24 57 41
13 31 88
20 79 57
34 36 52
11 2 43
85 95 27
36 21 86
24 48 24
70 81 41
13 85 24
27 63 3
24 58 83
13 57 86
36 24 31
37 0 0
85 31 3
62 58 18
27 63 18
48 4 9
43 6 0
25 33 25
38 81 19
20 92 86
70 61 37
8 93 46
20 73 86
11 48 41
54 79 57
43 43 77
70 33 25
20 2 72
13 81 52
95 67 82
48 95 3
34 81 24
13 4 9
34 57 19
77 82 48
59 95 3
77 6 72
29 6 84
50 92 31
7 33 41
46 14 43
20 55 72
11 77 72
70 47 85
24 95 79
51 19 4
62 58 72
50 73 66
38 85 41
50 21 16
46 55 72
93 65 25
44 13 97
70 47 25
24 58 72
43 6 62
24 63 63
25 33 85
13 81 41
0 60 3
62 35 18
77 73 84
92 33 11
95 82 37
59 44 86
36 21 66
37 0 53
11 77 3
7 33 85
44 13 56
20 21 16
95 24 82
36 44 31
59 10 9
25 1 85
93 65 85
7 1 85
80 9 4
20 87 78
24 22 83
54 87 43
13 4 50
11 81 86
15 12 72
96 22 38
96 58 83
20 92 16
93 1 11
8 0 53
0 60 72
44 58 97
24 57 19
50 44 86
54 79 20
37 3 46
55 13 83
74 9 77
10 95 9
24 58 38
77 12 53
7 33 11
95 61 72
48 31 50
53 22 38
7 65 11
74 41 4
54 14 72
34 57 41
11 85 52
99 73 31
20 73 16
37 3 84
77 67 48
11 79 72
20 2 43
53 99 97
34 85 52
20 21 86
53 58 97
59 73 66
6 3 72
95 67 37
51 41 0
11 35 3
48 4 88
96 99 56
11 87 57
55 95 56
62 35 3
10 50 27
54 2 43
29 9 77
43 41 62
91 61 90
54 2 78
43 6 84
77 82 72
10 10 27
27 63 63
99 21 66
11 2 57
20 2 78
10 95 3
99 44 66
70 65 25
95 82 48
59 21 66
