0 77 3
11 14 20
43 41 4
24 13 56
59 95 3
91 61 82
34 81 86
25 1 41
29 9 62
15 12 72
62 60 38
99 24 86
13 85 41
53 13 56
13 79 57
91 82 72
8 12 0
36 92 31
15 3 53
36 21 95
50 21 16
11 2 20
38 57 86
43 43 84
13 14 72
59 50 88
6 3 84
13 79 43
25 33 35
25 81 41
2 61 37
55 13 83
93 81 41
99 92 16
53 22 38
13 95 50
29 6 62
13 50 27
11 85 24
53 95 79
24 36 86
20 44 31
62 63 38
0 35 3
7 47 85
46 2 43
77 61 48
43 43 62
2 24 72
10 31 3
34 36 24
29 41 4
62 30 60
37 0 53
24 85 41
54 87 20
46 79 43
46 56 13
66 70 36
70 24 37
48 31 9
99 73 16
2 67 82
80 19 62
43 19 84
27 63 63
13 87 20
8 73 72
54 87 72
24 77 3
13 81 41
59 40 2
13 14 78
82 64 63
68 13 24
11 35 63
0 94 22
9 29 58
11 79 78
20 24 95
22 9 40
13 81 86
92 81 35
80 43 62
20 87 72
12 81 7
20 79 57
2 6 88
42 21 30
80 9 62
51 0 27
49 32 2
24 36 52
24 99 79
14 22 76
81 38 20
34 36 19
85 72 9
13 57 52
54 14 57
80 19 77
62 35 18
62 83 22
37 0 46
11 58 72
93 47 41
20 2 72
11 14 72
92 47 11
28 0 9
95 67 48
24 60 38
51 19 62
25 33 41
88 46 0
88 50 43
99 95 40
46 26 60
25 65 35
52 75 4
60 53 80
43 23 53
65 37 31
48 34 33
70 33 85
13 10 3
18 90 73
44 99 38
0 35 72
25 81 85
37 12 53
24 85 24
27 77 63
51 19 77
40 7 31
80 6 0
62 35 72
24 68 22
9 19 23
6 73 53
97 69 2
33 35 1
30 57 94
6 52 64
0 58 72
70 24 82
70 1 11
11 48 24
90 7 91
25 47 85
38 81 52
2 82 37
62 58 72
35 36 9
24 35 63
46 18 0
92 65 85
97 64 66
2 67 72
48 10 3
28 56 16
43 19 0
11 85 41
51 6 77
18 76 24
36 24 31
51 41 77
95 67 89
11 48 41
66 95 28
25 81 25
87 2 51
43 46 9
99 44 86
8 73 84
56 51 6
50 92 16
2 67 90
7 89 26
0 73 5
47 27 4
36 97 40
50 73 31
24 13 79
70 24 72
33 31 83
96 95 56
1 11 16
31 27 24
57 78 58
82 38 74
2 61 72
43 35 45
20 51 53
40 38 23
95 82 37
20 73 31
33 31 5
4 38 18
36 3 59
11 79 57
24 60 3
36 2 69
70 81 85
58 81 93
21 89 70
8 54 73
13 91 0
25 99 23
19 62 17
96 99 97
52 17 38
70 61 90
24 63 63
20 55 78
7 1 41
61 66 89
27 12 29
11 87 20
77 82 82
26 28 50
2 11 1
36 46 80
59 21 95
63 62 7
56 41 27
19 89 52
24 95 38
80 6 62
96 2 91
37 12 84
48 10 88
77 82 48
21 37 52
0 35 38
70 42 43
46 79 78
74 20 27
62 91 96
98 71 0
53 22 97
83 66 0
8 0 0
32 50 14
91 6 48
14 18 94
95 41 11
97 45 91
74 43 4
13 87 43
36 68 76
96 46 42
8 12 72
56 40 38
50 55 24
13 10 43
11 94 3
20 87 78
46 79 57
11 77 18
2 61 90
99 3 42
68 30 82
23 30 38
11 81 52
24 63 18
56 52 3
98 49 94
44 58 83
13 55 43
36 44 66
7 81 35
59 92 95
61 66 22
85 95 3
99 24 66
75 31 12
59 10 50
36 73 86
85 4 50
77 3 53
78 86 37
94 39 99
3 63 33
53 19 20
43 62 18
66 7 46
11 57 41
30 87 72
62 63 45
15 93 84
42 80 33
84 5 0
70 56 10
0 35 18
75 15 26
81 63 79
42 92 6
6 73 84
37 73 46
63 94 87
6 29 72
60 65 63
99 92 86
33 10 39
5 93 37
28 5 49
1 2 34
90 27 12
9 21 16
13 66 91
96 58 79
52 83 98
44 50 72
20 21 66
37 83 0
24 99 56
83 17 32
56 94 1
34 65 50
56 34 27
30 14 17
43 6 84
76 9 60
8 12 53
85 24 33
75 39 69
93 1 35
2 66 51
77 12 53
39 6 1
20 65 24
93 96 87
15 62 68
8 43 33
10 50 3
59 6 34
59 6 82
15 0 72
57 96 47
54 55 72
26 43 53
75 60 34
5 96 57
21 28 17
34 30 83
98 31 90
7 65 85
34 36 41
27 63 18
19 30 42
45 98 19
1 71 20
93 47 25
0 35 63
3 83 99
51 6 88
93 67 44
35 8 30
7 24 9
6 51 19
22 76 80
34 81 52
10 50 9
36 24 16
2 79 40
88 21 73
20 19 43
29 41 62
44 0 21
53 48 90
8 0 74
1 98 69
96 99 38
2 53 2
26 14 68
28 79 41
68 43 26
16 70 92
13 81 24
67 29 98
11 55 72
68 56 39
95 74 30
52 29 75
25 81 11
97 21 15
7 33 41
99 96 84
85 85 44
11 16 76
34 81 19
0 58 38
8 52 94
2 53 3
71 9 79
53 91 85
89 3 57
3 48 6
76 28 23
96 38 59
93 27 22
57 1 70
10 64 16
22 96 77
26 91 42
93 33 82
43 29 41
6 65 10
94 3 71
39 12 14
75 51 18
99 29 0
7 1 35
47 9 80
49 42 51
70 82 90
32 61 6
99 30 46
36 73 95
79 46 6
38 48 86
12 23 35
53 10 98
77 15 15
2 24 37
99 49 82
9 64 17
20 14 43
64 24 41
50 21 86
1 66 8
25 82 66
8 68 32
85 8 80
11 55 43
62 0 10
98 47 61
85 27 89
12 52 44
87 56 68
99 13 41
11 36 41
24 8 71
56 7 93
36 92 86
77 67 37
3 0 35
75 64 4
3 58 40
95 40 74
77 73 84
11 85 52
55 22 38
59 13 19
11 35 35
9 48 83
16 57 87
6 3 0
47 29 76
53 58 38
93 1 71
61 47 79
27 77 38
90 10 10
44 58 38
33 78 95
59 40 94
75 4 82
40 62 33
20 87 57
90 67 14
46 55 43
38 4 58
58 6 46
4 47 80
55 22 63
70 33 11
16 11 76
34 37 2
95 41 57
27 38 5
12 83 56
54 16 53
96 13 79
15 26 96
42 30 66
56 16 97
60 4 11
61 83 63
93 42 87
36 85 4
44 38 42
83 69 6
61 32 75
52 98 64
99 92 95
67 37 67
54 44 75
9 93 57
20 97 91
42 76 44
26 46 23
76 90 80
34 51 34
4 6 5
25 28 34
22 15 60
69 63 45
47 3 70
27 14 55
5 43 66
37 29 39
11 90 22
11 79 43
13 8 90
41 97 29
13 4 9
38 57 52
50 73 16
47 90 79
13 40 44
15 62 0
6 0 0
40 63 43
9 78 2
80 81 44
96 19 49
59 72 24
82 54 1
22 65 43
38 95 28
18 98 48
34 8 32
70 10 49
65 44 84
24 95 97
0 60 95
41 31 70
99 21 86
7 24 66
15 66 98
10 37 21
56 84 49
23 67 29
37 30 57
63 6 94
71 36 94
76 45 98
8 1 50
74 9 0
57 85 10
99 70 66
86 33 23
11 63 63
40 42 77
54 9 23
22 16 76
91 17 59
9 93 80
57 77 75
53 26 59
23 77 57
24 35 3
77 74 29
44 12 66
20 57 28
43 6 62
80 46 1
17 5 88
14 9 26
46 79 72
30 1 22
61 84 37
69 20 67
73 25 77
79 17 68
70 67 37
0 12 51
92 11 37
82 79 51
47 35 75
11 28 68
91 6 39
23 66 87
44 22 79
24 36 19
77 59 3
79 72 82
10 36 62
34 15 60
61 1 31
55 64 33
96 98 58
32 45 57
74 75 79
25 73 4
94 77 80
31 82 25
50 79 12
64 42 62
96 22 79
13 51 4
0 98 72
19 1 50
42 87 41
71 10 5
80 86 97
22 91 71
36 44 31
9 59 36
13 4 50
18 2 14
34 81 24
93 97 7
36 0 5
71 93 68
11 85 79
42 62 48
99 73 86
47 88 41
11 88 80
42 61 56
38 48 24
36 41 60
71 25 92
83 73 59
16 31 8
95 57 38
78 55 19
70 33 35
95 70 44
63 59 68
39 1 55
81 23 53
70 11 62
10 8 66
62 33 84
9 34 76
16 81 47
45 58 26
28 27 45
96 30 69
13 80 42
41 7 14
90 15 17
27 31 85
24 35 18
99 13 36
74 34 56
20 87 43
10 55 34
75 52 41
13 31 3
92 33 25
2 65 23
47 52 97
54 34 66
13 95 27
24 54 37
80 54 51
37 37 96
8 93 46
82 63 73
85 53 17
98 7 65
43 15 11
85 31 3
37 22 42
17 89 21
29 70 32
24 57 19
98 37 41
71 67 43
98 47 38
33 77 33
62 66 30
83 67 21
73 38 5
44 85 12
63 44 4
44 71 89
92 89 62
19 67 11
7 80 76
37 93 0
96 75 3
15 10 4
55 92 82
83 74 58
32 2 43
24 57 52
18 99 56
30 93 67
78 89 25
60 35 1
67 80 74
94 89 15
11 58 63
41 19 82
60 94 86
42 25 62
2 66 91
8 35 25
86 12 26
45 86 56
48 77 72
43 21 91
48 73 30
22 73 45
13 11 21
15 14 64
38 85 52
51 14 10
60 93 40
48 32 72
41 92 82
57 80 24
63 40 88
95 70 78
88 38 5
77 6 48
50 44 66
77 22 87
78 63 92
90 79 66
7 91 89
90 7 66
50 21 95
86 37 59
6 0 53
91 88 16
15 33 85
3 73 99
65 8 53
58 25 0
3 70 50
13 31 88
36 99 22
53 84 42
88 61 86
50 27 18
36 54 60
77 17 29
36 21 16
11 89 59
39 52 75
34 57 24
49 71 55
19 19 40
38 41 84
46 14 57
23 46 67
13 81 19
76 60 77
26 2 81
39 23 37
2 19 33
56 64 99
31 87 33
96 5 65
85 54 16
43 41 0
19 92 87
47 38 2
36 36 98
13 88 50
32 13 60
9 19 41
85 39 82
20 82 88
2 26 47
26 85 55
85 1 26
25 12 83
79 3 65
69 90 82
44 99 97
27 99 7
59 55 13
69 13 13
56 19 68
63 89 45
5 1 62
3 14 0
61 58 59
12 78 23
13 31 27
19 36 50
57 99 99
78 12 56
72 66 4
46 67 71
26 83 82
52 1 49
15 79 9
17 99 4
61 11 77
89 28 65
10 34 54
87 47 88
31 36 66
12 0 93
23 89 98
48 98 77
35 52 19
76 46 81
13 26 99
24 55 3
22 50 82
79 30 36
26 41 68
81 70 16
62 87 44
95 67 90
8 47 77
50 22 63
91 99 95
87 7 77
89 94 59
4 92 63
15 62 97
60 46 27
85 74 62
29 18 5
57 78 63
86 5 61
80 43 84
64 72 67
74 50 12
54 2 33
39 59 82
20 55 43
87 7 72
24 48 52
93 54 41
0 6 95
87 60 93
60 22 55
98 77 36
7 5 28
42 9 1
9 67 31
43 3 59
36 73 66
39 44 79
21 47 84
97 46 80
29 19 84
54 79 72
35 11 46
11 27 60
49 18 57
61 3 15
90 98 60
99 18 45
93 1 11
14 50 91
24 91 73
87 61 84
49 94 82
47 16 50
28 27 54
32 2 7
22 7 89
35 55 39
12 38 73
93 33 25
1 93 65
12 46 31
20 0 13
44 95 79
5 28 19
53 13 79
73 54 91
64 44 92
2 43 76
41 54 83
4 18 35
11 50 92
20 2 28
95 61 82
85 86 58
22 86 36
84 73 75
42 31 70
0 78 65
78 6 92
6 80 37
90 26 13
48 36 19
78 38 41
96 13 56
93 58 22
94 7 16
17 11 50
9 93 82
2 30 4
75 12 41
16 94 2
60 72 5
2 13 18
77 50 81
75 18 0
94 8 40
20 17 98
25 30 21
19 1 88
24 48 24
73 21 81
32 87 69
33 35 82
32 8 25
56 10 35
73 43 47
62 61 79
42 52 83
63 57 98
19 84 26
47 49 74
92 54 89
99 65 55
63 1 52
14 96 29
0 11 37
78 42 96
46 15 63
97 18 35
75 8 77
80 55 9
56 53 86
46 95 19
42 56 78
56 51 31
85 50 88
89 76 55
83 58 23
77 43 49
9 96 49
77 86 85
74 9 4
1 73 34
75 34 28
21 67 96
71 48 76
22 4 70
63 36 58
29 50 13
27 34 23
6 62 67
65 80 37
51 41 0
67 45 38
26 29 45
89 13 42
47 70 82
16 88 14
18 80 9
72 46 66
81 10 95
51 63 79
89 91 90
60 48 55
29 47 47
18 30 92
33 61 15
54 55 43
76 94 99
75 65 56
20 57 7
63 9 8
18 94 29
53 33 67
19 51 54
89 37 37
23 7 36
13 82 44
37 60 89
63 13 33
90 73 52
80 15 42
94 33 7
22 51 35
26 79 17
15 73 46
19 83 43
60 44 40
27 47 63
95 24 82
97 0 12
66 86 93
18 79 8
40 18 50
74 19 62
59 24 26
75 99 11
91 73 93
93 77 68
50 81 96
38 13 68
