8 12 72
38 81 86
46 14 20
37 0 46
29 9 77
38 85 52
46 87 43
2 61 90
27 63 18
50 92 86
62 60 38
44 13 97
62 58 3
62 63 3
20 73 66
77 3 72
51 9 4
25 65 85
29 6 84
70 67 72
20 87 72
46 87 72
91 6 48
13 48 41
13 14 78
8 73 46
13 79 78
2 24 37
11 60 63
13 10 27
27 77 72
50 73 86
13 79 20
11 85 19
13 81 52
93 65 41
48 4 27
0 77 63
53 95 79
92 65 25
15 3 0
0 77 18
15 73 0
13 95 50
54 55 57
59 31 9
38 57 86
34 81 41
24 81 19
93 33 25
43 41 62
6 3 72
20 2 20
24 35 38
43 9 62
11 81 24
6 93 84
25 47 35
20 87 43
74 6 0
24 81 41
77 73 72
13 81 24
59 92 66
53 13 97
44 13 38
55 95 97
85 10 50
74 6 4
36 73 16
70 1 41
95 61 72
20 92 86
0 77 38
29 19 4
93 1 11
77 0 72
13 14 72
80 41 84
77 24 82
99 21 66
59 50 27
48 31 50
46 55 78
55 99 38
70 47 41
80 9 77
13 31 50
70 81 11
8 93 0
93 47 25
13 31 27
85 95 3
25 81 25
0 58 18
13 95 88
10 4 27
34 48 52
15 93 53
11 79 57
20 87 78
43 6 62
2 6 72
46 87 57
70 6 82
96 99 79
11 85 41
13 31 88
99 73 66
54 14 57
93 47 11
74 9 84
37 73 72
0 63 3
54 14 43
95 67 90
59 73 86
62 35 18
13 36 19
59 10 88
85 95 9
95 82 82
91 24 82
95 24 48
37 93 72
0 35 72
55 58 97
70 61 90
27 63 72
20 14 72
85 4 50
91 82 82
85 95 27
70 65 41
99 92 31
13 14 57
11 58 18
6 73 46
7 81 11
74 41 84
50 44 16
11 77 72
38 48 24
92 65 35
50 92 95
50 24 95
27 60 18
48 4 9
93 81 41
8 12 53
70 33 35
29 41 4
11 57 86
13 2 20
51 6 4
46 79 57
8 0 72
6 12 72
95 6 90
96 22 38
36 44 31
59 24 66
13 95 3
92 81 41
25 33 11
43 41 4
96 13 97
74 9 62
34 81 19
15 12 46
62 58 63
91 24 90
25 81 85
48 10 27
20 79 78
96 58 97
46 14 72
24 63 38
11 58 72
77 61 72
99 73 31
74 6 84
43 9 4
59 4 3
11 2 57
51 19 62
10 4 3
92 47 11
54 55 72
20 21 86
99 24 31
24 13 56
13 2 78
59 50 88
13 48 19
25 1 11
85 50 88
13 10 3
37 12 46
25 33 41
7 1 85
70 81 85
0 63 63
55 99 79
85 10 27
8 73 0
99 21 86
59 24 31
10 10 9
6 0 0
29 6 77
77 82 48
2 67 90
70 82 37
74 41 0
48 31 3
38 81 19
0 58 38
36 21 95
13 48 86
24 48 19
11 77 38
95 61 48
92 33 35
13 50 3
44 95 79
2 24 72
20 14 43
53 58 79
43 43 77
13 50 9
53 58 83
13 57 52
95 24 90
51 6 77
48 31 88
24 22 83
25 65 41
6 93 72
59 21 95
59 50 3
37 73 46
59 24 95
62 60 3
50 73 66
27 63 38
96 95 97
99 24 16
59 92 86
85 10 3
0 63 38
11 14 57
20 2 43
38 48 52
44 58 56
10 95 88
95 6 37
10 50 3
13 36 24
11 60 3
6 3 53
37 73 84
24 48 86
8 73 84
24 35 72
93 81 25
77 0 53
29 6 62
2 67 37
20 21 16
99 92 86
15 93 46
95 67 37
85 4 88
11 36 19
27 58 38
25 47 25
44 95 38
11 63 3
7 1 11
59 10 9
10 31 27
29 6 0
13 14 20
20 92 66
62 77 18
36 92 86
7 33 35
27 58 63
24 36 24
8 3 53
6 73 53
27 35 38
55 58 79
34 57 86
13 55 78
11 87 78
55 58 83
43 6 77
46 55 20
70 82 90
77 93 0
24 77 18
95 82 90
24 85 52
13 48 24
13 4 88
11 87 57
15 73 46
99 21 16
15 0 72
34 48 86
93 33 85
25 81 35
25 47 11
74 6 62
10 31 88
74 41 77
15 0 84
36 92 66
24 99 79
70 61 37
0 58 3
74 43 0
55 22 79
0 77 72
77 0 84
10 31 50
13 55 57
62 35 72
25 65 11
24 35 18
95 82 48
24 13 38
0 35 18
36 21 66
20 79 43
24 13 97
44 22 79
11 60 38
59 31 3
13 79 57
20 21 31
38 57 24
34 36 86
8 3 84
50 73 16
70 81 25
10 95 50
51 9 0
54 2 20
62 63 72
70 6 90
20 14 57
44 95 83
80 9 4
36 24 95
11 48 86
85 31 27
20 44 31
36 44 66
8 0 84
36 92 31
85 95 50
80 9 84
48 4 50
37 12 84
85 4 27
10 95 9
54 79 20
13 85 19
46 79 43
54 79 43
80 19 77
24 77 72
11 55 57
25 33 35
24 85 41
25 81 41
74 43 84
77 6 48
99 44 66
70 1 25
62 58 38
96 99 83
8 73 53
25 33 85
53 95 56
10 50 50
20 24 16
50 21 31
11 14 78
70 67 82
92 65 11
59 73 95
37 93 0
77 82 72
59 4 50
92 1 11
51 41 84
59 44 86
62 35 3
55 22 83
13 87 57
77 6 90
10 50 9
51 9 84
43 43 84
55 13 97
70 6 37
24 95 38
13 2 57
7 47 35
70 65 25
20 55 57
80 6 84
62 58 72
59 44 16
91 6 90
13 4 3
6 12 84
74 9 0
20 55 78
77 67 82
77 24 72
36 24 66
93 47 85
29 9 62
6 73 72
50 44 31
85 10 9
59 73 66
43 19 84
8 12 0
7 1 35
85 4 3
74 19 4
77 82 37
70 82 82
11 79 78
13 57 19
29 9 4
62 63 63
54 14 72
7 47 85
93 1 85
95 24 72
10 95 3
11 55 78
91 24 48
93 65 85
13 85 86
2 24 82
13 10 88
54 2 43
70 61 82
11 48 24
13 57 24
6 0 84
53 58 56
13 55 72
7 1 25
51 6 62
11 63 72
70 67 90
2 67 72
24 22 79
77 61 48
55 13 79
43 41 84
34 85 19
77 6 72
46 79 20
77 82 90
38 57 52
10 31 3
34 48 24
34 57 41
29 43 84
11 87 20
37 0 84
15 93 0
44 22 56
70 1 85
36 73 31
24 13 83
62 77 38
99 24 66
96 58 79
48 50 9
7 65 25
55 99 83
37 12 72
48 50 3
8 73 72
37 73 53
27 77 18
13 14 43
50 21 86
70 33 85
74 9 77
46 87 78
93 33 11
77 12 72
54 2 78
20 55 72
85 10 88
55 13 83
59 10 50
0 60 3
70 65 11
2 82 82
15 0 53
44 58 97
36 24 16
36 44 95
15 3 53
29 43 4
11 14 72
44 13 79
46 2 72
24 13 79
99 73 86
0 35 3
51 6 0
20 87 20
11 60 18
38 81 52
0 60 72
70 6 48
91 6 72
43 9 84
99 44 31
59 95 88
77 3 46
36 21 16
37 93 53
48 10 9
8 93 53
92 1 41
27 58 18
13 85 41
80 6 62
20 24 31
7 33 41
24 36 52
77 12 84
70 1 35
24 95 83
20 73 95
54 79 57
13 4 9
27 58 72
36 44 86
77 93 72
24 63 18
36 73 66
55 95 79
85 31 3
10 50 88
53 95 83
29 43 77
27 63 3
51 41 4
93 33 41
24 85 86
70 1 11
7 1 41
77 93 53
29 41 62
55 99 97
10 31 9
80 6 77
25 1 35
46 14 78
20 24 86
92 33 85
11 57 52
99 24 86
25 33 25
13 4 50
24 35 3
38 48 19
2 24 48
11 81 86
93 65 35
92 81 11
13 10 9
53 99 83
7 81 85
91 61 48
29 9 0
43 43 4
91 82 37
48 4 88
38 85 86
50 24 86
53 22 83
96 13 38
70 82 48
95 61 90
13 87 72
24 81 52
70 24 82
11 57 24
11 48 41
13 55 43
99 21 31
85 4 9
70 81 35
77 3 53
50 44 66
11 36 41
0 35 63
11 35 63
43 19 0
59 73 31
27 77 63
62 60 63
20 24 66
74 9 4
27 77 3
13 50 88
92 47 85
77 0 0
37 3 0
13 36 41
96 58 56
59 21 31
24 48 24
59 92 95
24 85 24
0 60 38
24 35 63
13 48 52
48 95 50
20 24 95
50 24 66
7 81 41
24 48 52
13 81 86
15 0 46
43 19 4
13 85 52
70 33 11
25 65 35
93 65 25
11 58 38
70 33 25
29 41 84
51 19 0
36 73 95
44 99 83
38 36 52
36 21 31
24 58 56
46 2 43
59 31 27
11 35 38
2 24 90
48 31 27
48 50 88
77 12 0
46 14 43
59 21 86
7 81 35
20 87 57
93 1 35
77 61 82
7 65 11
54 79 78
50 92 66
96 99 38
48 95 27
80 41 0
55 22 56
20 55 20
48 95 88
54 87 78
24 60 18
8 93 46
74 41 62
99 44 86
11 2 72
44 13 83
80 43 62
96 99 56
20 44 16
25 47 41
80 6 0
54 79 72
91 61 37
51 9 62
2 82 37
96 13 83
91 24 37
20 73 16
15 73 53
11 63 63
24 58 97
11 55 20
92 1 35
91 67 37
2 67 82
43 41 77
34 85 52
62 77 3
27 60 63
11 57 19
11 79 43
13 10 50
38 57 19
54 55 43
91 6 82
15 12 0
59 44 66
36 21 86
24 58 18
34 48 41
0 35 38
27 35 72
95 82 72
96 22 79
29 41 0
92 47 41
59 4 88
24 60 72
15 12 84
11 79 72
53 58 38
96 95 56
20 21 66
46 2 78
93 47 41
34 81 52
95 6 72
91 67 48
74 43 77
91 67 82
59 95 50
92 81 85
80 43 84
24 57 19
0 60 18
2 67 48
27 60 3
85 31 88
59 24 86
46 2 57
13 87 78
34 36 41
34 85 41
43 43 62
77 24 37
93 33 35
20 79 20
70 33 41
15 73 72
80 41 62
24 57 86
91 61 90
24 60 3
6 93 0
24 99 56
70 47 85
54 14 78
55 22 97
13 2 43
34 48 19
93 1 41
50 92 16
29 19 0
36 24 86
44 99 38
43 6 4
46 2 20
62 60 18
77 67 72
96 22 56
11 77 3
7 33 25
24 58 72
13 50 27
13 31 9
13 36 52
55 13 56
96 99 97
11 58 3
25 65 25
36 92 95
11 2 43
59 24 16
77 93 84
53 13 38
20 21 95
8 3 46
51 43 4
24 95 79
92 33 25
34 85 86
55 99 56
53 99 38
51 19 77
2 6 82
20 92 31
13 87 43
24 95 56
24 58 38
20 79 57
37 3 46
10 4 50
38 85 24
91 82 72
43 6 0
46 55 43
51 41 77
8 93 72
80 43 0
29 9 84
62 63 18
43 19 62
29 19 77
7 33 11
2 6 90
59 73 16
96 95 79
95 67 82
96 58 83
70 65 35
48 50 27
46 79 78
62 77 72
20 79 72
50 24 16
48 10 3
29 6 4
29 43 62
13 31 3
11 85 52
80 43 4
15 0 0
20 92 95
51 6 84
54 14 20
11 35 72
99 44 16
59 92 31
2 82 72
53 22 97
11 77 18
48 4 3
74 41 4
70 65 85
8 3 0
8 0 0
70 67 48
92 47 25
51 9 77
43 41 0
24 57 41
15 12 53
24 85 19
59 21 16
43 9 0
62 35 38
54 87 43
92 47 35
38 81 24
8 12 84
7 65 41
10 95 27
0 63 72
7 81 25
24 57 52
44 22 38
99 92 16
34 57 52
85 50 3
6 3 0
34 36 24
53 22 56
29 19 84
55 58 38
24 48 41
48 95 9
20 92 16
44 58 79
74 6 77
77 67 48
24 58 79
38 36 41
34 57 24
77 12 46
53 13 56
92 1 85
93 81 11
20 73 31
6 0 72
70 47 25
13 36 86
7 47 41
59 21 66
10 10 88
44 22 83
91 67 90
92 33 11
95 24 82
7 33 85
10 50 27
44 13 56
0 77 3
91 24 72
13 4 27
85 31 50
13 79 72
11 77 63
53 13 83
13 50 50
48 31 9
50 73 95
6 73 84
20 55 43
77 0 46
34 81 86
51 43 0
25 81 11
11 85 86
53 22 79
50 21 16
50 44 95
93 47 35
27 60 72
2 6 48
13 79 43
44 22 97
50 73 31
11 58 63
6 0 53
77 6 82
13 95 27
92 81 25
50 44 86
8 0 46
85 50 50
24 22 56
85 31 9
80 9 0
24 99 97
92 33 41
0 63 18
55 22 38
54 87 72
24 95 97
37 0 72
77 73 84
38 57 41
8 93 84
85 50 9
93 1 25
10 4 9
7 65 35
99 92 66
70 24 48
51 19 4
24 63 63
6 0 46
59 92 16
74 19 84
24 60 63
80 41 77
44 95 56
7 47 25
24 22 38
50 92 31
11 2 20
53 99 79
34 36 52
11 63 38
54 2 57
77 61 90
37 93 46
38 85 41
6 12 53
59 44 95
24 77 3
37 3 84
6 73 0
77 73 53
11 57 41
91 82 90
95 6 48
24 58 83
10 4 88
11 60 72
38 48 86
20 2 78
25 1 41
6 3 84
77 67 90
24 58 3
