37 93 46
93 47 11
77 6 90
73 66 64
2 94 70
80 34 49
13 31 88
11 74 58
1 81 89
62 60 67
51 41 4
48 94 12
52 47 47
25 27 16
83 39 42
41 38 35
2 57 70
39 7 70
83 75 41
29 32 5
92 33 41
19 2 89
39 1 24
73 15 72
44 99 83
85 0 56
91 36 79
33 50 74
8 93 0
77 70 59
93 43 89
85 95 50
74 58 19
80 43 0
14 34 68
38 43 63
70 71 5
9 36 82
38 98 44
43 43 77
3 71 1
87 11 95
53 67 92
96 99 79
79 52 90
74 45 94
38 52 14
46 87 43
93 57 63
22 18 96
47 3 79
34 81 86
19 3 70
74 89 64
88 97 51
68 22 21
93 25 3
84 42 77
45 38 56
62 83 18
95 6 48
68 0 14
64 15 64
20 69 10
96 32 25
17 57 78
27 1 74
65 82 15
93 85 78
61 17 72
42 27 75
1 90 31
14 89 35
46 81 24
1 41 19
29 41 77
88 58 78
29 30 97
8 93 46
1 18 16
37 62 29
42 65 68
83 34 39
75 90 59
39 75 6
83 43 84
46 93 98
44 77 80
50 18 61
76 27 87
19 44 63
84 35 27
61 65 79
86 75 19
56 58 59
68 95 92
56 67 4
75 20 99
87 35 66
56 94 2
60 64 76
38 83 31
27 23 87
59 56 5
24 99 74
64 46 92
10 95 27
80 72 65
6 93 0
82 55 54
89 55 4
29 40 57
3 84 6
22 72 56
76 5 47
59 73 31
12 60 29
1 80 15
86 15 24
17 90 42
54 55 72
88 79 82
37 54 44
65 85 20
62 24 31
50 21 14
42 90 46
0 48 89
44 41 15
95 54 5
84 80 80
62 27 7
96 56 69
89 4 64
51 27 44
94 18 28
27 13 79
24 46 48
87 23 88
57 63 49
29 58 99
90 87 28
44 45 28
74 96 36
66 37 12
6 3 0
8 67 24
63 7 88
58 1 36
4 9 59
80 27 0
75 92 51
88 21 32
35 20 86
28 53 18
50 98 72
46 4 26
4 16 71
49 50 66
11 57 86
11 2 89
46 25 16
4 27 21
71 6 35
82 20 5
40 91 37
69 91 27
95 83 75
88 65 0
77 43 52
24 58 18
1 99 32
97 51 32
64 10 89
83 37 58
57 5 32
51 29 6
65 50 58
53 59 38
32 14 67
72 40 75
16 5 59
58 28 97
43 51 67
63 39 20
94 3 89
3 55 93
96 1 57
20 31 27
56 60 2
80 43 77
67 95 22
4 32 2
64 15 47
56 97 15
35 91 82
42 49 47
47 74 7
59 4 50
11 34 13
85 4 3
91 76 62
57 28 77
52 42 30
39 46 61
79 45 4
89 59 62
7 45 96
17 54 69
49 57 7
92 24 4
43 23 87
66 61 54
92 2 49
97 66 80
49 1 79
33 2 27
28 26 66
30 5 6
52 10 95
84 71 37
57 4 13
0 30 93
74 41 0
55 68 72
36 39 75
45 35 44
4 64 90
88 79 85
48 38 50
80 9 84
19 7 97
68 41 51
98 57 8
5 41 73
70 12 52
79 45 20
59 58 29
6 81 19
3 18 85
21 35 85
20 91 26
42 20 27
60 91 96
38 6 87
69 4 54
13 79 78
51 58 79
71 18 48
47 69 10
31 32 25
8 99 86
55 92 4
8 66 47
22 43 37
30 64 23
2 61 11
66 67 89
57 41 73
0 35 63
63 68 76
71 23 82
78 29 26
61 95 45
6 93 53
72 80 73
75 18 68
15 40 42
53 9 63
30 27 69
65 97 93
85 78 70
89 80 83
99 88 36
84 25 2
15 91 89
0 19 4
93 88 95
76 83 74
51 41 0
81 33 77
58 35 10
95 24 52
89 62 0
59 50 9
92 27 20
15 2 87
76 80 48
95 61 90
42 19 50
68 50 42
99 88 97
35 38 3
32 59 31
99 71 2
42 91 54
52 86 71
14 81 68
92 16 43
6 10 19
50 53 13
85 48 17
90 79 56
45 81 14
50 95 28
96 9 85
8 91 58
81 6 89
31 19 85
59 89 39
58 67 89
17 63 30
62 80 0
85 72 12
50 67 50
93 64 78
25 15 71
97 85 21
27 73 37
81 69 44
66 71 1
23 76 37
98 87 27
16 77 65
11 36 33
13 96 39
42 35 46
93 78 1
60 29 59
88 75 61
11 77 24
49 52 70
97 20 45
55 62 1
15 73 46
66 53 17
4 84 7
5 48 40
78 40 68
38 32 0
30 10 57
24 93 93
21 88 6
28 81 77
52 29 58
65 84 68
97 54 64
83 20 77
67 22 41
14 28 84
68 85 3
75 24 10
17 99 39
68 51 71
8 1 84
23 72 47
37 43 58
0 63 63
0 71 74
59 84 87
72 76 66
24 64 89
86 93 46
38 4 8
59 73 6
63 16 40
22 22 42
72 54 67
56 29 37
8 57 55
6 61 73
72 7 70
97 51 91
50 72 38
35 81 2
39 38 99
92 78 22
1 19 64
52 2 57
28 63 98
54 54 12
3 34 21
0 2 91
55 22 61
32 94 40
89 17 59
68 51 95
15 48 62
83 73 52
74 91 2
55 66 59
60 64 12
73 44 75
74 0 39
76 28 46
65 66 72
39 74 17
23 72 93
38 60 52
12 3 30
68 24 82
51 56 39
43 63 97
96 27 36
30 6 8
12 21 68
6 12 72
57 59 44
87 68 69
41 94 94
68 63 73
40 84 58
43 70 25
94 54 16
62 92 48
20 85 41
67 92 71
8 34 58
36 36 32
8 14 83
40 6 41
77 2 96
7 46 72
58 14 68
7 65 40
76 97 88
59 90 13
97 76 51
37 36 14
18 60 79
80 25 21
26 84 50
58 48 56
17 44 95
66 40 16
35 80 19
29 38 98
95 15 47
66 64 60
25 34 24
20 79 43
52 45 24
95 31 58
97 55 94
70 35 34
40 24 3
31 52 29
53 53 58
64 80 9
14 96 27
33 6 9
54 31 69
81 37 56
74 28 68
9 75 27
17 44 64
63 74 87
68 77 74
60 11 53
94 90 35
28 28 30
7 22 68
17 90 99
75 28 81
86 21 93
45 74 46
70 65 9
83 10 42
43 3 35
58 10 37
86 7 49
85 50 50
36 89 73
80 78 53
23 52 75
46 91 37
27 78 86
75 93 18
8 65 77
83 69 26
17 72 12
84 45 10
95 65 20
76 34 40
34 59 72
36 41 88
66 45 77
54 99 73
66 61 97
63 14 31
30 9 52
72 21 45
53 30 43
35 49 70
11 63 3
39 58 30
2 70 96
21 83 5
18 56 81
11 49 33
56 29 21
38 68 57
75 69 69
46 55 43
78 25 65
86 78 5
44 13 57
56 46 98
77 10 20
5 82 19
18 46 43
22 57 47
56 12 1
39 88 2
27 58 81
3 25 59
84 34 3
73 23 24
90 19 73
99 50 61
39 4 19
82 18 1
50 97 60
78 4 55
39 12 4
54 43 98
36 0 59
42 97 96
53 99 38
61 77 6
65 89 50
14 24 4
80 43 2
7 70 27
11 16 37
88 8 45
4 83 49
91 90 76
72 16 63
3 77 87
24 67 12
53 71 20
59 7 63
25 93 79
21 23 23
30 52 96
99 20 54
71 93 7
35 72 93
61 29 80
20 21 75
62 35 52
10 57 97
74 79 43
61 43 69
94 23 96
36 92 12
94 41 90
40 23 31
96 12 31
78 66 54
36 9 16
35 77 51
19 48 70
28 19 74
34 8 3
42 28 67
58 40 94
72 75 78
29 54 51
52 30 56
68 74 32
65 11 59
40 91 1
9 47 85
52 55 37
60 56 32
82 41 83
9 78 73
57 55 57
59 89 85
29 47 64
85 10 23
29 54 88
90 51 39
27 4 18
59 47 22
77 95 30
19 22 19
54 21 88
68 55 58
7 1 25
45 7 56
50 23 85
13 65 89
75 20 62
86 55 20
96 43 79
27 71 70
53 65 47
35 13 38
35 89 11
63 72 61
28 36 59
51 4 30
50 11 22
98 49 19
35 2 46
61 62 54
73 85 13
66 11 68
40 83 0
90 95 46
95 60 55
36 31 98
82 94 90
48 95 88
18 98 82
8 43 64
83 80 30
83 28 19
33 57 83
80 86 19
93 48 47
70 34 35
92 94 23
87 23 3
48 39 52
6 51 2
37 12 72
24 92 23
24 7 17
64 83 83
34 60 30
71 8 6
94 44 17
14 13 71
3 61 82
46 78 96
81 78 25
85 30 45
56 11 39
62 65 94
27 12 24
13 8 2
6 86 12
65 88 57
88 75 12
6 41 1
8 36 99
73 14 1
33 3 25
84 69 92
1 31 72
42 18 2
51 10 99
68 96 44
13 87 43
50 72 95
61 1 18
10 27 29
1 42 87
86 94 2
87 22 58
48 66 81
9 88 76
4 57 57
44 20 3
49 55 58
4 63 34
11 77 18
17 45 10
17 40 48
14 85 82
9 83 82
52 4 57
69 24 6
36 97 4
32 48 36
81 39 53
6 5 33
70 78 0
93 84 71
59 10 6
7 46 79
25 41 49
42 74 17
91 20 14
63 45 29
23 41 99
77 32 94
8 36 37
56 54 84
85 37 96
77 15 1
45 84 38
0 52 26
15 35 84
22 12 69
5 43 52
0 13 15
16 1 86
61 44 40
93 89 75
3 26 16
41 10 84
31 47 45
11 3 54
19 27 76
29 77 0
3 16 92
50 44 95
62 60 82
68 45 16
12 78 75
38 81 70
45 79 94
76 58 62
31 62 6
93 30 41
24 96 36
67 54 10
35 47 96
2 98 11
70 77 93
73 91 31
54 71 62
72 91 51
46 41 92
80 39 37
38 20 81
22 78 16
62 97 86
75 20 81
12 31 13
60 66 5
88 42 99
42 37 71
99 24 95
11 83 64
13 81 86
82 98 71
87 62 86
59 21 17
23 17 52
25 42 62
37 32 22
74 36 59
74 70 57
83 60 7
42 7 44
80 56 0
27 61 77
69 95 53
65 43 8
40 36 81
5 46 34
57 56 75
18 74 13
22 89 55
19 78 45
20 90 29
55 36 73
49 33 52
8 59 69
86 35 91
23 37 1
84 0 68
79 1 21
65 30 34
98 17 78
76 12 44
73 57 80
56 88 81
20 87 43
39 18 81
1 47 8
43 6 58
78 48 55
20 87 72
88 72 20
5 5 24
51 57 6
91 24 90
61 17 37
77 81 60
41 85 94
16 99 69
10 34 40
12 92 39
63 26 71
32 14 4
63 1 65
5 50 28
60 39 33
53 56 87
95 5 52
80 92 91
8 76 94
95 88 82
2 23 0
7 46 82
51 69 14
41 7 74
5 70 75
83 18 70
33 49 13
39 43 82
25 43 13
88 75 69
76 46 51
46 68 21
63 72 14
38 23 18
62 14 2
14 93 99
54 99 99
57 39 30
49 92 59
46 23 58
61 25 9
58 40 15
91 23 89
29 88 13
81 24 57
48 76 58
86 52 61
51 77 97
79 76 20
89 76 32
64 74 43
31 66 70
79 21 39
46 9 26
92 22 39
55 56 59
96 19 92
7 91 4
1 41 7
92 5 49
10 81 17
26 16 78
99 98 1
15 63 5
73 95 9
55 27 30
50 39 27
36 34 98
9 58 57
80 52 84
99 37 84
86 89 90
54 14 57
76 89 30
76 97 54
17 82 97
87 43 84
71 9 20
89 19 22
15 55 57
82 0 83
25 55 85
27 85 50
74 85 46
4 57 31
89 12 58
77 5 51
71 19 15
31 23 72
24 96 88
37 73 72
47 81 71
90 57 66
47 19 17
75 84 56
71 78 85
96 70 54
35 39 95
15 3 0
62 60 3
89 24 57
18 5 36
10 50 46
35 11 89
18 95 86
7 45 66
92 78 77
55 53 81
77 91 39
61 66 28
11 69 4
54 26 21
32 56 25
7 43 51
45 0 65
67 5 46
1 11 64
70 5 40
11 39 78
44 22 56
36 89 24
42 53 76
30 31 81
52 30 58
2 33 32
27 63 76
29 33 20
97 60 53
76 87 15
21 72 18
7 10 17
75 10 45
25 19 29
52 21 61
73 29 63
83 45 30
41 35 26
76 84 12
29 80 39
54 15 64
25 26 22
8 3 0
7 11 5
68 72 21
9 16 52
13 71 98
55 17 60
66 2 71
69 25 72
85 88 59
82 68 97
65 11 77
23 38 13
87 25 43
92 54 93
74 36 93
38 88 28
66 92 37
19 32 15
40 89 94
75 99 97
40 19 54
86 66 62
68 46 35
12 95 68
25 12 54
91 96 84
86 22 5
25 83 84
41 78 70
78 31 45
2 68 91
37 13 87
31 80 45
23 36 4
17 84 37
76 74 33
83 91 42
24 85 7
58 56 62
67 65 51
74 86 8
70 47 61
2 57 45
54 24 70
85 28 52
14 60 41
42 72 15
88 19 50
39 48 59
2 45 30
20 98 30
52 96 0
79 92 31
68 70 76
39 16 92
56 38 30
58 11 29
59 9 68
69 56 2
28 18 22
79 21 85
49 89 78
95 10 48
34 69 39
68 41 76
19 45 85
9 6 10
45 65 22
77 48 78
12 62 78
36 6 4
72 8 25
38 23 4
95 33 53
24 99 79
49 30 19
81 47 13
28 29 37
20 16 50
