77 12 84
34 48 41
43 19 0
2 24 72
43 41 4
8 0 84
91 67 48
20 79 78
20 87 72
59 50 50
93 65 25
8 73 84
6 93 53
11 2 57
27 60 18
62 63 63
24 99 97
29 43 4
25 65 85
36 44 86
37 0 53
11 48 19
34 81 19
92 65 35
62 60 38
44 58 56
92 47 41
36 73 86
11 2 43
37 73 72
70 33 41
51 9 4
70 1 35
11 55 20
54 55 72
44 22 38
74 6 77
24 95 83
24 81 41
92 81 35
91 6 90
24 99 56
91 82 90
70 6 72
48 10 27
0 63 72
11 85 86
62 63 3
59 73 66
10 10 27
74 19 77
55 13 83
24 99 79
27 60 3
20 44 31
7 47 41
92 81 41
38 57 19
24 57 24
43 43 0
43 9 62
25 33 85
11 79 57
91 61 48
34 48 19
92 47 25
11 14 78
11 77 72
27 77 18
13 50 9
13 79 78
44 58 97
77 67 48
11 35 38
11 58 72
74 6 4
53 22 97
80 41 4
11 48 52
99 73 31
53 99 56
99 92 66
51 43 4
11 77 38
13 57 19
51 43 62
62 63 72
0 77 38
13 4 3
85 95 88
93 81 35
77 61 72
59 4 88
7 65 41
70 61 90
59 44 86
7 1 41
50 73 16
62 77 18
7 81 11
20 21 86
20 21 66
29 19 0
7 1 85
34 36 41
74 6 62
80 6 4
24 57 86
24 60 63
77 12 72
24 22 83
93 47 11
44 13 97
24 81 19
51 19 62
20 55 43
38 57 24
46 55 20
59 95 3
44 58 38
96 13 79
77 12 46
13 85 86
15 73 46
62 35 18
38 81 86
70 33 35
29 19 62
53 99 79
48 10 9
95 24 90
85 95 27
59 95 9
34 85 24
11 79 43
13 95 27
92 33 25
59 31 50
59 21 66
92 1 41
13 48 24
13 48 86
44 13 38
85 95 50
74 9 77
92 65 85
51 9 77
10 50 9
53 22 83
51 6 77
51 6 0
0 58 18
70 67 82
13 55 78
48 4 3
85 95 9
20 14 57
46 14 43
48 95 3
43 19 84
55 99 56
25 1 85
99 44 95
70 82 48
27 58 18
55 99 79
37 3 72
70 47 85
11 36 52
13 85 41
80 19 77
62 35 3
95 82 37
70 65 85
10 4 9
37 93 72
10 31 9
27 58 3
0 77 72
13 4 50
99 21 86
46 87 57
54 79 57
80 43 77
80 43 4
96 99 38
0 60 72
80 6 0
53 58 79
62 58 3
36 21 95
59 21 16
95 6 90
92 1 35
70 1 11
6 3 46
15 73 84
96 99 83
46 2 20
13 2 72
13 50 50
77 73 0
34 36 24
53 13 83
46 14 20
50 21 95
51 43 0
20 2 72
11 81 86
24 13 56
48 95 9
74 41 77
20 79 72
0 35 38
80 6 77
36 73 66
7 81 35
48 95 27
8 3 84
53 99 38
43 41 62
34 48 24
24 13 38
11 36 41
93 81 85
27 77 38
2 61 72
92 81 11
36 44 31
77 93 53
93 33 35
59 73 86
15 93 46
20 92 86
70 1 85
43 9 84
34 57 19
48 31 3
25 81 85
80 41 0
13 10 88
59 44 95
50 92 66
34 57 52
85 4 88
8 93 72
13 79 57
44 95 79
36 92 66
96 58 79
11 48 24
13 55 43
15 0 84
24 81 24
15 73 53
0 60 63
55 22 38
34 81 24
20 79 20
11 55 78
24 81 52
7 47 35
11 87 78
29 6 4
7 65 25
55 99 83
54 79 72
74 43 84
36 21 86
15 12 84
62 35 38
46 79 72
59 50 3
24 22 38
46 2 78
59 50 27
70 24 48
24 60 72
24 99 38
95 82 48
59 21 95
24 99 83
53 95 83
92 47 35
11 87 57
2 61 48
25 65 25
44 13 83
74 43 4
93 47 35
24 77 18
10 10 88
7 33 35
24 63 3
99 73 66
0 35 18
36 44 95
89 40 73
79 44 47
15 93 53
37 3 53
27 35 18
62 58 38
27 63 18
70 6 48
7 33 41
51 19 77
62 35 72
50 92 16
11 85 19
59 44 31
99 73 16
93 65 85
59 44 16
48 95 88
96 58 83
11 48 41
11 63 3
85 50 50
62 77 3
70 33 85
55 22 79
96 22 83
59 10 27
44 95 38
7 47 11
77 6 90
36 73 16
37 12 53
62 77 63
96 22 79
24 85 52
43 6 4
7 33 85
10 50 88
24 36 86
38 57 86
38 85 41
24 58 83
24 85 86
10 4 3
27 77 3
37 0 72
20 3 18
70 81 35
74 9 62
13 79 72
93 47 85
74 43 62
13 57 41
95 67 72
20 92 66
11 14 43
55 95 83
2 24 90
2 6 90
27 35 38
54 87 20
99 44 86
2 6 37
59 31 88
13 85 24
48 31 88
11 14 57
7 81 41
21 85 62
24 58 38
77 24 82
80 43 0
77 3 84
63 17 98
11 60 38
8 0 53
85 31 88
77 24 90
6 3 0
6 0 72
46 87 43
13 36 86
59 92 66
74 41 62
11 36 24
99 24 16
0 35 63
77 3 46
70 67 48
37 93 53
29 6 62
48 4 27
54 55 43
92 81 85
24 58 79
53 13 97
13 48 19
6 0 53
10 50 50
20 2 78
2 82 90
48 31 50
50 21 86
15 3 53
99 24 86
6 0 46
11 57 86
13 31 88
43 19 62
11 87 43
36 44 66
10 31 88
0 58 3
13 2 57
70 82 37
70 24 90
80 43 62
95 24 82
10 50 3
25 65 35
36 92 16
34 81 52
20 73 16
76 39 40
59 21 86
93 33 11
20 55 72
20 21 16
77 82 72
59 92 86
8 12 46
11 81 41
0 77 18
13 81 24
74 46 96
25 65 11
50 44 95
20 24 66
11 85 24
0 63 3
6 84 88
24 48 86
8 93 46
91 82 48
50 92 31
46 55 43
44 22 56
2 67 48
20 44 16
0 68 44
13 48 52
11 63 18
85 10 88
11 14 72
25 33 25
50 24 31
51 86 25
92 1 25
53 95 38
74 19 4
34 85 86
46 2 43
15 0 72
91 6 48
53 22 79
13 2 78
11 60 3
2 24 82
13 31 9
99 92 16
13 10 9
43 6 62
29 9 77
25 1 41
44 13 56
29 9 62
38 85 86
77 3 72
80 19 62
54 14 72
37 12 46
77 0 53
85 95 3
36 24 31
99 24 66
6 73 72
34 36 86
7 1 11
59 95 88
10 95 88
20 73 66
85 4 50
29 43 84
38 48 41
51 41 0
92 33 11
13 95 88
95 6 82
91 6 72
54 14 20
92 81 25
13 50 3
2 21 82
11 2 20
36 21 66
70 65 25
36 30 69
46 2 57
70 82 82
25 81 25
77 3 53
92 1 11
38 96 81
6 12 0
48 4 50
11 48 86
93 33 41
77 82 48
77 61 48
20 44 86
14 62 98
2 82 37
20 14 43
34 57 86
8 93 0
62 60 18
75 92 42
29 9 84
8 12 53
13 81 41
77 82 90
38 48 86
24 95 56
29 43 62
99 21 95
59 44 66
51 6 62
50 44 66
84 43 90
86 99 26
7 47 85
6 12 53
2 67 72
6 73 46
54 2 78
59 92 31
92 65 41
27 58 38
54 79 20
49 4 5
46 14 57
44 99 79
2 6 72
13 10 3
25 81 35
70 6 37
2 6 48
10 50 27
93 65 11
96 99 79
27 60 72
59 10 3
85 10 3
99 21 66
37 73 53
13 57 52
25 81 11
38 85 52
91 24 37
20 2 20
56 5 70
76 12 32
70 67 72
24 36 24
77 67 72
38 36 19
24 85 24
25 47 35
90 87 66
48 31 9
45 97 23
2 90 20
80 9 84
29 19 77
24 77 3
27 58 72
92 33 41
7 65 35
13 36 24
6 3 53
20 79 43
55 95 38
11 63 72
99 24 31
96 95 79
53 95 97
85 10 27
36 92 95
44 95 56
20 2 43
99 92 31
13 87 20
95 61 90
99 82 95
10 10 9
49 13 49
11 77 3
34 11 67
2 61 37
91 31 41
40 18 76
62 60 3
43 41 77
25 47 25
24 60 38
34 36 19
38 57 52
77 73 46
15 0 53
8 0 46
18 65 50
96 13 56
24 85 19
25 33 35
77 12 53
24 35 3
54 79 43
13 10 50
10 28 11
74 41 84
82 29 58
11 79 78
13 14 20
38 57 41
55 95 56
47 33 31
20 14 72
11 85 41
11 77 18
96 95 38
13 31 50
13 87 72
55 99 97
2 82 72
11 14 20
51 6 4
77 0 84
94 96 86
50 92 86
99 44 16
92 47 11
13 55 72
74 41 4
55 95 79
85 21 1
62 60 72
7 1 25
14 49 37
55 99 38
53 58 83
16 57 41
27 93 68
13 52 35
57 29 36
40 29 90
15 12 46
85 50 9
54 47 3
15 6 93
50 73 66
48 10 3
27 98 2
70 61 48
70 82 72
29 19 84
36 21 31
42 10 99
6 0 84
4 85 58
24 77 38
53 99 83
24 85 64
54 14 43
85 50 88
72 28 18
24 95 38
25 33 41
80 9 0
31 77 87
92 33 85
50 21 66
2 82 48
38 81 19
13 4 9
80 19 0
44 99 56
94 16 59
94 17 13
22 63 80
91 5 28
51 9 62
51 19 4
27 35 3
41 97 99
37 97 65
24 81 86
37 0 84
87 78 73
40 26 4
7 81 85
45 65 45
13 2 20
43 6 84
51 70 8
74 9 4
46 55 57
87 7 0
50 21 16
18 12 17
10 10 50
11 57 41
37 93 0
84 52 47
13 48 41
10 31 27
59 24 16
7 47 25
24 22 97
54 2 72
70 47 11
55 22 97
77 0 0
59 73 95
66 45 63
24 63 38
70 81 85
11 75 94
92 1 85
19 96 49
74 41 0
29 6 77
60 78 42
35 0 90
55 61 9
13 85 52
54 14 78
15 3 46
62 58 18
98 60 40
29 9 4
80 6 84
59 4 27
20 24 86
35 94 43
24 60 18
34 97 48
46 14 72
26 86 69
48 31 27
8 73 46
51 6 84
53 58 56
15 12 53
24 48 24
20 24 31
56 40 8
60 47 24
11 60 18
18 32 92
7 1 35
37 44 54
40 89 34
54 87 78
37 12 84
15 93 84
6 73 0
6 12 46
6 12 84
59 91 4
85 10 50
6 93 0
62 63 38
44 10 71
70 6 90
44 22 97
74 6 84
4 6 31
36 73 31
33 54 45
13 79 20
39 88 57
29 41 0
38 36 86
19 11 64
0 60 18
70 22 56
77 82 82
25 33 11
70 53 66
13 81 86
38 85 19
20 92 95
71 73 97
39 78 43
36 21 16
82 28 62
10 31 3
77 78 35
15 17 70
38 81 24
85 50 3
74 43 78
29 19 4
11 87 20
69 87 22
91 67 90
44 39 27
24 13 83
46 79 78
46 79 20
44 58 79
25 65 41
77 12 0
48 10 88
49 10 22
50 24 95
10 10 3
60 56 32
10 95 9
43 41 84
48 24 1
66 41 66
59 4 9
91 12 20
37 3 0
95 67 82
13 14 72
91 67 72
95 6 48
10 95 27
38 75 36
96 58 38
51 41 84
22 82 98
48 10 50
91 6 37
15 3 84
75 11 22
20 87 57
36 92 86
94 73 32
38 81 52
55 41 73
2 67 82
51 88 19
77 61 90
50 14 18
4 46 83
20 21 0
87 26 68
10 51 90
56 66 49
88 41 37
46 96 54
77 93 60
35 27 49
81 51 52
88 71 81
97 78 96
7 89 34
25 57 80
46 76 52
37 73 84
77 67 37
64 18 66
54 2 43
8 73 53
55 11 68
71 80 85
34 57 41
96 99 97
1 44 33
45 23 76
57 79 37
60 43 99
95 61 72
30 9 76
55 94 54
11 77 63
34 81 41
15 93 72
2 85 86
32 54 35
38 22 49
99 73 95
40 64 89
10 4 27
45 43 28
89 57 61
76 98 46
77 6 82
67 93 48
6 73 84
95 24 93
24 48 52
53 89 11
32 59 31
69 8 72
95 61 48
59 85 6
27 49 22
18 35 52
29 0 20
29 37 88
9 67 92
14 58 87
64 59 37
77 52 98
29 6 84
55 13 38
36 73 95
71 14 97
31 4 91
8 3 72
54 95 79
12 88 37
25 81 87
11 2 78
20 55 78
30 52 31
40 38 94
3 21 7
0 77 3
70 67 90
0 58 38
67 57 55
13 81 52
93 65 35
99 44 31
38 85 24
13 31 64
95 24 72
25 93 27
79 34 66
50 44 86
20 87 43
88 57 49
31 13 59
74 19 62
38 48 24
78 47 0
20 73 86
43 45 64
88 98 80
29 2 10
17 13 35
55 58 56
35 56 96
95 61 82
15 65 10
11 57 19
13 50 27
4 93 22
37 45 88
50 24 66
30 89 85
74 71 76
53 58 38
59 19 45
62 8 64
24 60 3
76 48 42
43 11 71
0 11 19
46 87 78
95 91 80
27 35 20
11 60 63
13 95 50
95 6 72
4 20 38
60 91 76
18 11 0
87 31 25
71 42 10
44 22 83
50 73 95
83 29 2
39 18 26
24 5 41
70 53 56
93 47 41
80 41 77
12 82 27
74 69 39
25 54 95
39 58 3
6 29 55
1 58 63
70 81 41
66 57 45
21 0 98
12 47 61
