26 5 19
59 23 51
81 79 21
51 61 91
13 16 93
42 71 10
21 11 70
45 82 14
26 84 86
7 34 66
35 77 30
70 95 98
34 18 28
70 53 98
43 66 16
21 65 52
67 80 57
98 13 9
2 16 88
9 26 23
43 2 94
22 21 63
20 87 9
32 36 3
2 53 68
84 54 89
86 24 80
13 71 64
3 42 9
48 29 8
46 29 19
75 85 50
97 81 14
41 5 64
93 10 37
31 7 1
32 86 12
30 84 11
73 55 52
94 15 70
63 72 71
80 42 70
35 8 82
25 13 45
77 37 92
53 75 7
13 20 15
11 8 47
5 79 84
5 36 68
5 78 58
29 69 64
57 75 3
93 12 86
13 70 72
30 89 99
90 7 38
9 94 57
67 59 81
97 65 43
57 81 20
26 65 78
86 60 69
76 33 28
77 50 24
33 93 3
37 19 48
67 36 67
12 28 90
32 2 21
55 62 20
26 34 31
19 66 35
9 48 23
34 66 54
67 3 59
82 28 91
96 43 98
66 51 28
41 41 68
89 47 38
86 39 25
93 0 16
92 5 7
37 13 86
14 48 20
6 5 29
80 74 78
9 2 79
55 64 83
75 34 8
85 47 17
42 64 36
48 17 98
19 43 98
60 64 1
82 37 80
20 47 44
32 28 90
65 47 29
42 43 23
99 95 43
13 71 92
25 9 99
82 40 85
66 31 32
52 22 59
30 53 42
92 13 64
1 24 54
59 81 98
56 41 11
56 57 21
62 47 57
57 21 47
21 96 4
22 5 8
21 18 79
31 75 52
41 63 50
73 61 12
12 0 86
30 75 14
19 86 99
96 69 93
91 31 11
95 36 59
21 0 0
28 24 24
44 53 88
66 75 49
89 13 55
7 83 28
92 29 64
58 88 73
12 64 72
95 92 83
89 93 92
56 28 39
99 82 6
24 12 84
53 51 76
51 31 69
96 64 51
98 45 52
51 70 13
40 85 25
58 35 67
63 20 5
0 58 40
68 72 80
86 85 67
29 28 20
98 38 86
64 73 50
59 53 20
52 18 42
90 77 44
2 10 39
57 23 33
84 47 37
49 11 55
4 0 65
40 75 53
12 2 13
8 30 57
65 94 30
4 81 66
59 53 72
4 11 65
46 73 95
18 93 53
67 92 77
95 47 2
83 60 80
43 48 3
21 99 49
24 25 72
20 96 83
83 32 69
84 75 32
76 42 18
97 71 45
11 92 97
70 76 5
57 91 83
17 86 48
23 77 13
18 7 41
88 8 67
52 74 85
90 77 83
30 73 47
3 12 86
65 47 44
19 62 59
58 3 66
82 65 62
94 80 87
29 7 21
66 89 47
76 44 81
63 58 11
39 43 11
41 85 64
77 22 25
53 56 3
47 41 80
55 98 95
77 45 6
84 2 10
30 32 79
52 68 25
95 63 56
11 84 95
89 21 78
31 51 29
22 42 53
88 42 56
78 62 68
81 25 68
86 29 58
37 30 11
21 0 70
30 83 85
85 57 14
96 73 57
87 16 53
41 7 50
53 83 48
27 92 92
64 67 9
60 28 18
35 98 80
32 97 50
0 10 38
76 67 46
66 49 42
89 97 30
95 1 36
60 67 93
91 14 96
48 35 98
17 39 81
41 27 28
40 6 45
67 77 44
10 80 90
59 5 49
54 71 80
49 76 64
72 27 26
58 95 57
82 78 71
26 33 96
95 45 64
25 42 17
18 88 91
60 37 93
19 51 79
35 98 24
47 46 30
96 77 7
98 81 42
69 30 64
96 53 19
92 73 38
24 85 18
36 91 89
66 57 72
73 4 99
95 49 63
71 59 98
33 76 26
74 93 19
91 91 68
16 77 81
5 7 51
9 28 79
67 26 87
85 11 34
99 78 83
73 18 34
52 67 19
58 94 67
58 46 83
60 10 4
43 22 73
42 99 73
45 28 20
52 24 61
62 71 2
49 74 76
93 49 99
19 81 44
20 37 15
39 40 1
25 75 82
69 11 61
85 43 51
99 60 4
33 80 37
89 21 48
5 48 77
28 28 33
22 42 92
81 30 8
22 59 88
81 19 82
88 2 19
20 52 84
86 56 97
10 3 94
95 72 21
42 85 46
99 2 34
34 35 30
16 97 79
18 60 92
25 96 25
16 86 26
70 92 55
37 97 62
42 0 6
73 87 33
53 25 9
24 1 54
95 65 96
13 45 44
42 25 33
51 89 7
60 19 43
69 71 4
46 85 62
27 62 42
11 19 48
3 88 88
30 59 54
76 45 31
74 98 16
58 74 25
11 60 28
70 49 64
32 62 99
79 25 69
48 77 92
38 46 49
6 65 49
49 2 76
48 19 97
47 15 97
79 2 13
78 72 41
64 45 63
22 50 13
41 10 68
17 57 35
8 57 37
52 22 47
73 35 72
9 71 11
72 30 47
88 45 89
44 98 83
67 33 75
38 22 6
65 35 99
68 84 65
27 58 17
83 56 37
72 47 40
22 32 57
48 57 63
1 87 34
18 50 51
94 48 97
58 91 65
48 49 56
59 32 21
87 41 48
75 54 81
76 12 73
52 93 97
56 68 53
13 65 32
32 48 10
60 47 94
1 90 25
93 34 33
20 89 2
50 62 43
75 14 87
22 91 95
97 5 94
63 62 21
51 12 80
79 42 97
74 8 70
93 74 61
92 26 65
93 92 84
72 36 90
66 54 63
37 5 60
37 19 40
48 19 8
33 92 83
79 59 5
82 32 68
62 10 30
67 53 42
2 61 79
93 98 19
9 58 57
44 26 92
98 39 14
60 51 39
26 84 3
32 95 17
25 59 59
67 16 2
11 37 12
26 24 95
36 30 67
22 40 1
72 66 68
64 86 98
76 75 48
32 97 68
6 92 30
38 14 11
7 41 15
52 79 66
25 80 6
29 24 97
71 33 59
13 8 25
27 44 85
14 10 98
78 22 6
58 67 11
31 55 82
4 39 94
13 19 48
84 65 29
76 39 54
55 18 43
26 64 78
7 52 16
1 52 91
82 56 0
83 56 66
18 69 55
30 93 30
66 95 43
95 14 83
8 18 52
43 99 81
42 14 29
75 61 98
30 62 70
66 52 44
37 31 77
85 73 46
65 68 21
45 71 25
19 81 31
76 82 53
7 60 19
58 63 72
53 74 65
76 81 87
68 38 90
33 9 74
14 59 37
70 5 30
58 59 6
25 24 62
20 65 36
60 51 92
56 96 9
0 95 60
76 62 33
93 25 46
13 51 16
90 14 11
24 69 36
82 33 98
32 4 41
61 28 82
3 10 39
7 49 98
34 21 69
70 50 8
69 5 57
60 57 55
5 92 53
86 76 20
61 75 41
15 87 33
86 66 61
31 97 5
42 19 41
71 51 68
53 86 15
14 22 91
43 76 5
21 54 9
24 20 31
35 23 60
96 35 17
21 41 6
6 37 54
79 83 4
16 90 13
27 79 55
46 17 58
90 78 21
61 70 79
1 99 76
77 83 70
44 5 29
50 56 72
83 12 38
27 95 9
96 45 60
94 54 20
61 52 95
69 50 63
23 15 10
96 77 71
32 68 59
16 61 88
0 78 58
26 96 52
81 3 92
74 14 9
5 29 18
21 3 62
84 65 96
14 86 90
42 32 78
22 53 64
85 65 65
42 73 45
89 37 95
63 1 95
9 98 95
76 13 12
55 99 82
92 66 78
95 73 82
38 33 88
87 33 39
18 77 3
37 98 69
91 90 58
30 46 7
77 7 12
39 94 19
38 76 73
6 9 41
13 8 89
65 44 49
55 52 85
53 66 29
12 49 59
28 99 53
77 97 47
0 95 80
18 56 14
57 61 59
52 86 14
79 96 29
51 30 38
58 34 12
40 35 9
29 93 0
26 55 28
51 55 86
36 61 40
26 51 31
18 63 48
55 93 29
78 79 9
57 19 30
48 20 96
46 49 96
74 42 15
46 12 65
54 68 33
57 12 75
69 0 83
51 17 62
55 67 32
29 2 22
38 41 84
7 1 46
18 10 96
72 2 31
81 38 18
5 30 8
80 27 88
45 49 72
38 51 25
43 71 18
71 59 57
49 97 21
27 94 30
80 60 95
28 53 65
27 18 52
11 29 61
12 40 37
75 28 24
21 34 39
28 76 11
7 88 32
97 17 93
50 31 88
30 79 90
64 88 19
17 94 25
50 64 9
78 1 35
83 65 30
1 29 93
28 94 76
12 15 33
6 32 29
79 1 67
37 57 30
4 45 93
34 59 90
76 44 25
45 96 49
75 55 41
63 57 49
64 2 64
30 75 41
0 20 48
35 79 95
47 52 10
7 56 9
66 8 44
31 22 95
65 47 88
93 55 13
68 29 55
67 8 82
20 76 81
76 93 93
96 75 82
42 65 7
48 71 4
23 68 1
21 17 25
34 26 24
45 64 97
73 89 12
25 5 40
50 45 35
90 22 10
66 85 52
92 57 70
4 82 87
57 53 69
89 63 45
9 23 59
89 17 87
44 74 90
63 85 60
7 92 34
76 31 8
10 66 23
84 60 73
23 44 52
21 17 7
71 90 80
22 71 18
21 87 47
12 60 80
45 60 1
53 24 12
95 94 36
96 79 14
32 70 57
74 9 73
69 30 40
73 69 83
38 35 68
93 15 62
9 76 19
34 92 34
47 84 77
12 78 76
35 62 23
99 86 96
49 60 66
72 84 85
73 1 2
42 11 34
27 79 29
14 85 75
40 50 87
16 40 77
26 74 86
42 21 29
11 72 48
60 90 56
81 74 29
51 77 30
72 19 40
7 38 50
0 32 76
86 93 8
17 40 86
32 32 98
62 5 66
90 90 99
16 5 69
2 97 27
47 46 60
13 5 71
7 41 59
0 79 41
67 5 64
97 82 47
82 48 89
36 90 78
32 67 32
29 70 35
5 71 56
20 58 85
15 3 30
44 95 29
99 61 50
48 70 87
95 30 25
9 81 89
3 31 97
67 15 22
78 94 81
0 77 30
42 89 8
4 34 51
53 77 46
1 4 41
6 22 93
94 41 93
29 72 9
8 97 55
35 66 63
75 86 24
58 96 88
42 64 28
44 74 85
18 10 20
59 74 4
50 94 57
14 23 88
86 38 16
35 96 2
96 74 47
86 66 10
62 30 69
32 50 25
16 22 7
88 60 82
49 84 51
92 26 0
46 47 43
8 47 4
26 69 35
70 29 41
71 65 89
66 14 74
28 7 92
52 55 89
27 18 85
48 95 56
73 0 75
30 87 45
95 88 50
71 16 10
73 40 89
33 20 10
7 3 80
47 12 95
40 53 58
41 1 78
84 74 31
94 87 53
48 70 27
56 31 17
92 11 70
32 74 45
72 79 98
94 96 45
5 9 89
14 6 72
36 69 15
70 29 56
2 91 59
98 50 26
4 63 88
87 48 28
4 19 56
25 72 62
88 1 31
1 83 2
5 22 13
40 22 60
64 90 98
98 49 88
60 20 82
78 92 58
91 84 23
37 24 59
32 1 49
16 87 64
20 80 54
1 76 50
99 14 80
60 93 7
57 61 21
77 37 56
29 69 9
28 19 22
61 8 12
48 88 3
27 71 61
19 92 61
33 31 77
14 34 48
97 19 10
33 32 95
11 11 0
51 94 6
88 20 70
29 49 24
10 97 27
47 51 46
76 30 70
46 20 59
82 3 61
50 21 96
63 30 12
3 45 51
51 37 81
47 25 11
56 79 26
72 28 36
86 83 25
23 45 42
50 32 45
60 75 41
22 52 5
30 46 63
69 52 7
94 58 39
21 77 29
9 82 88
84 25 16
62 48 41
80 99 73
75 41 41
93 78 13
39 16 25
20 80 72
1 42 36
81 45 4
28 85 31
11 68 8
22 1 78
11 49 32
59 24 19
99 39 84
54 45 6
55 73 65
65 91 39
83 19 31
41 38 0
42 80 19
76 29 99
0 73 89
41 72 96
14 42 16
79 56 63
10 60 96
4 57 28
56 25 78
76 18 63
41 37 66
48 29 75
83 99 0
54 41 18
86 7 74
72 69 93
17 87 70
3 99 90
1 10 30
52 12 64
44 66 88
75 22 72
98 77 6
79 82 94
24 86 81
83 86 92
93 61 33
95 75 4
14 4 16
17 22 76
80 57 6
49 32 49
66 73 22
9 10 82
10 31 79
67 58 89
36 69 51
9 2 35
26 10 76
7 64 9
86 43 98
30 4 73
31 23 59
8 68 74
26 50 73
94 14 51
55 90 1
23 73 17
33 48 50
7 59 31
12 71 53
3 69 32
21 62 44
18 33 67
55 37 28
21 68 70
17 88 64
64 42 56
7 24 88
72 68 7
2 72 57
3 53 14
2 11 82
2 32 34
28 14 91
79 29 0
95 74 57
88 10 44
59 55 86
66 18 83
17 87 50
65 17 29
72 18 41
41 46 35
1 28 74
59 2 36
22 86 20
3 2 56
95 41 0
50 93 57
45 89 66
3 72 63
3 30 20
11 3 81
72 99 42
5 57 8
11 66 49
7 81 78
85 73 73
95 10 7
64 52 61
9 49 81
54 55 23
20 23 39
78 31 33
27 58 93
77 25 10
41 80 66
77 25 65
38 38 24
7 74 42
23 59 17
76 15 7
67 17 87
55 50 77
37 31 37
26 98 94
85 72 35
35 91 18
73 55 29
69 55 47
67 44 43
91 23 85
30 70 85
61 31 26
76 72 1
11 1 70
