44 53 98
95 93 39
26 96 52
90 96 96
70 72 56
26 96 30
2 77 95
95 96 54
4 58 65
73 15 2
21 17 70
44 47 43
92 58 87
41 53 42
75 59 59
21 0 74
4 26 74
90 96 77
44 53 29
73 45 97
21 77 83
52 54 70
69 67 60
25 22 17
6 53 44
20 14 84
42 46 60
26 19 56
26 55 52
52 41 70
26 10 95
7 42 59
66 28 98
20 36 11
6 5 88
78 31 52
11 17 61
44 95 98
46 52 19
21 62 77
47 67 2
21 0 70
37 84 8
34 45 97
11 19 61
70 72 48
34 45 2
66 5 44
4 26 70
7 41 56
0 77 30
6 53 43
95 92 52
2 93 30
26 96 39
42 46 72
47 35 30
22 13 64
90 62 52
73 35 2
69 46 2
2 96 95
70 28 43
65 95 88
25 42 17
67 0 87
92 26 70
52 42 70
0 24 95
92 1 42
47 46 72
66 47 29
90 73 27
48 72 18
78 31 41
73 67 30
2 96 7
25 54 56
67 77 96
73 46 60
70 95 88
75 22 15
44 95 43
92 5 64
37 17 61
78 79 41
6 5 98
66 26 65
70 5 88
0 77 39
88 54 56
73 35 97
21 65 83
46 36 11
0 96 7
67 77 77
70 29 56
34 46 30
70 53 43
92 5 78
72 31 52
65 28 29
7 54 15
90 14 95
26 84 8
88 41 56
6 95 29
92 13 30
47 45 72
37 19 8
66 11 87
65 5 43
37 29 18
66 58 0
70 5 44
26 10 7
26 96 7
79 10 95
95 65 77
66 28 43
46 36 27
34 46 2
52 22 15
73 45 60
4 0 0
1 93 7
67 53 78
44 53 43
0 55 21
90 77 77
26 79 21
75 59 17
88 41 59
0 93 95
47 15 30
22 53 78
4 11 65
66 17 74
67 13 30
26 96 21
26 19 18
69 45 97
67 58 87
78 79 52
47 45 60
1 96 39
61 73 84
84 62 44
90 77 83
26 55 21
37 19 18
7 22 17
20 10 27
70 29 18
74 79 41
67 58 70
95 10 39
88 41 17
90 62 44
95 92 44
75 41 59
48 72 56
22 50 30
79 14 19
25 22 15
0 72 52
73 15 60
22 5 64
6 5 44
26 29 48
90 10 19
42 15 2
44 28 44
66 53 44
6 95 43
46 36 84
42 35 72
34 35 60
72 55 41
21 58 0
84 77 77
69 35 30
52 59 56
21 62 44
52 54 17
37 17 18
7 59 56
52 42 59
26 24 39
7 59 59
73 46 30
21 26 70
37 29 48
34 45 72
26 55 98
21 92 83
26 84 48
26 17 18
75 22 56
70 5 30
92 58 0
7 42 17
34 46 60
84 77 96
65 95 29
1 24 95
42 67 60
66 95 29
70 95 29
48 19 61
21 58 65
7 22 56
7 41 15
11 84 8
74 72 21
75 22 59
25 54 70
47 46 97
95 24 39
88 22 70
78 31 21
61 36 84
70 29 48
41 50 64
90 65 44
22 5 78
95 62 77
26 17 56
6 47 29
74 31 52
21 17 65
95 93 95
90 92 44
22 1 78
74 79 52
46 52 11
78 96 41
25 59 17
1 77 39
47 45 97
67 62 77
44 5 43
69 35 97
67 11 65
65 5 29
11 19 48
20 73 19
92 13 42
21 58 74
95 10 7
48 19 48
95 77 96
67 11 87
0 79 21
2 96 39
67 96 96
73 67 2
1 93 39
48 17 8
26 93 54
0 72 21
6 95 98
41 53 8
72 55 98
21 92 96
79 36 19
0 96 95
69 35 2
75 54 56
72 72 41
92 11 74
70 1 42
48 72 48
90 73 84
52 41 59
61 73 19
70 95 43
26 29 8
46 52 95
90 62 83
4 17 65
70 84 56
92 5 8
46 14 84
79 10 84
95 62 52
95 62 44
66 0 0
66 26 87
42 45 2
34 35 72
72 31 98
44 47 29
73 35 30
67 58 74
66 95 98
70 28 44
70 28 98
26 31 92
92 53 8
6 28 98
1 10 7
74 79 98
41 5 42
67 77 52
48 17 18
92 58 70
41 50 42
20 14 95
65 53 43
92 53 78
70 47 43
7 59 15
74 31 41
84 62 77
66 26 0
75 22 70
72 31 41
21 96 96
75 54 59
21 17 74
1 93 30
70 19 61
74 96 92
7 42 56
69 15 97
34 46 97
65 28 88
37 17 8
42 46 30
70 5 98
47 35 97
6 95 44
61 14 19
73 15 97
21 17 0
70 19 18
37 19 61
4 0 87
42 15 97
4 11 70
48 72 8
26 84 18
84 96 96
41 1 42
20 10 19
26 79 98
25 41 70
78 72 21
95 65 44
90 36 19
84 77 44
25 41 59
67 1 30
52 41 15
11 17 8
70 13 42
73 35 60
42 35 60
26 31 21
52 42 15
70 17 48
25 54 17
79 73 84
2 24 30
26 10 30
67 53 42
22 50 42
88 42 59
70 13 8
78 72 52
37 29 8
21 77 96
88 41 15
66 26 70
65 53 88
46 73 19
84 96 83
92 11 70
73 15 30
4 58 87
52 54 59
72 96 21
88 42 17
66 47 88
66 0 65
67 26 65
88 54 17
48 29 56
72 79 41
69 15 60
25 22 70
84 92 77
52 59 15
92 50 8
42 45 97
92 17 70
42 35 30
37 84 48
44 47 98
7 59 17
67 13 8
84 65 96
70 72 8
79 52 95
74 72 98
0 31 92
67 50 64
42 45 60
67 5 30
11 29 61
25 41 17
2 10 7
95 92 96
20 73 95
92 50 78
7 54 70
88 22 15
66 47 43
67 65 77
25 41 15
20 10 84
66 0 74
20 10 11
95 10 54
46 14 27
0 55 92
1 93 95
25 59 15
0 79 52
6 47 44
92 58 74
1 24 54
78 96 98
61 73 27
48 19 56
92 26 65
95 62 96
4 26 0
0 77 95
74 31 92
73 15 72
70 47 44
72 79 52
21 96 44
41 5 78
52 41 17
21 65 52
48 29 61
48 19 8
67 1 8
78 79 92
90 73 19
78 55 52
67 53 30
1 24 7
34 67 72
26 96 54
78 72 41
95 96 95
92 53 30
90 77 96
21 77 77
1 77 95
11 84 61
52 59 17
41 53 30
65 53 29
65 47 43
75 59 56
34 67 30
0 24 30
34 15 72
0 93 30
88 59 56
90 10 11
25 42 15
11 19 8
72 55 92
0 24 7
88 59 59
69 67 72
4 26 87
74 96 98
6 28 88
66 53 43
66 11 70
25 41 56
75 42 15
73 45 2
25 59 59
95 96 83
92 26 0
11 17 18
21 62 83
73 67 60
41 5 8
90 14 19
21 65 44
70 1 30
37 72 18
21 77 52
66 47 98
67 50 42
20 73 11
72 79 98
66 58 87
95 92 77
26 96 95
74 72 41
4 11 87
26 31 52
70 13 30
2 93 39
79 73 27
70 17 18
65 28 98
95 65 83
88 59 70
66 5 88
95 77 39
48 29 48
90 10 95
61 52 19
26 77 7
67 62 83
92 11 87
1 10 54
26 29 61
1 10 39
26 79 41
92 5 30
90 52 19
34 45 60
1 96 30
90 52 27
7 54 17
48 19 18
75 54 17
70 5 43
67 58 65
88 54 59
21 11 70
78 79 21
67 0 70
90 92 96
6 47 43
79 36 84
26 19 48
67 13 64
73 45 72
4 26 65
66 47 44
26 72 8
95 77 83
21 26 74
52 22 70
44 53 44
47 46 30
69 46 30
11 72 8
74 96 52
70 84 18
66 53 29
90 10 84
67 17 70
74 31 98
26 72 18
70 29 61
41 1 30
95 96 44
21 58 87
34 67 60
52 42 56
21 26 65
41 53 64
61 52 27
70 72 61
48 17 48
21 0 0
37 84 56
37 19 48
92 53 42
72 72 92
69 15 30
74 55 98
41 50 8
11 19 18
69 46 97
69 46 60
92 13 78
88 22 56
6 5 43
67 65 52
66 17 87
67 65 96
1 77 54
78 96 92
92 0 70
88 22 59
79 14 84
73 46 2
84 65 77
69 67 30
21 0 65
48 84 61
95 65 52
44 28 43
41 1 64
20 10 95
26 72 21
90 73 11
20 36 27
90 96 52
21 11 65
21 96 77
11 84 18
61 14 27
46 14 11
78 96 21
70 17 56
95 96 77
92 1 30
25 42 70
21 11 0
26 79 92
37 17 48
48 84 56
73 46 97
92 11 65
84 92 52
67 17 65
26 96 41
47 15 97
70 50 64
7 42 70
79 36 11
22 5 42
67 17 0
90 52 95
20 52 11
67 13 78
26 55 92
20 14 27
11 84 56
92 50 64
7 41 70
65 28 43
0 24 54
26 10 39
75 41 56
2 24 7
74 55 41
67 53 64
61 10 19
61 14 84
34 46 72
61 73 11
66 5 98
67 11 74
37 72 8
20 73 84
70 84 48
84 65 44
7 54 59
26 72 98
92 53 64
22 53 42
61 52 84
72 72 52
11 72 48
0 77 54
52 22 17
25 59 70
70 29 8
84 77 83
92 26 87
42 67 72
84 77 52
67 13 42
84 96 44
95 96 52
69 67 97
52 22 59
95 77 95
26 77 95
52 54 56
67 62 52
25 54 15
67 65 44
67 1 78
21 96 52
37 29 61
65 5 44
95 93 7
84 92 83
41 5 30
79 10 27
4 0 70
90 65 96
34 67 97
70 53 78
1 24 30
66 53 98
75 42 70
44 28 29
67 26 74
92 17 0
11 29 56
95 96 39
70 13 78
0 24 39
65 47 98
74 79 21
46 73 95
61 36 27
78 55 92
79 14 27
22 13 42
2 10 30
41 13 30
75 42 59
47 67 72
26 93 39
52 22 56
67 17 74
69 45 60
42 45 72
90 96 44
61 52 11
70 19 8
25 54 59
46 73 27
92 58 65
75 54 15
37 29 56
42 46 2
21 65 77
67 17 87
0 10 54
72 72 21
78 55 98
1 96 95
70 50 8
20 52 19
44 47 44
90 92 77
11 29 8
70 53 98
79 14 95
20 36 19
26 93 95
67 26 0
65 5 88
92 13 8
70 5 29
41 50 78
65 47 44
22 1 64
2 24 95
48 72 61
72 31 21
78 55 21
4 17 0
92 1 64
21 62 52
84 65 52
2 77 7
67 11 0
61 14 11
75 42 17
26 24 30
75 41 17
72 96 52
66 58 74
95 77 30
90 14 27
70 53 30
67 50 30
95 62 83
67 92 52
2 77 30
75 41 70
67 92 44
78 31 98
11 29 18
48 84 8
70 50 42
66 95 44
70 72 18
84 96 52
79 52 84
90 36 95
90 77 44
21 17 87
26 19 61
37 17 56
95 96 30
70 1 78
2 10 54
79 14 11
48 29 18
47 67 30
0 96 92
41 13 8
67 5 8
73 45 30
52 54 15
61 73 95
44 5 98
22 53 30
78 96 52
4 11 74
11 84 48
90 62 96
21 92 44
66 0 70
11 72 56
70 19 56
92 17 74
92 0 87
6 28 43
0 79 92
44 95 44
75 59 15
22 13 30
66 28 88
72 96 92
44 28 98
26 17 8
0 55 98
79 10 11
26 72 48
0 79 41
6 53 88
70 1 8
4 58 0
73 67 72
90 36 11
70 13 64
20 52 84
70 53 64
66 58 65
79 52 27
26 93 30
44 28 88
72 79 21
78 79 98
2 24 54
84 62 96
70 84 8
67 1 64
70 19 48
90 14 84
61 36 11
46 10 11
47 15 60
7 22 70
92 11 0
78 55 41
65 53 44
1 10 30
90 73 95
47 45 30
90 14 11
46 10 19
1 77 30
70 5 42
0 10 30
41 13 42
0 93 39
22 53 8
26 31 41
41 5 64
84 62 52
46 73 11
26 96 92
95 96 96
37 72 48
37 19 56
1 77 7
67 96 52
21 11 74
26 77 30
72 55 21
26 84 56
0 55 41
0 72 98
26 17 48
42 35 2
7 54 56
95 77 54
67 92 77
0 10 39
95 65 96
26 72 92
70 5 8
66 28 44
7 22 59
26 29 18
26 93 7
20 52 27
79 52 11
66 5 43
70 1 64
69 35 60
95 77 7
66 95 43
22 1 42
0 31 21
69 67 2
67 50 78
74 55 52
42 45 30
34 67 2
0 79 98
61 10 95
88 42 56
67 96 44
20 14 11
47 35 72
26 96 98
61 10 27
84 96 77
6 95 88
26 72 41
70 5 64
92 17 65
25 22 59
70 53 44
47 67 97
66 58 70
61 10 11
70 95 44
46 73 84
42 67 2
65 95 44
0 96 39
21 77 44
67 77 83
11 17 48
34 35 30
22 1 8
37 84 18
21 96 83
0 31 52
67 0 0
46 14 19
92 17 87
79 73 11
52 42 17
88 42 15
66 53 88
75 42 56
67 92 83
52 59 59
20 36 84
90 52 84
47 46 60
4 17 70
0 96 21
11 72 61
79 36 95
72 72 98
67 5 78
90 36 84
4 17 74
92 26 74
70 17 8
1 10 95
79 52 19
95 93 30
88 54 15
7 59 70
0 93 54
2 93 54
44 53 88
95 24 95
70 17 61
26 24 54
66 17 70
2 24 39
1 24 39
2 96 54
22 53 64
72 96 98
70 47 98
95 24 30
20 73 27
70 53 88
26 77 54
90 92 83
26 10 54
22 1 30
67 92 96
34 15 97
11 72 18
4 0 65
67 50 8
88 59 17
