90 73 11
70 50 42
67 77 52
92 50 30
92 50 42
84 65 77
26 72 92
92 11 74
84 62 44
34 67 30
26 17 61
46 52 19
34 45 97
2 24 30
21 17 74
42 35 72
46 36 11
66 58 87
21 62 77
67 11 74
41 50 30
90 52 27
0 96 95
70 13 64
4 11 65
46 10 19
67 92 96
79 52 19
6 47 29
61 52 11
66 5 44
66 28 88
11 17 48
47 35 97
2 96 95
66 95 98
20 52 84
67 5 64
20 73 11
72 96 21
92 0 70
47 45 72
46 36 19
7 54 70
0 72 52
25 42 56
67 0 65
41 5 64
90 14 84
70 50 64
67 11 65
72 31 41
61 14 11
88 41 17
61 73 19
20 14 84
21 11 0
26 55 98
95 93 54
21 0 0
52 54 59
70 28 88
90 14 27
6 28 29
92 53 8
44 95 98
92 5 8
0 77 39
21 26 87
26 84 48
67 11 70
42 45 72
61 52 19
0 93 30
0 79 98
66 53 88
25 54 70
6 28 88
90 62 52
92 50 78
90 52 19
74 55 21
21 11 87
11 84 61
22 53 64
7 41 70
67 0 74
67 58 65
42 46 72
92 58 70
92 53 42
66 58 74
22 13 8
88 22 59
67 62 77
90 65 52
47 35 2
22 5 42
70 50 8
70 5 78
65 28 98
92 26 70
72 72 21
26 17 18
75 42 59
67 11 0
95 62 83
48 84 48
95 77 7
74 96 21
70 50 30
70 1 78
67 96 44
48 84 8
26 96 41
79 73 95
26 96 95
61 52 84
6 47 44
46 14 11
52 59 15
70 5 44
4 17 74
74 72 92
67 17 65
0 72 92
73 35 60
4 26 70
2 93 7
34 45 2
65 28 29
73 67 30
0 72 98
2 24 39
11 17 61
88 59 70
61 14 84
37 84 8
70 72 61
42 45 2
75 54 70
73 35 72
67 13 64
88 41 56
21 96 96
67 5 30
0 96 7
92 13 78
67 1 8
22 1 42
67 65 96
0 79 41
6 53 88
90 65 83
0 72 41
34 35 2
47 15 97
61 73 27
95 96 44
79 36 19
42 35 97
46 36 84
70 13 78
90 96 44
6 28 98
67 92 83
67 58 70
0 24 30
26 77 54
47 46 72
34 45 72
84 65 44
79 52 27
62 42 66
6 5 44
48 29 18
95 10 7
72 72 98
67 5 8
84 62 52
44 28 43
6 47 43
90 36 19
95 24 7
46 10 27
0 31 41
72 31 98
25 59 56
7 42 56
11 17 56
69 67 72
1 10 7
42 67 30
1 77 95
95 10 30
4 58 0
52 41 56
7 22 15
73 15 72
90 77 77
66 0 74
42 45 97
75 22 70
90 36 27
95 93 30
26 24 95
70 53 64
79 10 84
84 65 52
90 73 27
69 67 60
95 92 83
70 13 42
7 41 59
20 14 19
95 96 54
52 54 17
88 42 15
44 47 29
26 84 56
70 5 29
61 36 11
25 41 59
2 10 95
90 73 19
70 29 48
61 10 19
74 72 21
21 26 74
79 36 27
7 22 59
26 17 48
25 22 17
47 45 2
73 46 2
11 19 18
88 22 70
66 53 29
46 73 84
74 55 92
74 31 52
61 14 27
37 29 18
20 14 27
42 46 30
11 17 8
26 96 98
95 77 95
66 47 43
90 62 96
0 79 92
66 0 87
44 5 44
74 55 52
70 29 8
67 17 70
46 10 84
37 84 61
4 11 70
46 36 27
92 58 65
61 52 27
42 15 30
79 10 11
41 13 30
78 31 92
34 15 97
78 72 52
67 17 74
4 26 65
95 62 77
65 28 88
92 17 0
44 53 29
90 96 83
42 67 72
90 36 84
21 11 74
70 72 18
84 92 77
4 58 87
61 36 27
41 1 42
66 11 74
70 28 98
0 31 98
75 41 70
66 11 0
22 50 8
26 55 21
88 59 56
66 53 44
79 73 11
0 79 52
0 93 54
67 50 8
21 0 87
34 15 60
61 14 19
75 22 15
90 65 44
7 42 17
7 59 56
90 10 11
73 67 72
92 26 87
79 73 19
92 0 74
73 67 60
79 36 11
48 17 8
4 17 87
85 84 78
26 96 54
88 59 59
0 96 39
11 29 18
79 52 11
26 10 54
42 45 60
26 29 8
70 5 30
7 59 15
22 50 64
47 35 60
11 72 56
65 5 43
88 54 70
69 15 30
67 50 64
88 22 56
7 22 17
65 95 98
66 47 44
20 10 19
84 96 96
92 26 74
67 13 8
74 96 52
75 54 56
20 36 19
72 42 58
0 93 95
52 59 17
0 96 92
92 17 65
4 0 0
66 26 70
73 67 2
90 14 11
95 77 44
79 36 84
34 35 97
20 52 11
66 58 65
44 53 88
72 96 92
22 50 42
70 17 61
70 95 98
42 46 2
52 42 17
66 0 0
26 72 21
79 36 95
78 55 98
70 13 30
0 31 92
25 54 56
70 19 56
2 93 95
66 28 98
37 29 61
0 72 21
42 35 30
92 5 42
83 80 92
70 17 8
37 84 56
25 42 59
52 59 59
92 1 64
1 77 7
70 29 18
22 1 64
61 36 84
46 10 95
76 27 74
6 5 43
7 42 63
0 93 39
21 65 44
6 95 44
65 47 98
6 47 98
65 28 44
78 79 92
7 59 59
37 19 8
78 70 14
74 79 52
20 36 11
26 10 95
42 67 97
70 95 88
26 93 54
26 31 21
72 31 52
26 96 21
0 10 54
78 72 98
69 46 60
1 96 39
47 45 60
70 95 29
73 45 97
70 5 43
92 0 65
92 5 64
21 92 96
48 72 56
78 79 21
67 53 78
74 31 98
75 54 17
20 52 19
2 96 54
22 5 78
66 17 0
25 41 56
67 53 8
88 42 70
66 95 44
21 26 70
69 35 2
69 47 10
1 93 30
7 54 56
67 5 42
37 72 48
70 84 8
5 29 36
11 29 61
41 50 64
37 17 8
92 17 87
0 96 21
46 73 27
78 96 98
69 15 97
90 92 83
44 95 44
84 62 83
92 50 8
95 92 96
26 19 8
67 1 42
0 55 41
21 11 70
74 31 41
34 45 60
88 42 59
66 26 74
6 95 98
67 13 42
42 67 60
46 73 95
95 62 96
72 55 52
26 10 39
76 12 9
78 55 52
95 93 95
92 1 78
34 15 30
90 96 52
92 11 70
22 13 30
70 28 29
11 72 8
61 10 84
34 46 97
66 58 70
21 65 77
78 55 21
92 11 0
68 4 18
1 96 7
6 28 44
74 55 41
41 1 78
4 58 65
20 36 27
66 5 29
85 97 56
41 5 78
72 55 98
26 72 61
95 65 52
79 73 27
48 19 8
46 36 95
69 35 60
75 22 17
74 31 21
92 11 65
84 65 83
70 53 8
73 46 60
92 13 64
52 54 70
90 65 77
66 28 43
2 93 54
66 47 29
74 31 92
66 28 29
61 73 95
26 72 56
78 0 21
48 84 18
26 77 95
67 65 83
95 93 39
26 10 7
92 13 42
92 53 30
7 42 70
26 77 30
90 77 52
95 10 39
21 58 0
2 77 30
67 26 74
37 72 56
46 14 27
95 77 52
22 1 78
0 10 39
31 57 84
61 52 95
65 53 29
88 41 70
2 10 30
81 94 11
73 74 80
37 17 48
78 96 92
34 15 2
44 53 98
44 28 88
44 5 43
52 54 15
70 53 43
34 45 30
25 42 70
58 70 55
26 96 7
79 10 27
79 73 84
90 62 77
79 14 11
95 65 96
25 22 56
6 47 88
4 0 87
78 96 41
33 54 19
66 95 88
44 47 98
21 58 74
92 36 81
25 24 44
69 45 72
25 41 15
38 93 44
21 17 87
41 13 78
41 53 30
80 78 83
82 14 33
75 54 15
73 45 60
21 92 77
11 2 31
11 19 48
72 55 41
67 96 77
70 28 43
67 77 83
13 65 67
88 59 15
70 53 42
67 77 96
22 53 42
19 51 84
1 77 39
67 1 64
2 77 39
7 80 98
25 42 15
2 77 7
92 17 70
52 59 70
47 45 30
44 53 43
1 93 95
2 58 55
37 17 61
24 75 10
21 96 77
78 72 92
26 55 52
9 37 51
0 77 95
95 96 30
48 17 18
46 14 19
86 34 21
44 5 98
74 72 52
65 95 88
26 31 92
67 96 83
11 98 93
66 17 74
4 58 70
21 58 87
79 10 19
70 17 48
46 70 30
26 19 48
2 96 30
21 0 65
95 96 52
21 5 74
48 72 61
36 48 84
11 72 61
36 71 17
75 59 15
88 43 76
41 5 30
13 45 6
95 65 44
92 53 78
21 77 96
1 96 30
72 72 52
47 15 60
79 52 95
18 17 29
1 10 54
25 22 15
7 54 15
70 5 98
29 34 41
52 42 56
84 77 77
26 79 41
48 72 48
66 11 65
21 62 96
50 74 83
22 62 92
67 92 77
26 79 52
91 30 12
4 11 0
87 53 16
0 96 52
92 0 0
67 13 78
95 24 30
4 0 65
60 3 27
18 22 18
44 5 88
17 26 96
41 13 64
34 46 30
52 42 15
84 77 52
86 63 77
11 29 48
78 72 41
44 28 44
50 23 28
74 96 92
88 54 59
90 40 50
95 96 77
84 77 83
28 87 87
67 62 96
4 36 10
36 59 64
70 29 56
42 15 60
52 22 17
46 90 54
66 23 89
32 12 96
72 31 21
67 96 52
61 10 11
73 15 2
34 46 72
95 96 7
12 92 60
31 22 57
11 29 8
15 0 45
4 82 59
70 50 78
0 55 52
40 87 42
72 72 41
0 24 95
95 96 83
84 96 44
37 17 56
92 1 30
26 79 21
90 91 94
8 38 41
70 53 29
66 5 43
75 41 15
69 46 97
24 32 67
25 54 59
34 35 72
28 14 91
11 29 56
68 63 99
33 99 58
28 80 6
78 73 68
46 73 11
93 20 81
42 99 57
8 44 28
1 96 95
1 10 30
6 28 43
65 53 98
67 53 42
78 79 41
0 96 54
70 19 61
34 96 60
55 12 88
46 52 27
67 1 30
52 60 31
70 5 88
21 62 52
37 96 1
11 19 61
71 83 2
22 5 8
94 57 64
55 78 93
67 62 52
78 55 41
67 17 0
40 5 82
20 14 95
92 26 65
59 57 16
95 24 39
83 9 91
69 89 94
79 50 53
67 65 44
2 10 7
92 13 30
48 29 48
67 65 52
90 82 56
95 27 26
99 86 90
21 77 77
95 77 54
3 6 35
57 48 69
67 0 87
42 86 38
10 26 16
25 76 84
88 87 10
97 73 28
61 10 27
69 67 30
62 53 88
7 16 66
91 27 23
72 79 98
79 52 84
38 23 26
53 98 51
34 67 72
70 60 5
21 26 65
90 77 83
1 24 95
16 59 98
53 78 93
53 92 52
61 19 84
58 50 16
77 50 53
36 42 43
95 24 95
91 20 33
52 18 89
69 15 60
67 53 64
21 52 50
0 96 30
23 33 1
44 47 88
66 91 97
32 36 55
95 10 95
52 93 42
70 84 48
67 37 40
75 6 6
59 3 41
11 84 18
41 50 42
42 45 30
41 36 88
43 87 44
7 34 16
0 77 54
69 45 97
62 49 24
73 71 19
67 62 83
26 93 30
84 96 83
0 79 21
67 92 44
20 52 27
27 81 69
95 96 96
43 6 70
22 53 8
41 53 78
75 59 56
10 94 17
66 5 98
95 96 95
6 95 29
44 53 44
76 34 43
66 47 98
2 76 64
48 29 61
74 17 1
47 67 72
39 15 99
1 77 54
95 92 77
30 54 13
30 58 16
83 17 44
44 59 85
22 58 85
0 77 7
26 19 18
73 52 16
73 51 10
95 96 39
25 64 23
79 78 5
70 5 8
70 78 72
34 14 26
95 77 83
48 19 48
91 66 88
90 96 96
20 71 54
67 67 79
33 43 26
17 30 30
76 15 86
75 22 59
87 41 63
76 19 39
2 62 49
67 73 12
59 79 7
17 57 86
96 9 83
47 35 72
16 58 23
85 86 34
0 52 76
25 85 52
81 53 82
99 55 46
72 79 52
84 63 99
30 84 46
43 90 75
67 1 78
35 43 22
44 28 29
34 1 63
78 58 97
69 8 43
65 95 29
98 79 58
32 71 40
26 19 56
88 68 21
66 17 65
11 11 44
63 36 61
60 61 23
86 64 0
75 84 24
84 18 3
86 99 3
74 55 98
2 24 7
19 38 4
11 33 69
38 60 56
37 29 8
4 26 87
69 45 30
38 2 82
61 38 45
67 5 78
76 17 79
50 54 3
1 24 25
38 22 49
90 62 83
68 21 3
7 46 89
57 24 55
73 45 72
10 6 59
45 16 10
21 92 83
34 39 53
13 37 61
6 95 88
7 54 17
49 87 57
66 5 88
86 84 73
89 74 69
5 36 76
70 45 25
42 53 91
34 67 36
85 67 45
61 85 66
25 15 94
42 46 60
59 65 58
17 74 7
31 3 7
90 77 44
81 31 13
81 65 86
92 13 8
11 20 68
1 46 34
16 5 53
53 38 75
36 54 5
12 80 23
43 58 70
95 30 74
18 1 32
79 14 84
4 17 70
22 29 83
67 13 30
47 50 92
16 33 30
11 58 27
59 87 15
48 61 99
77 45 28
38 37 39
69 45 60
21 96 83
1 53 9
84 62 77
63 57 55
