92 26 70
69 45 97
7 59 56
95 24 7
11 84 8
41 5 64
20 36 11
95 24 95
70 72 18
2 93 30
26 55 21
0 24 39
48 72 18
67 50 8
73 67 30
2 77 30
34 35 60
47 67 97
22 1 78
92 11 87
74 55 92
67 65 44
84 65 44
26 72 92
21 0 87
6 28 88
70 84 61
90 14 27
6 53 88
75 22 17
2 10 54
48 17 18
73 35 2
21 26 0
4 26 70
21 11 87
78 55 21
26 55 52
78 79 98
52 22 70
20 14 27
26 24 39
47 67 60
95 65 77
1 24 39
37 84 56
88 54 56
48 19 8
26 72 52
0 93 54
90 92 52
90 36 27
84 77 44
92 11 0
25 22 56
78 72 52
79 52 27
69 15 30
66 58 74
21 65 83
88 54 70
25 42 59
61 73 95
70 28 29
66 53 98
48 17 8
46 10 27
79 14 27
75 59 59
21 0 0
79 52 84
69 15 72
70 13 64
79 73 11
79 36 27
42 46 72
92 0 74
6 28 98
26 29 48
22 5 64
34 45 60
84 96 52
90 14 84
4 58 65
4 0 70
70 17 56
26 17 48
0 72 92
65 28 88
73 46 60
90 65 52
41 1 8
2 24 7
0 93 95
66 26 65
92 0 0
7 54 56
84 92 44
88 59 70
41 1 64
25 59 70
7 54 15
26 79 92
52 54 70
78 72 21
2 96 7
25 41 17
4 11 87
26 84 18
0 31 52
20 10 27
7 41 59
72 79 21
70 53 43
70 1 64
42 15 72
78 79 92
11 29 8
44 28 29
74 55 41
37 29 8
70 13 30
22 53 42
70 1 78
61 14 27
25 54 56
4 11 74
90 36 19
46 52 27
61 10 84
66 95 29
75 41 70
65 28 98
92 50 30
0 72 98
95 24 54
44 5 98
65 47 29
70 50 8
7 42 15
88 59 17
66 11 0
7 22 70
11 84 61
66 28 44
66 47 44
52 54 17
44 95 44
41 5 42
74 96 41
11 72 8
20 10 11
67 92 83
26 72 56
92 13 30
7 41 15
21 17 65
70 17 48
88 54 59
92 0 87
90 65 83
46 14 11
90 77 83
48 84 8
67 96 83
66 47 88
21 65 77
2 24 95
74 96 98
67 77 44
66 5 98
95 92 96
92 13 64
70 95 29
0 24 7
11 72 61
84 92 52
22 13 64
67 53 78
34 67 30
61 52 27
95 77 54
65 47 88
67 17 70
47 67 30
6 95 43
72 31 21
67 1 42
75 59 70
90 73 84
75 54 56
6 53 29
11 72 18
79 73 95
88 22 56
70 19 56
95 96 52
67 11 74
0 24 95
26 84 8
73 45 60
79 10 27
26 72 18
26 29 61
6 5 98
65 53 43
1 10 95
34 15 72
11 29 48
26 96 7
4 0 65
52 22 17
34 35 2
22 13 30
72 96 98
70 72 56
42 67 72
42 67 30
65 28 29
26 72 98
92 50 42
95 10 39
70 17 61
61 36 95
95 77 83
65 5 44
70 5 8
44 47 44
48 19 56
11 72 48
21 77 52
47 46 60
74 96 21
74 96 92
73 35 72
61 14 11
90 96 52
70 28 98
84 62 44
75 42 17
42 35 72
22 50 78
79 36 95
21 17 70
22 5 42
41 50 42
52 41 59
41 50 78
6 47 88
84 62 96
7 42 59
95 65 52
47 35 72
34 45 2
6 47 43
37 19 48
79 52 19
22 5 78
48 84 61
46 10 95
4 58 0
22 13 42
78 96 92
70 19 8
34 46 72
47 15 30
70 19 48
11 19 61
44 5 44
78 96 21
72 55 98
0 10 54
6 95 44
48 29 56
52 42 70
69 35 30
61 14 95
1 10 30
66 95 98
0 79 92
70 84 56
70 5 78
25 42 17
34 67 60
34 45 97
70 29 48
84 96 83
47 46 2
92 53 42
25 41 15
79 10 19
75 41 17
70 53 98
79 10 84
61 14 84
42 15 60
92 0 65
90 62 77
66 26 0
74 55 52
84 65 52
34 15 97
21 58 65
73 67 72
7 42 56
78 72 98
7 41 17
0 96 7
65 95 98
52 41 70
25 22 59
95 77 95
2 24 30
70 50 30
26 19 61
88 59 56
22 53 8
69 67 97
37 84 18
20 14 11
21 65 52
95 93 54
2 77 95
92 50 64
11 29 61
26 84 48
1 96 30
70 53 42
34 15 2
25 42 56
70 47 88
61 10 27
84 92 83
66 11 87
47 35 60
46 52 95
69 67 72
22 1 8
79 52 11
90 92 77
70 5 43
44 53 98
70 28 88
69 15 60
70 5 42
42 45 60
95 10 7
84 62 52
73 35 97
90 10 19
42 46 60
72 96 52
66 58 87
20 36 19
67 26 87
44 5 29
22 5 8
90 62 96
2 93 95
90 77 96
73 35 30
37 29 56
66 11 70
67 17 0
72 96 21
42 45 72
52 54 15
72 72 52
90 10 27
70 29 18
1 77 54
72 72 98
70 72 48
21 92 44
95 77 7
37 84 8
61 10 19
75 59 17
0 96 98
66 58 65
90 65 44
67 0 74
41 53 30
90 73 19
95 77 96
26 17 61
92 1 64
26 93 54
26 55 41
52 42 56
88 59 59
52 22 56
70 53 88
74 31 92
65 95 88
66 53 88
7 42 70
46 73 84
26 77 54
25 42 70
67 1 64
67 5 8
47 67 2
75 22 56
21 96 77
21 62 44
66 28 43
21 26 87
67 50 78
42 15 97
6 47 29
0 79 41
95 77 30
22 1 42
66 58 70
75 22 15
66 11 74
84 77 96
41 13 30
67 77 52
34 35 72
67 11 70
21 92 77
48 19 48
90 96 96
88 22 70
72 96 92
47 45 60
75 54 70
84 62 83
26 31 98
66 47 98
92 11 70
0 79 21
72 31 41
75 41 59
70 84 18
20 73 84
34 35 97
90 77 52
20 52 84
92 1 78
0 96 95
26 84 56
52 42 15
26 17 56
47 45 72
1 77 95
4 17 70
90 52 27
34 67 97
22 5 30
90 10 95
88 59 15
21 77 77
4 0 0
47 35 2
79 10 95
44 47 88
26 96 95
78 31 92
47 15 97
26 19 56
90 92 96
66 53 43
0 31 92
73 46 2
66 47 43
67 96 96
21 62 77
25 22 70
46 10 84
72 72 21
73 45 72
48 17 48
67 62 52
78 55 92
67 17 87
61 52 95
75 42 59
0 96 52
2 10 7
90 77 77
20 52 19
67 77 83
25 22 15
4 26 87
90 96 83
67 26 70
92 50 8
1 10 7
84 92 96
21 92 96
66 17 0
92 5 78
46 73 27
22 50 8
92 58 65
46 36 27
78 31 52
72 79 41
66 5 29
92 53 8
66 0 87
4 17 74
67 62 44
66 0 65
26 96 92
72 31 98
26 96 52
37 17 56
26 96 39
1 93 30
73 45 97
6 53 98
21 26 65
11 19 56
0 10 39
26 96 30
73 46 30
20 73 19
73 15 2
26 72 8
46 14 19
47 46 72
67 11 65
78 72 92
74 96 52
26 24 54
0 55 52
42 46 2
11 19 18
92 17 74
69 45 60
26 93 39
74 79 41
70 17 18
11 84 56
73 46 97
20 14 84
90 10 84
26 31 92
34 46 97
41 13 8
47 67 72
2 93 7
0 24 54
26 31 21
0 10 7
4 26 74
4 17 0
42 67 2
37 72 61
20 52 95
75 42 56
67 96 52
21 0 74
72 96 41
1 96 39
44 95 43
73 15 97
42 15 2
67 53 8
26 29 18
7 22 15
65 53 98
21 26 70
73 15 72
66 0 74
21 11 65
73 67 97
26 10 95
0 55 41
48 72 56
67 65 83
67 50 42
79 73 19
95 92 83
95 24 39
26 79 41
2 96 30
20 52 27
21 65 96
0 96 41
46 14 84
2 77 54
67 26 74
84 77 77
65 95 43
88 42 17
67 65 96
20 14 19
0 72 52
67 13 42
69 35 97
37 72 8
70 53 44
69 46 30
70 19 18
65 5 88
52 59 56
41 1 30
90 92 44
70 47 44
70 95 43
41 13 42
95 77 39
92 5 42
66 17 74
92 11 74
74 79 21
6 5 43
70 5 30
65 95 44
95 65 96
46 14 95
73 67 60
0 55 98
70 13 78
41 53 78
95 93 30
92 0 70
1 24 7
61 10 11
66 26 70
78 79 52
25 54 59
92 17 65
37 17 18
26 79 52
21 96 52
7 54 59
95 62 83
42 46 97
66 17 87
0 96 30
34 45 30
67 0 0
66 5 43
70 47 43
67 77 96
37 19 18
22 53 30
88 41 17
26 93 7
75 22 59
66 26 74
79 73 27
90 96 44
46 36 95
48 84 56
74 31 98
67 96 77
66 53 29
95 62 44
52 22 15
78 55 98
0 77 30
95 93 39
42 45 30
21 17 0
11 19 48
0 77 95
61 73 84
44 53 88
88 22 59
0 31 98
25 54 15
75 41 15
41 50 8
6 95 29
67 0 87
21 0 65
95 77 52
84 96 44
90 73 27
4 0 74
84 77 52
92 11 65
1 93 54
37 19 61
4 17 87
78 79 41
95 92 77
67 50 30
26 10 54
88 54 15
44 5 43
95 96 77
48 29 48
34 45 72
25 41 70
92 5 8
79 36 84
90 73 95
67 62 96
37 72 18
11 19 8
11 84 48
61 36 11
0 96 39
90 52 11
46 73 11
47 15 72
79 14 84
42 67 60
79 36 19
2 93 54
90 10 11
67 58 74
92 26 74
41 50 30
67 1 8
67 1 78
90 14 11
52 59 59
6 47 98
34 67 2
42 35 30
61 10 95
7 59 59
92 58 74
11 17 8
6 53 43
44 95 88
84 92 77
67 58 0
66 47 29
75 54 15
21 92 52
2 77 39
70 53 8
41 5 78
0 93 30
1 93 95
67 62 77
61 73 11
52 59 70
26 10 7
65 5 43
92 50 78
65 47 44
4 17 65
65 47 43
37 17 8
78 31 41
66 28 88
42 45 2
44 28 88
52 41 15
75 42 15
48 19 18
73 35 60
69 46 2
92 58 70
25 59 59
90 92 83
21 11 74
37 19 56
72 79 98
25 41 59
78 96 41
26 24 7
67 26 0
21 0 70
90 62 44
84 65 83
6 28 44
1 96 95
70 29 8
46 52 11
0 93 39
69 15 97
11 72 56
90 77 44
0 24 30
67 11 87
92 13 42
37 29 48
70 47 29
22 13 78
88 42 59
65 53 44
74 79 92
92 1 8
66 95 88
2 10 30
65 28 44
41 1 42
95 62 52
65 53 88
47 45 2
6 28 29
61 52 84
21 17 87
95 92 52
26 72 21
52 54 56
67 5 78
46 10 11
92 53 30
88 41 59
78 96 52
22 53 64
74 72 92
21 58 0
26 24 95
1 93 7
4 11 70
42 35 60
67 58 87
92 58 87
20 10 95
41 53 42
67 13 8
46 52 84
84 96 77
70 29 56
47 45 97
70 13 42
7 41 70
92 5 64
67 17 74
95 96 30
66 95 44
34 67 72
21 96 44
67 92 52
2 96 54
90 62 83
37 72 48
2 77 7
67 92 96
20 73 95
69 46 60
67 1 30
70 5 64
42 35 2
26 55 98
67 17 65
84 77 83
2 24 39
70 5 98
74 72 52
46 36 19
0 79 52
25 41 56
73 15 30
95 96 96
41 1 78
0 10 95
46 73 95
0 96 92
6 5 29
74 31 21
84 96 96
46 36 84
52 59 17
72 55 92
66 5 88
41 13 64
95 96 7
25 54 70
20 14 95
26 77 30
66 26 87
95 93 95
44 28 98
48 72 48
0 96 21
52 54 59
75 41 56
7 42 17
88 42 56
2 93 39
26 77 39
66 0 70
0 72 41
4 11 0
70 50 64
90 96 77
21 62 52
48 29 61
34 46 30
73 67 2
84 65 77
26 72 61
1 93 39
61 52 19
67 92 77
70 50 78
73 46 72
22 53 78
66 53 44
21 58 74
70 1 8
88 22 15
67 62 83
26 77 95
88 41 15
72 55 21
26 79 98
42 35 97
4 58 87
46 73 19
48 19 61
26 24 30
26 19 48
79 14 95
67 26 65
47 15 2
37 72 56
0 77 7
41 5 8
21 92 83
20 36 27
44 47 98
90 73 11
44 28 44
66 11 65
72 72 41
78 31 21
52 42 59
0 77 39
95 96 95
74 55 98
37 17 48
70 28 43
21 17 74
70 50 42
78 72 41
22 50 64
67 5 42
26 96 98
52 59 15
70 84 48
70 53 29
11 84 18
69 15 2
52 41 17
26 29 56
70 53 30
74 31 41
92 53 64
34 46 2
0 55 21
90 36 95
4 58 74
92 58 0
21 62 96
66 17 65
22 1 64
34 15 30
75 54 59
69 67 60
72 79 52
66 58 0
67 53 64
1 10 54
92 17 87
95 10 30
66 28 98
75 54 17
70 19 61
67 50 64
6 5 88
70 13 8
70 28 44
26 10 39
4 0 87
25 59 15
72 55 52
61 73 27
92 17 70
2 10 95
1 96 7
7 59 15
0 79 98
21 58 70
74 72 21
95 62 77
6 53 44
25 54 17
92 5 30
67 13 78
74 72 41
92 13 78
90 14 19
92 1 30
26 77 7
4 26 0
37 84 48
74 31 52
1 77 39
65 5 98
88 54 17
20 10 19
52 22 59
25 59 56
34 15 60
