65 5 98
26 29 61
65 95 44
67 50 42
22 50 30
52 22 15
61 36 19
72 31 98
52 42 70
0 96 95
65 95 88
88 54 70
42 45 60
70 72 48
95 24 39
47 35 97
20 10 84
70 28 98
47 45 30
69 35 60
64 8 99
4 17 65
52 42 59
70 84 61
78 79 41
26 24 54
66 5 88
95 10 54
0 55 21
42 15 60
74 31 98
26 24 95
74 79 21
47 46 30
0 72 41
70 47 88
4 0 70
90 10 84
0 93 30
67 96 52
42 15 72
59 85 84
61 52 11
42 35 2
52 59 56
73 15 2
90 96 44
11 17 18
23 85 59
16 89 9
67 13 30
0 31 98
11 72 48
13 89 83
72 79 52
47 45 60
88 42 15
4 26 0
61 14 19
92 53 8
54 56 0
2 10 7
78 79 52
79 36 11
77 34 20
88 58 93
6 5 23
90 46 39
31 74 62
67 62 96
67 77 83
31 34 87
70 5 42
49 58 98
37 17 56
25 59 7
70 1 30
92 53 30
26 79 52
70 50 64
26 96 52
34 46 60
22 53 64
70 28 88
34 70 99
67 65 77
46 83 42
95 77 83
44 28 98
26 72 98
84 65 44
22 5 30
38 38 23
47 45 2
4 0 87
70 72 61
21 96 96
1 73 25
44 53 98
46 54 63
7 59 15
37 72 56
37 17 61
65 28 98
95 92 44
22 50 64
11 29 8
58 74 55
26 96 39
65 28 29
39 80 98
47 46 60
9 82 16
72 96 92
70 19 8
67 1 30
73 45 97
88 22 15
34 67 72
26 72 18
65 95 29
58 23 55
20 36 11
2 24 39
4 0 0
69 46 2
51 3 3
90 77 96
72 96 41
56 67 61
88 59 70
90 52 19
17 80 8
67 96 96
95 93 54
37 19 8
67 1 42
74 96 92
52 51 32
67 17 70
61 66 26
69 64 40
7 61 83
70 95 44
2 10 39
74 60 54
1 37 60
36 19 73
70 17 8
42 5 47
48 17 8
22 24 32
22 5 8
99 84 22
78 96 21
78 55 52
95 62 52
19 60 0
6 90 64
92 39 73
65 95 98
56 41 91
66 58 74
26 67 4
67 13 64
47 67 60
48 84 56
34 45 60
73 46 60
0 55 41
96 39 22
38 88 80
59 22 66
98 31 68
20 36 84
62 50 54
79 93 85
90 36 19
11 17 48
13 65 4
38 6 57
83 8 82
22 17 96
24 25 49
41 63 98
92 0 70
35 53 40
84 77 77
20 52 95
35 60 47
20 16 15
94 1 60
22 68 58
66 47 98
33 2 84
10 30 58
71 25 76
0 61 85
91 11 79
99 93 10
10 33 71
44 53 43
96 89 83
52 41 15
84 77 44
69 67 30
36 89 66
67 17 74
95 43 46
67 50 8
82 0 1
98 78 14
70 28 44
66 28 88
74 31 52
63 28 11
42 76 60
28 95 87
84 62 52
23 79 2
14 83 96
15 44 71
56 50 14
17 19 76
66 5 29
92 56 64
7 22 70
26 77 39
61 95 85
4 11 87
34 67 30
70 1 8
21 96 77
24 38 44
2 57 66
47 39 42
51 48 21
44 47 29
48 20 36
63 55 60
82 55 14
95 77 7
64 19 44
31 62 83
5 74 41
11 77 46
13 71 40
47 18 91
48 89 21
45 36 69
90 14 84
66 0 87
37 37 71
21 96 83
70 53 8
30 48 5
20 38 84
10 42 9
0 92 7
67 58 70
23 37 51
90 58 15
67 77 96
95 10 39
70 19 56
87 47 78
44 5 29
38 88 46
73 54 84
88 79 63
2 30 49
83 60 2
73 67 30
90 73 11
1 96 39
14 32 10
20 36 75
4 61 5
64 19 32
86 44 83
44 47 98
26 19 48
14 73 55
26 77 54
0 77 39
48 17 18
30 20 52
89 71 48
47 71 75
27 13 2
37 72 8
0 10 7
67 58 0
84 15 8
29 17 62
96 1 9
46 99 68
4 17 74
78 77 5
54 54 49
44 62 28
58 14 51
72 79 92
27 54 36
48 29 18
11 17 56
63 14 6
21 11 65
25 21 59
0 31 52
95 96 95
79 10 84
11 12 11
47 5 40
80 86 71
38 7 85
46 18 32
78 17 4
70 95 88
26 31 52
93 15 70
0 10 39
70 53 44
71 64 67
56 21 17
46 52 95
23 50 20
90 77 83
88 0 5
41 1 64
11 29 61
11 50 4
84 69 21
13 13 51
9 19 94
46 52 11
78 79 92
74 0 25
43 17 77
67 14 34
5 58 95
54 31 28
60 0 9
18 3 71
56 64 95
6 59 63
46 73 84
64 9 16
96 73 94
74 3 11
96 94 54
22 1 8
49 70 28
34 27 45
12 65 16
10 31 79
21 65 77
22 76 31
82 40 5
67 5 64
96 68 14
77 2 9
95 24 95
20 47 7
82 21 12
63 41 16
42 38 3
11 85 43
2 48 78
83 31 70
88 67 89
66 8 96
65 47 29
93 86 27
66 75 62
42 96 53
9 82 92
81 87 50
19 72 13
51 84 27
56 93 72
66 69 15
66 95 88
17 51 98
60 72 19
25 86 56
42 53 53
25 59 15
83 94 35
73 69 99
64 87 64
2 93 54
20 92 6
55 21 76
26 96 92
9 50 56
26 10 7
90 67 97
75 22 15
95 77 95
88 68 58
34 35 2
61 14 27
92 53 42
10 91 69
79 14 84
42 7 9
84 77 96
70 50 8
15 11 45
16 9 15
64 71 95
6 5 98
67 12 32
75 61 96
75 92 16
20 55 78
92 40 44
91 33 64
85 4 66
66 15 77
41 92 75
23 12 79
83 58 56
66 28 43
45 80 66
26 79 98
47 44 41
95 10 95
70 5 44
21 58 65
1 77 54
83 65 91
78 88 47
25 61 33
81 94 37
50 10 73
88 2 70
77 27 60
37 29 48
56 59 3
85 82 49
5 1 47
3 31 68
36 24 38
32 58 22
85 84 19
29 80 70
73 74 65
88 2 37
47 47 32
31 73 20
75 59 80
77 47 41
17 96 69
26 17 56
17 77 74
77 47 29
16 12 11
82 15 92
66 0 65
8 18 49
13 18 80
67 8 84
36 37 1
92 17 74
16 67 73
15 18 89
81 44 48
17 22 59
28 33 15
62 45 17
17 48 62
21 12 57
55 0 56
22 72 21
84 7 25
58 57 12
0 79 41
20 73 95
91 69 97
19 81 12
97 29 21
73 15 72
26 77 7
20 32 79
67 5 78
36 2 28
20 17 73
87 89 16
68 0 14
53 68 65
52 42 17
42 34 93
32 34 29
77 91 46
20 40 67
86 76 45
16 26 99
80 34 63
90 65 83
86 86 19
78 40 19
65 84 18
98 27 99
6 53 98
47 37 27
41 10 78
67 37 70
64 33 50
26 72 41
24 90 2
51 1 35
82 67 46
83 26 66
80 33 87
17 93 73
23 18 25
47 85 44
74 28 84
20 14 19
47 84 68
70 53 98
0 72 21
32 8 97
19 11 79
56 96 51
6 49 65
74 22 94
23 49 99
21 61 78
3 86 61
92 70 36
73 22 65
93 53 42
40 70 8
39 58 63
2 93 39
15 33 24
91 66 4
70 1 31
58 48 35
73 46 97
20 36 27
42 15 30
11 24 18
13 6 17
43 33 54
24 31 16
38 19 45
95 77 52
37 79 77
20 19 33
84 92 44
99 98 73
83 50 82
4 82 32
79 2 83
39 19 80
90 65 44
20 14 95
56 7 2
64 77 81
2 58 21
0 55 98
52 47 5
41 83 35
81 54 36
25 38 41
79 66 48
78 72 92
61 14 91
90 73 19
62 10 67
86 29 36
13 24 91
93 85 8
73 35 97
48 30 56
81 83 86
4 98 29
53 62 51
8 40 54
90 27 44
65 64 56
92 5 42
17 39 99
26 33 84
70 32 57
97 63 21
67 41 57
13 53 55
46 52 19
54 37 11
66 25 66
74 87 30
25 59 70
27 40 65
78 42 35
89 68 80
42 41 58
83 7 15
34 46 97
5 64 28
57 44 68
69 67 16
16 65 48
34 62 14
90 32 8
67 1 78
11 57 23
54 11 49
93 70 75
70 47 43
11 84 61
1 39 80
90 65 77
39 89 85
81 93 67
78 55 57
78 79 21
23 47 59
1 24 30
88 42 56
83 0 97
90 14 27
65 43 70
29 39 5
34 34 46
67 75 90
85 43 80
6 39 58
24 73 33
79 14 95
89 8 26
92 32 8
60 89 16
7 59 56
92 53 64
95 24 54
34 57 68
68 61 12
79 49 46
42 46 97
44 92 65
47 45 27
78 55 41
26 26 2
7 13 31
19 11 27
38 61 74
53 48 3
51 13 1
53 22 95
90 34 48
56 37 55
83 7 53
81 70 97
86 39 67
57 8 80
47 23 42
93 6 19
12 86 42
30 50 34
71 53 76
27 62 80
0 24 7
26 84 48
39 87 98
0 48 1
19 11 65
64 42 11
66 23 78
19 83 55
52 10 54
92 8 29
86 84 88
51 99 35
35 62 78
71 71 64
29 21 82
78 90 4
84 74 17
74 20 26
44 5 44
35 9 60
3 4 21
60 74 41
51 12 41
24 42 52
66 5 43
20 14 84
75 21 22
16 81 57
98 28 51
39 97 66
46 95 29
44 28 88
56 70 6
51 5 44
84 93 91
62 6 18
67 51 83
81 36 62
94 66 10
68 73 61
14 66 22
73 35 30
77 28 66
58 12 49
33 4 45
50 39 63
7 2 22
98 6 11
65 53 44
92 50 58
82 68 71
62 8 82
99 45 62
28 56 95
9 95 62
13 39 23
90 96 52
88 88 8
67 26 87
92 1 78
91 71 62
46 10 19
16 49 11
36 28 58
53 54 62
94 21 24
9 3 57
78 31 41
31 30 92
13 43 73
85 17 20
36 1 65
22 91 72
34 45 30
25 28 68
20 74 12
0 25 7
21 26 70
12 82 27
69 56 55
22 13 30
26 3 89
97 51 37
56 60 59
94 0 41
66 28 61
70 79 83
75 54 70
55 97 96
30 48 98
76 81 72
52 93 35
27 47 72
47 57 26
10 55 38
27 42 31
31 87 18
58 29 57
76 97 48
72 5 97
78 46 91
96 23 54
63 73 9
98 75 20
49 16 70
50 29 28
63 52 27
78 78 81
11 19 61
21 99 23
68 42 76
88 16 27
14 23 57
93 84 77
69 1 47
38 7 84
72 55 21
70 53 88
92 7 26
98 28 54
58 93 61
76 54 90
15 0 12
40 21 88
91 91 37
23 60 30
44 73 51
50 63 54
98 24 97
15 63 0
42 41 39
42 78 12
85 52 11
52 44 19
36 20 73
59 59 42
68 88 83
42 50 34
64 26 63
24 93 13
64 9 22
73 86 48
16 73 17
55 31 52
24 6 37
71 88 52
24 57 78
90 1 12
21 62 44
91 23 79
55 99 28
21 62 52
15 93 64
49 55 26
50 94 46
26 96 54
51 73 96
14 90 5
73 1 28
63 91 45
40 97 90
22 47 7
66 13 93
93 83 42
67 67 70
4 89 18
81 98 20
32 86 77
88 32 78
49 67 34
81 88 56
74 78 30
39 42 29
47 72 13
62 77 61
23 17 21
55 47 72
13 38 36
88 51 12
6 76 0
51 3 85
18 63 92
40 50 50
41 78 86
2 88 94
69 99 61
87 2 8
47 45 72
37 47 59
41 30 27
51 57 46
62 79 40
26 79 41
42 95 4
11 44 32
21 58 70
18 95 62
42 4 80
13 85 76
9 81 2
66 36 40
32 96 44
61 16 34
57 7 47
62 8 32
43 34 28
34 80 43
46 62 99
6 95 98
84 59 84
18 78 18
45 5 60
92 13 8
92 91 54
74 55 21
74 31 41
96 86 25
55 98 99
53 61 99
65 86 35
88 66 21
77 18 24
13 30 15
71 65 29
83 66 90
2 64 1
75 42 15
46 77 94
32 76 1
65 53 29
87 72 19
14 18 69
90 52 11
29 25 82
54 85 0
96 44 89
14 4 83
11 79 18
79 55 21
70 29 48
34 8 39
4 49 61
42 37 4
0 82 80
41 24 6
76 20 17
32 54 75
61 20 8
87 65 67
41 6 15
22 13 42
13 57 61
91 5 44
81 27 90
90 10 27
24 0 95
20 86 54
24 57 69
29 21 21
54 80 62
7 85 6
23 74 53
68 29 89
79 24 47
69 88 1
33 24 84
33 59 41
44 44 78
63 75 12
69 63 6
73 97 86
19 62 59
11 59 7
7 66 78
23 52 96
35 75 80
22 1 30
64 40 32
67 65 96
2 88 23
17 18 32
52 58 95
24 93 2
97 83 70
97 88 83
11 85 11
93 22 5
12 78 11
62 86 7
20 23 14
50 11 16
21 77 52
1 77 39
65 92 57
88 46 17
0 84 30
67 5 23
41 29 49
29 61 57
74 79 92
50 65 28
60 3 46
47 6 40
68 50 28
6 97 7
54 99 31
72 72 41
21 0 65
82 37 2
79 36 95
27 7 74
64 30 22
10 72 38
78 96 41
12 78 30
22 85 5
40 41 31
66 57 44
47 35 26
22 13 83
92 5 78
26 55 21
78 72 29
25 68 64
20 10 27
21 98 5
67 5 42
25 23 78
33 14 44
58 25 52
7 61 32
7 25 22
35 75 25
81 28 0
