87 8 19
69 38 88
60 15 5
39 7 79
45 34 19
7 84 67
21 15 33
69 98 36
87 50 19
77 55 17
50 57 36
98 45 23
53 84 86
37 9 89
90 45 86
77 55 95
98 24 5
11 95 37
42 34 15
46 98 33
40 1 88
28 58 19
78 70 86
59 58 19
97 35 32
74 62 30
23 58 30
34 64 23
7 50 43
7 53 43
7 25 62
36 24 69
46 15 33
45 68 33
46 29 0
98 45 78
89 50 62
63 98 33
28 55 14
54 78 86
63 38 0
11 78 5
98 77 23
36 56 30
12 57 12
77 35 91
36 56 66
98 7 86
69 98 88
50 15 0
79 86 35
12 11 12
87 58 14
8 1 9
35 69 59
20 54 59
20 3 24
42 19 5
28 34 53
9 55 53
1 48 79
93 58 88
57 84 62
45 34 14
45 68 9
21 5 96
42 95 24
45 48 33
31 31 12
28 2 83
82 10 49
21 38 47
69 15 36
23 28 52
57 61 73
74 6 79
35 56 5
37 70 22
19 49 66
78 25 73
87 41 69
28 84 67
93 26 53
36 11 66
81 32 89
59 77 17
9 55 19
9 8 53
15 26 48
28 20 62
92 64 63
38 79 17
4 88 50
4 85 66
15 36 61
36 20 69
60 78 18
89 84 47
23 47 1
36 20 99
98 11 66
63 68 9
42 19 37
11 3 18
23 63 58
62 9 41
24 55 41
53 70 86
24 45 23
38 77 17
82 49 55
25 17 50
67 11 34
12 83 26
20 95 18
87 58 15
23 20 12
36 0 52
10 83 4
93 1 9
75 72 74
54 77 86
69 57 36
35 56 30
24 7 41
27 52 79
39 58 79
53 21 61
45 1 87
79 55 65
37 84 73
47 70 53
54 45 41
79 78 15
39 72 55
23 62 19
57 20 62
11 78 37
28 34 19
93 68 33
1 19 65
8 58 88
78 83 67
93 1 33
11 95 24
53 70 89
14 50 69
63 58 48
52 45 44
9 45 14
96 18 47
40 14 90
50 15 47
11 19 18
15 84 89
20 76 82
67 70 92
5 83 45
90 53 47
91 18 89
89 9 18
55 44 48
74 58 30
42 78 24
8 90 87
35 56 66
28 76 4
26 78 25
25 78 62
47 12 40
39 7 86
78 43 86
45 50 19
57 67 4
69 15 0
7 53 60
4 50 39
28 58 33
21 35 17
56 1 34
80 62 16
76 73 72
98 20 30
88 4 66
74 62 1
36 57 57
35 20 5
45 58 48
78 84 22
32 71 24
94 14 67
86 81 79
6 72 48
6 89 93
40 68 88
76 43 92
27 78 5
37 70 89
65 55 73
7 43 38
23 47 19
68 10 37
53 43 22
74 47 30
28 20 43
53 25 43
27 15 37
90 50 47
16 26 39
97 56 62
93 68 88
57 25 47
25 51 86
1 25 26
57 86 82
59 79 95
75 37 48
9 58 14
42 8 19
0 38 21
82 47 20
78 99 72
90 84 47
12 56 66
5 80 74
49 12 86
50 29 33
87 55 53
51 9 35
50 21 88
77 79 91
12 24 5
94 56 7
1 56 47
57 84 67
63 90 48
74 22 76
5 7 58
3 78 64
31 80 84
90 25 20
63 48 9
2 95 10
78 23 77
65 92 47
7 3 88
21 46 28
48 44 1
57 50 67
82 91 77
54 77 23
17 27 29
69 15 88
79 63 65
88 13 43
29 97 62
45 50 14
8 60 99
38 51 63
98 45 79
9 98 33
29 77 64
39 7 41
77 51 94
26 27 8
87 28 54
15 28 72
28 39 17
1 35 32
92 24 95
23 20 66
96 62 12
26 31 93
20 15 37
39 45 86
9 50 14
12 93 79
42 35 49
31 25 53
20 94 24
15 61 69
73 42 26
9 43 82
57 85 89
73 30 52
18 30 45
42 8 15
53 43 73
34 70 85
60 15 51
41 40 65
46 57 0
13 17 61
52 21 22
14 70 10
27 19 51
65 77 95
67 50 30
55 18 8
86 46 50
46 77 29
67 3 31
46 98 47
43 24 48
42 83 9
95 82 19
88 36 81
53 25 73
99 3 23
46 39 69
45 55 32
95 25 26
47 34 0
63 90 88
73 65 1
25 57 94
43 26 0
35 20 66
60 19 18
80 23 60
27 74 21
59 35 17
37 45 86
52 0 21
89 75 59
19 33 45
16 14 83
23 24 69
14 87 89
16 3 98
89 25 47
80 70 73
77 77 17
92 68 16
11 19 24
40 90 88
35 57 69
7 84 47
87 55 33
10 42 42
14 2 47
70 5 38
7 50 67
42 3 51
34 99 26
63 38 33
42 3 18
39 45 23
32 96 18
90 55 86
35 81 53
79 19 26
42 32 56
20 16 72
19 14 0
33 12 82
2 34 36
12 99 90
1 66 57
59 55 17
82 89 95
91 0 42
9 50 15
87 58 33
56 14 53
93 68 48
79 62 22
29 35 75
48 14 94
24 91 67
71 47 44
86 49 95
17 62 15
74 99 19
83 10 55
93 21 13
20 95 37
57 53 47
39 58 19
23 58 12
45 55 53
63 68 87
25 78 2
27 52 86
45 58 15
59 79 91
28 6 10
40 10 0
23 20 61
77 29 15
24 39 19
63 58 33
11 29 48
78 70 73
53 85 18
3 77 91
50 98 44
93 22 65
82 38 7
19 59 62
39 77 78
45 39 27
53 9 43
58 57 87
59 79 32
30 45 76
83 48 96
90 47 43
39 90 25
60 3 37
96 64 81
45 88 27
39 73 79
15 43 89
51 70 67
24 77 23
64 46 92
39 78 41
94 27 34
12 94 95
42 32 80
65 68 73
51 86 84
63 57 88
93 2 76
5 17 7
98 51 0
80 43 43
21 29 33
80 0 35
36 11 69
36 79 87
4 92 72
23 57 69
80 53 20
24 12 96
87 67 50
47 34 70
27 35 13
80 9 43
71 80 30
34 35 1
51 52 51
30 62 89
75 70 17
26 33 51
24 77 86
72 16 88
71 8 50
20 54 55
31 44 34
99 48 93
13 90 56
20 85 43
38 82 14
44 22 56
78 43 22
40 8 48
62 91 71
82 80 42
59 31 51
51 19 29
45 55 3
17 75 30
46 83 83
4 84 48
93 1 48
35 57 66
72 5 47
47 55 18
53 9 86
59 68 32
34 9 5
75 20 69
56 99 7
5 37 63
15 70 89
8 3 38
2 16 96
84 80 23
43 81 53
77 61 40
40 23 35
32 17 6
78 10 7
20 38 77
34 94 75
9 74 94
97 77 73
1 21 30
49 63 67
96 62 30
41 46 30
66 41 19
66 2 63
25 55 35
66 47 22
95 65 24
93 48 33
11 1 70
43 84 12
98 55 41
40 48 88
79 27 24
78 73 88
64 87 71
28 17 7
33 97 15
19 95 64
2 5 26
22 99 9
85 80 43
85 4 24
63 71 32
7 49 36
80 9 89
67 33 10
39 6 79
0 50 40
48 31 83
37 46 31
44 31 92
60 95 24
7 99 76
27 15 5
21 57 0
49 82 1
68 51 56
56 78 12
32 20 95
33 68 40
72 23 24
57 91 53
34 89 69
27 31 33
20 51 18
0 6 39
24 58 55
68 94 11
75 79 11
39 62 12
91 3 15
54 4 32
56 72 89
34 29 93
58 16 55
7 36 60
19 82 78
95 57 27
37 25 43
71 41 62
65 48 12
59 32 1
24 40 78
59 6 35
45 8 19
7 98 95
38 35 95
58 67 7
80 7 28
15 3 88
11 3 24
6 40 12
48 79 8
89 27 16
19 70 17
94 62 41
76 92 43
98 47 13
54 66 68
64 87 89
55 32 38
26 55 67
7 2 6
11 81 38
63 29 47
81 67 48
39 45 41
83 4 62
82 70 11
92 8 35
24 19 21
42 98 64
57 53 62
2 64 32
49 35 63
29 13 39
2 24 58
7 50 47
20 13 88
32 82 98
38 35 17
85 37 55
77 68 32
43 55 53
88 22 16
0 83 60
75 1 82
45 76 44
92 67 49
51 23 40
45 1 9
98 55 78
96 99 1
1 20 53
7 9 99
88 19 29
24 22 98
39 8 42
71 77 90
48 44 71
63 53 75
91 7 53
73 20 5
41 77 18
44 37 93
99 2 70
55 35 80
82 58 86
46 38 36
40 6 53
16 20 9
77 2 74
45 1 48
83 9 70
50 3 38
73 28 52
21 37 1
80 61 8
99 42 9
11 8 1
46 11 96
26 45 2
63 31 72
79 81 2
99 0 71
42 67 27
44 35 74
53 61 40
55 42 32
72 13 75
10 32 78
90 25 47
22 78 82
33 94 13
78 84 49
94 57 82
11 24 62
16 54 38
31 86 76
44 81 70
69 83 6
82 81 87
11 48 37
24 32 60
58 59 52
35 61 60
63 98 36
8 31 97
86 3 52
46 35 22
45 34 88
18 72 20
80 20 36
23 44 5
97 68 91
39 87 55
15 28 85
48 28 28
54 79 30
61 18 69
42 19 18
88 22 23
59 1 60
41 58 84
87 17 56
23 43 19
39 17 22
77 62 39
50 47 92
32 37 37
20 62 7
79 11 19
57 53 41
81 48 76
38 55 17
98 24 12
28 68 52
39 47 12
5 17 27
98 78 41
10 98 98
24 23 8
73 49 5
31 96 5
28 0 90
78 18 49
5 79 83
70 45 22
19 63 76
44 16 13
64 73 99
22 51 20
59 62 79
56 98 9
17 57 58
20 51 85
15 18 37
96 72 4
54 31 80
75 22 84
88 73 29
35 24 12
42 77 77
41 28 36
96 42 99
2 93 93
52 43 80
18 10 13
99 13 89
28 48 84
65 77 7
23 65 32
42 58 19
7 76 5
26 61 33
94 98 19
36 57 5
90 7 79
64 79 36
82 58 21
68 74 70
42 81 77
96 99 30
94 35 87
80 25 43
73 42 3
47 14 9
31 24 64
40 49 66
47 57 16
92 62 42
53 53 0
14 46 94
88 10 62
12 64 54
59 77 73
70 86 82
63 55 71
95 82 90
84 99 40
87 52 28
5 6 30
92 77 83
47 56 76
89 64 31
54 51 19
10 11 9
16 5 28
21 28 0
8 64 77
32 73 43
25 14 17
89 72 93
36 20 30
72 72 57
97 79 95
68 2 82
44 7 12
98 11 5
37 84 43
35 27 98
13 26 78
62 60 16
11 54 1
30 63 36
57 10 16
39 24 1
61 96 37
12 12 23
17 57 3
22 47 17
28 50 60
90 20 60
71 31 0
98 45 41
20 0 26
51 67 89
56 39 92
87 58 24
96 98 83
46 26 90
45 71 81
5 62 11
34 29 76
62 43 26
30 31 98
65 55 91
48 77 18
46 98 0
12 28 58
8 91 21
24 51 15
74 86 8
29 44 22
89 20 60
39 1 31
74 3 64
55 36 65
91 79 87
36 57 69
84 84 44
19 85 8
2 97 65
62 65 24
40 20 62
47 0 28
39 28 69
27 45 20
35 66 44
92 25 55
93 90 87
33 73 29
77 94 82
44 27 11
73 71 19
56 26 28
59 58 1
37 15 15
65 77 73
24 73 76
11 5 83
98 5 63
34 61 54
36 20 12
69 97 4
59 15 98
97 35 17
32 58 72
43 66 84
59 72 89
61 83 13
99 18 27
17 19 13
0 86 14
20 5 56
33 33 89
12 64 28
34 24 56
18 21 95
27 79 42
0 58 35
37 70 43
84 42 57
88 31 23
90 55 3
47 7 37
71 27 44
88 19 50
69 38 33
96 68 30
87 48 21
96 88 54
60 63 12
50 5 3
31 68 69
93 58 87
15 9 86
98 34 80
59 20 29
17 96 65
4 47 75
4 46 89
26 42 81
44 4 40
82 49 32
86 19 89
58 94 47
60 28 77
65 42 98
59 47 79
56 22 71
1 6 47
39 6 12
57 64 75
75 17 94
64 1 67
17 48 87
11 89 96
83 55 65
1 57 14
59 47 19
85 91 21
47 2 52
97 79 91
81 30 0
21 38 88
57 92 98
38 31 61
77 50 68
39 97 37
50 42 44
18 85 76
86 36 11
19 61 51
48 98 67
34 54 10
83 45 60
3 94 51
4 77 49
94 71 90
9 72 7
51 32 61
54 15 17
19 75 17
20 69 43
21 45 24
47 90 26
18 31 2
23 67 54
37 93 6
6 4 57
27 65 64
42 54 83
35 0 7
55 59 88
90 20 48
50 30 18
69 96 69
12 12 59
86 4 74
56 60 83
82 92 26
48 33 37
83 46 24
76 33 73
6 69 7
20 42 75
21 15 47
4 62 11
80 84 86
85 62 66
86 26 80
98 55 24
38 13 85
36 91 48
6 93 2
97 68 71
57 50 47
65 56 58
76 68 15
17 19 80
53 93 71
65 90 49
80 59 28
91 36 17
11 87 80
63 1 48
62 37 9
8 68 33
68 19 97
76 93 14
75 37 46
59 15 75
58 34 67
58 51 74
89 65 53
95 34 35
5 4 0
3 10 99
21 57 47
42 75 18
6 75 31
83 99 99
75 18 51
46 21 38
34 88 48
63 29 88
80 87 76
62 6 5
33 69 89
2 61 23
61 31 43
44 11 54
28 34 14
42 88 99
38 16 23
83 71 42
89 50 60
50 75 78
87 50 37
83 39 59
39 84 69
6 4 28
15 25 22
55 78 27
55 34 50
11 72 87
75 85 89
70 87 16
