24 55 78
98 57 5
65 35 91
2 76 65
32 2 12
28 39 64
89 76 49
80 70 86
74 62 12
28 34 53
8 58 48
37 26 31
6 45 74
42 78 51
37 84 22
38 35 17
93 29 63
35 82 98
88 18 60
20 19 18
98 11 12
45 88 53
70 89 37
24 13 9
31 55 95
12 28 26
96 6 30
27 75 54
83 42 85
55 98 81
71 65 26
48 46 0
41 82 62
57 53 62
92 89 80
0 39 61
46 74 70
20 51 59
55 5 5
72 85 35
63 38 36
58 79 3
79 17 52
4 5 85
21 15 0
65 41 85
18 96 63
79 12 90
28 20 60
78 86 39
85 22 37
90 5 17
56 99 54
22 33 76
99 50 18
39 55 86
23 10 35
81 34 55
28 83 14
65 79 32
41 74 65
79 24 50
62 27 21
85 12 73
5 54 58
45 55 15
69 15 47
97 55 99
72 54 0
67 52 72
86 51 74
27 44 58
53 21 67
64 54 14
77 23 3
19 18 14
78 63 3
3 36 37
86 50 62
95 5 81
81 57 99
50 92 39
79 42 51
93 30 97
76 79 75
13 22 97
74 6 1
42 17 20
52 10 98
67 58 94
11 40 27
36 48 71
18 59 76
5 68 53
71 8 88
63 14 61
7 88 65
45 90 48
65 28 18
92 36 8
30 41 41
66 71 6
55 96 78
59 77 6
38 82 56
54 67 7
0 25 77
38 77 95
20 0 87
79 64 33
66 37 55
21 48 48
27 3 23
58 61 54
27 97 4
11 50 80
23 57 69
91 41 26
78 13 31
3 43 88
92 14 0
92 50 27
72 35 28
19 32 34
45 24 63
34 98 71
23 55 34
36 66 7
85 60 17
81 43 54
34 41 84
88 66 38
72 23 21
77 34 1
35 64 60
71 25 4
93 43 72
47 77 38
16 70 37
13 93 99
21 14 3
12 66 98
49 1 95
54 56 14
42 64 30
40 90 33
42 68 10
61 81 58
70 28 67
28 11 69
24 13 90
41 4 7
27 19 59
63 62 13
42 90 37
92 4 61
78 58 16
72 61 34
18 53 49
75 79 85
51 27 11
78 57 95
37 96 51
37 1 30
28 67 83
54 10 81
34 82 81
89 83 2
17 35 17
75 13 20
57 0 42
66 98 70
1 72 77
68 10 80
17 99 44
85 48 76
4 5 63
38 61 36
12 73 30
74 15 31
24 1 59
24 64 48
77 4 22
20 92 74
24 32 68
22 28 48
27 76 98
78 9 89
50 56 20
54 47 8
51 27 34
39 87 16
77 55 95
15 68 83
52 89 45
4 16 49
14 81 43
37 27 65
18 50 46
26 44 0
97 29 23
35 32 41
30 30 20
24 21 52
79 1 20
51 95 69
82 32 68
62 14 98
4 82 71
77 83 64
95 92 98
42 19 37
31 65 38
95 45 32
67 67 14
49 72 55
70 7 55
95 64 80
20 21 74
47 41 60
11 19 31
50 15 47
39 8 42
36 57 66
69 11 17
26 19 7
53 83 36
45 81 78
17 42 74
35 28 28
28 15 84
21 56 98
50 77 96
56 30 82
76 10 37
21 59 25
54 77 1
47 72 12
78 84 86
46 99 8
7 83 5
12 43 7
2 42 23
13 8 93
38 77 17
85 35 21
40 54 1
94 44 34
32 44 65
92 73 98
30 10 11
46 73 87
96 58 30
40 99 0
9 13 66
84 79 56
52 65 19
40 1 87
29 71 22
47 40 18
10 18 95
81 93 19
98 37 48
54 41 61
83 53 59
99 39 36
73 16 78
56 42 13
53 32 4
45 40 53
93 75 72
58 21 25
25 67 16
45 58 48
25 3 88
51 63 44
27 32 84
25 19 65
38 34 61
31 68 41
7 53 47
7 1 96
59 8 78
94 25 43
25 83 48
54 77 78
88 68 53
37 83 49
65 27 41
55 24 7
42 32 25
48 85 13
5 70 48
20 89 23
19 45 48
62 3 62
12 9 89
6 90 64
16 40 83
46 20 19
59 68 91
10 64 98
45 19 31
0 43 58
90 85 62
10 61 40
35 18 28
92 43 22
76 34 59
88 59 31
3 12 33
47 82 6
25 89 79
90 45 23
67 40 91
91 91 89
48 58 52
12 31 34
7 13 55
2 55 62
6 47 68
69 39 65
70 17 99
48 80 63
51 79 64
24 47 42
9 77 48
35 8 13
67 92 99
41 49 27
96 45 4
24 32 95
3 79 13
71 9 41
9 62 28
99 28 33
97 70 33
7 64 77
38 91 74
98 56 12
68 85 84
47 0 23
30 60 25
2 84 33
75 58 55
92 55 39
78 25 73
62 54 91
48 77 76
35 19 90
22 71 48
11 48 89
50 15 36
54 39 28
63 58 87
95 96 32
79 75 24
57 84 60
22 87 50
87 47 2
52 41 25
93 56 65
69 26 82
97 4 64
83 81 51
50 57 78
34 89 93
4 58 59
16 35 43
26 92 25
60 53 90
15 3 4
63 58 93
82 87 37
33 38 28
57 50 38
12 95 26
35 86 72
61 5 82
78 69 28
51 25 3
90 52 26
28 28 28
68 71 68
69 57 36
41 25 66
70 80 56
5 37 52
55 64 57
22 47 2
40 0 54
48 42 70
4 1 64
12 33 72
35 2 72
31 0 77
58 86 51
51 79 25
50 12 10
30 21 32
3 20 14
38 78 17
40 1 81
98 90 89
42 58 19
51 29 11
98 60 11
8 53 19
53 16 88
67 80 53
87 1 84
21 74 64
83 97 61
54 8 65
42 81 26
37 32 63
36 7 20
85 19 5
97 52 51
29 70 20
63 30 47
80 12 29
72 67 28
55 7 94
69 50 33
78 64 49
16 41 45
47 39 12
74 62 1
37 84 39
92 21 98
12 90 12
37 93 69
84 0 41
60 9 73
53 95 9
71 51 47
1 20 67
22 64 15
34 11 64
29 68 68
71 67 5
19 42 14
8 64 16
57 20 43
99 93 38
90 49 60
96 89 59
0 19 71
11 2 14
80 59 42
88 80 6
90 47 2
10 33 81
28 7 8
34 29 63
82 47 32
47 11 11
59 63 4
33 99 29
48 33 23
23 50 94
38 17 42
22 2 67
15 23 48
87 82 41
59 31 62
9 77 15
99 36 45
2 97 30
97 87 76
98 60 91
11 79 8
88 9 73
90 77 79
10 62 15
74 85 30
53 18 34
96 6 1
19 85 15
87 36 35
84 91 76
2 15 21
82 80 27
19 26 16
30 50 79
30 63 19
23 45 74
40 60 51
18 1 61
31 29 29
39 50 20
15 91 65
9 42 87
30 52 49
28 34 33
55 1 59
50 91 89
41 12 30
49 41 94
70 0 30
21 13 16
42 8 33
82 91 88
90 23 54
41 91 6
47 6 24
81 85 32
5 36 47
26 46 71
91 37 42
52 68 91
50 45 7
23 24 15
93 69 15
54 92 32
80 51 72
69 38 33
60 17 7
78 73 27
39 52 28
51 23 11
54 62 21
9 39 47
16 29 86
82 63 44
85 59 80
53 74 53
36 38 29
96 81 2
66 35 6
68 21 51
17 4 57
38 89 13
46 54 3
61 49 0
80 91 20
37 56 34
64 42 88
20 55 99
78 77 58
1 94 7
75 20 29
12 74 97
28 74 16
1 59 2
84 81 77
79 23 49
95 38 93
44 61 23
11 5 18
23 86 62
31 94 17
80 35 41
63 58 48
63 30 0
11 15 37
88 5 76
89 8 65
15 13 49
42 9 54
41 72 65
65 99 30
65 94 41
50 90 12
34 20 43
74 50 43
69 12 79
51 2 22
45 52 3
65 54 38
46 7 31
87 95 21
66 22 83
64 76 24
80 46 26
82 39 97
91 6 44
86 46 40
83 68 79
96 25 4
8 48 87
31 9 75
57 75 72
73 65 79
19 89 29
46 17 30
29 65 47
9 14 85
81 65 9
97 40 66
30 19 6
18 69 1
94 31 24
71 80 78
28 9 94
90 21 35
49 94 38
3 62 90
89 60 39
43 87 45
79 26 10
78 78 68
64 8 11
45 7 74
24 89 35
95 90 28
27 60 27
27 76 66
66 54 30
59 7 46
9 57 54
74 67 50
30 81 17
58 25 95
65 9 39
46 83 90
60 7 51
30 61 15
79 99 51
17 10 28
57 1 40
3 95 30
81 88 18
89 2 5
91 86 65
45 68 33
1 65 87
65 35 51
98 4 10
10 35 47
61 42 41
95 34 92
18 73 18
56 7 6
19 60 50
96 47 47
6 18 72
69 19 51
99 16 80
57 85 54
3 69 29
62 32 78
2 8 19
19 79 59
20 11 92
66 95 5
53 62 88
69 65 25
82 0 85
10 67 56
82 14 28
95 58 90
67 27 70
58 17 32
67 34 76
6 40 93
87 32 21
60 39 94
1 29 84
39 15 64
6 34 24
76 26 97
92 85 8
30 4 2
41 82 26
53 54 2
23 56 69
44 31 51
65 89 45
84 53 74
75 85 64
90 18 41
62 53 12
20 0 63
43 7 68
42 5 95
52 29 90
7 68 55
6 46 63
87 65 17
28 56 52
79 6 12
30 30 87
24 96 36
54 40 94
91 61 2
73 34 58
56 55 34
39 41 74
61 93 58
82 88 87
60 69 81
58 27 72
48 77 30
1 49 21
21 98 96
63 38 33
47 61 23
64 8 58
31 54 29
9 79 93
3 94 39
22 11 13
13 87 40
57 70 45
48 37 82
15 19 24
60 56 97
27 96 53
47 17 18
61 9 29
78 70 73
64 58 72
58 74 97
32 43 14
84 83 98
36 3 83
90 36 65
93 0 85
52 26 94
0 27 41
46 88 29
50 71 65
40 58 89
37 52 49
87 23 43
49 98 43
15 74 62
84 77 57
12 76 71
39 93 52
35 56 12
17 0 64
16 1 45
19 74 50
35 80 16
23 75 41
88 34 93
50 98 42
62 50 29
6 78 98
82 54 44
44 74 59
83 70 90
63 38 10
66 88 1
7 87 81
42 69 80
51 93 98
10 95 70
67 66 23
66 57 11
63 15 0
5 62 22
76 56 87
52 64 76
17 49 32
13 39 16
33 50 28
68 94 0
54 0 39
17 83 78
73 88 51
72 90 18
69 78 52
52 82 71
94 6 89
22 1 37
34 30 80
23 79 45
3 59 19
19 24 34
79 57 15
16 70 46
54 24 35
71 94 4
66 1 1
89 49 95
85 38 36
17 46 58
66 75 81
80 9 73
46 18 11
34 70 33
34 94 42
87 50 9
67 89 45
35 1 2
40 75 0
7 89 7
9 26 4
61 61 9
57 15 8
79 70 31
64 50 4
87 72 65
37 9 43
27 56 19
15 19 77
42 59 25
50 92 1
62 63 61
85 76 98
77 53 77
82 70 4
60 87 69
65 13 45
87 27 12
0 52 38
92 82 81
91 17 44
4 94 68
82 23 71
55 99 17
77 85 5
75 82 30
89 50 60
46 57 50
58 0 3
15 90 48
30 41 39
98 85 9
62 54 13
13 2 30
15 10 56
85 79 75
20 19 37
4 99 62
5 6 74
94 0 49
19 25 77
41 37 53
98 8 76
75 8 0
31 99 2
51 79 14
81 86 26
84 10 5
93 71 97
25 24 58
6 54 36
3 9 5
62 97 75
1 29 97
94 17 38
24 53 23
74 82 4
59 77 17
95 69 42
93 20 63
31 60 45
74 18 41
13 82 2
39 44 12
76 77 17
95 20 30
72 92 41
4 0 87
80 3 57
4 34 53
51 10 32
53 2 32
67 53 50
31 61 30
64 28 0
9 14 18
36 5 98
30 9 43
19 62 56
42 77 34
31 92 43
33 96 1
34 75 17
32 57 1
99 20 11
40 90 0
5 54 51
46 63 30
7 10 21
47 77 61
28 80 36
47 10 31
17 75 46
22 68 17
97 2 59
0 10 36
60 29 41
60 91 81
38 92 11
55 65 67
39 53 40
42 61 19
35 18 72
98 7 17
19 53 23
58 7 32
85 92 54
92 80 40
87 31 56
76 77 19
93 11 46
85 68 61
87 84 40
41 57 85
97 87 97
69 90 25
76 3 20
33 69 20
75 43 28
18 39 20
50 23 23
52 49 2
27 93 82
29 42 9
44 63 95
66 60 58
14 22 47
91 59 4
9 14 22
37 47 85
59 44 77
5 72 39
77 35 91
76 43 27
1 14 37
5 43 1
88 38 60
63 47 32
7 96 18
52 92 99
23 74 69
23 58 62
71 16 97
27 95 51
3 94 96
40 18 88
61 1 79
21 26 87
13 45 5
86 1 54
61 28 44
22 30 94
99 48 0
13 26 51
90 74 22
97 25 19
69 93 38
32 39 21
95 42 37
55 25 39
97 3 8
55 44 14
45 99 12
14 79 22
39 15 37
84 21 88
51 93 81
43 56 47
64 36 6
39 95 27
67 94 42
90 55 20
3 2 80
31 68 14
1 19 23
90 86 8
68 68 88
44 53 98
18 51 47
65 35 73
44 84 93
18 54 84
70 1 17
77 33 24
91 2 10
62 28 59
20 43 98
49 24 33
45 30 31
2 66 95
83 0 68
69 12 64
70 83 44
34 91 24
16 84 33
97 36 90
28 20 67
81 14 31
44 44 20
33 47 7
76 54 10
18 89 66
94 16 64
2 77 12
89 56 36
77 32 81
34 68 48
23 24 5
42 6 83
