12 20 30
89 20 43
63 90 88
50 15 0
89 20 67
69 15 33
97 79 17
97 35 32
45 1 9
90 50 67
38 79 91
15 25 86
40 90 88
90 50 43
45 48 88
37 9 22
39 78 23
53 70 89
97 68 32
39 55 41
80 84 22
89 50 67
23 99 12
35 24 69
59 35 73
38 77 17
96 62 1
50 29 47
80 70 22
8 48 88
8 90 87
74 99 79
45 48 33
57 84 60
80 25 73
59 58 19
90 25 60
89 53 47
8 68 48
60 3 37
57 50 62
37 84 73
27 95 51
77 77 32
12 20 5
12 56 69
37 43 89
59 35 95
8 48 87
23 11 12
36 20 30
27 78 51
39 45 79
20 78 37
45 34 33
93 90 88
98 45 78
74 58 12
80 25 89
40 68 87
36 24 12
8 90 88
20 15 5
38 77 95
93 1 33
90 53 62
96 99 19
27 78 5
42 50 19
96 47 19
37 25 86
28 25 67
21 15 36
7 20 43
46 15 0
39 7 41
69 57 88
35 24 12
59 79 73
11 15 18
24 7 79
28 8 33
60 95 24
12 24 12
63 57 88
37 84 43
36 56 66
23 62 79
42 3 24
28 58 53
93 48 87
15 43 73
80 9 22
23 24 30
12 57 30
59 6 12
40 48 33
96 58 1
35 57 5
21 57 88
89 20 60
78 84 73
90 77 79
38 79 73
40 1 33
65 35 95
28 84 43
42 19 37
90 84 47
53 43 86
96 6 79
15 84 43
36 57 69
35 20 12
9 8 53
74 6 79
89 25 60
28 8 14
9 58 19
89 25 47
80 70 89
40 1 48
87 58 33
15 25 89
8 1 48
7 84 43
46 15 47
28 50 53
42 55 14
50 98 36
69 29 33
98 57 12
45 8 15
27 78 18
20 95 18
12 11 5
60 78 37
45 1 48
63 68 48
74 62 79
57 20 43
38 35 95
46 57 33
24 55 41
59 99 12
45 90 9
37 70 89
46 57 36
69 57 0
90 25 43
7 53 43
74 6 19
87 34 19
60 78 18
28 34 15
77 35 73
39 47 12
28 20 62
65 77 73
23 20 5
11 95 5
24 55 86
77 55 91
39 6 19
60 15 24
90 78 86
11 19 37
35 11 5
59 99 30
20 3 51
96 99 12
98 56 12
45 55 53
65 55 91
69 29 88
42 58 19
9 55 53
98 78 86
98 7 78
97 79 91
37 25 43
23 47 19
77 68 17
59 68 32
38 79 17
60 3 51
42 78 18
36 57 5
89 20 47
44 4 32
23 11 30
9 34 53
57 50 60
21 57 36
23 58 30
63 15 33
39 58 19
89 50 47
90 84 43
36 11 30
28 8 19
90 50 62
23 24 66
38 35 32
50 29 36
36 20 5
59 6 30
40 90 9
24 78 86
96 6 1
27 19 51
78 9 73
63 90 48
50 98 0
24 45 41
54 78 79
59 6 79
21 38 0
65 79 17
39 6 30
9 55 14
65 79 32
36 56 69
12 24 66
59 55 32
36 24 5
23 20 69
74 99 30
45 55 14
36 57 30
89 84 47
11 3 51
38 77 32
90 50 47
63 38 33
36 24 69
9 50 14
35 11 12
45 34 14
7 84 67
98 57 30
24 77 86
63 98 0
60 19 37
45 58 88
77 35 17
15 70 89
59 79 32
98 55 41
40 48 48
39 45 86
57 25 60
98 55 78
59 79 17
93 68 9
59 77 95
80 9 89
98 45 23
45 48 9
77 77 95
21 57 33
89 53 67
93 1 88
39 7 79
23 24 12
80 70 43
50 38 36
80 43 43
63 15 88
8 48 33
8 90 33
65 55 95
45 58 53
23 47 30
93 90 33
93 58 48
8 58 33
35 57 12
7 20 47
80 9 86
39 47 79
21 98 88
90 77 23
28 50 62
50 38 47
87 8 19
80 84 73
78 43 86
53 9 89
63 58 33
27 15 18
98 20 69
23 11 66
12 57 12
20 3 18
9 50 33
97 55 17
45 90 33
87 55 53
28 53 62
97 79 73
39 78 79
65 68 17
7 53 47
39 58 12
90 20 67
78 25 22
12 24 30
98 24 66
59 58 12
35 24 30
15 70 22
21 57 47
35 57 69
36 56 5
36 57 12
54 45 78
12 57 66
23 57 5
7 25 62
60 95 51
11 19 51
80 43 73
93 48 48
89 25 67
42 19 24
78 9 22
7 84 47
59 77 17
90 50 60
42 3 18
11 78 18
38 68 95
42 55 33
20 3 24
53 84 43
45 48 48
27 19 18
98 24 30
77 35 91
80 84 86
23 62 12
42 15 37
28 53 43
77 79 73
46 29 0
90 45 78
11 15 37
24 77 79
84 8 90
36 57 66
54 45 23
45 34 19
97 79 32
78 43 43
12 56 66
42 19 5
98 20 12
63 90 33
45 8 14
69 57 36
57 84 67
35 20 66
74 6 1
78 70 43
37 9 89
40 1 87
87 34 33
98 45 41
42 15 5
63 38 47
89 50 60
28 55 33
63 38 88
77 55 73
15 43 86
90 20 62
78 1 54
21 38 88
57 84 62
20 95 37
23 62 19
59 62 19
77 35 32
96 99 1
28 58 15
35 20 30
65 55 32
50 15 33
50 57 47
42 95 51
59 47 12
93 1 48
9 55 33
42 19 18
39 62 30
9 55 19
69 98 47
57 20 60
37 9 73
57 25 67
90 84 62
15 9 73
90 53 60
59 6 19
28 8 53
59 58 1
45 1 87
60 15 18
53 9 22
23 6 19
12 20 12
37 43 73
42 78 51
59 99 79
53 84 73
28 55 19
89 25 62
11 19 24
57 25 43
54 7 79
89 53 60
27 15 24
74 47 30
87 55 14
63 98 47
93 1 87
93 54 74
96 47 1
78 25 73
12 57 69
75 62 95
28 84 67
87 55 33
46 15 88
39 77 23
63 48 9
20 95 24
60 78 51
42 34 15
74 62 12
53 84 86
60 19 51
21 15 33
60 95 5
59 62 79
36 56 30
95 58 78
39 55 23
20 78 18
63 68 88
37 70 22
74 62 19
65 79 73
89 84 67
21 57 0
65 68 32
90 53 47
74 47 12
65 35 32
24 55 23
74 99 1
25 21 52
96 6 12
69 29 0
8 58 9
54 55 78
63 58 48
23 20 66
77 79 17
23 57 12
74 58 1
59 62 1
39 58 1
90 25 47
46 29 36
27 3 51
27 3 24
12 7 33
59 99 19
63 98 36
45 1 33
39 99 12
57 53 60
20 15 24
21 15 0
9 58 14
27 95 24
7 25 60
23 99 19
59 99 1
28 86 79
15 82 93
12 56 30
96 62 12
42 58 15
51 67 76
42 15 51
57 20 62
97 55 73
15 9 22
23 24 5
36 20 12
36 11 12
42 95 37
40 48 88
63 29 0
36 20 66
93 68 88
80 25 22
46 15 36
90 7 79
12 24 69
93 48 9
45 55 15
69 15 47
90 78 23
23 99 79
54 45 79
15 9 89
21 29 0
87 8 33
77 55 32
96 58 79
38 35 17
98 77 78
53 9 73
97 77 95
9 55 15
24 7 41
8 1 87
80 9 43
24 7 23
12 11 12
27 3 37
88 33 91
54 78 41
23 56 69
71 14 82
97 55 91
63 48 87
37 9 86
8 58 87
45 59 57
11 3 5
63 1 33
40 58 87
46 98 47
52 63 87
96 58 30
93 52 71
23 58 1
11 78 24
89 53 62
20 95 51
42 8 14
59 35 17
93 68 48
59 68 91
39 77 41
28 34 14
21 26 71
63 68 87
23 6 12
59 6 1
90 7 78
54 77 79
24 55 79
90 7 41
60 19 5
93 43 84
98 89 35
42 8 53
20 3 5
15 9 43
27 19 5
96 58 19
60 3 5
8 68 87
15 84 22
40 90 33
38 55 95
69 29 36
93 1 9
50 57 0
74 62 30
6 76 28
63 29 88
80 25 43
45 50 14
60 15 51
5 61 18
15 70 86
88 73 33
97 35 73
63 29 36
93 58 9
90 78 78
40 80 56
23 6 30
90 53 43
39 47 19
35 56 30
90 55 78
53 70 22
42 58 33
96 99 30
54 77 78
23 62 30
7 53 67
46 29 33
9 8 15
45 90 48
97 55 32
46 29 47
90 77 78
87 50 14
97 68 91
97 77 17
28 25 62
12 15 82
24 78 79
89 84 43
23 6 1
3 73 84
90 20 43
37 9 43
37 84 22
9 58 33
45 50 19
15 84 86
8 1 33
24 78 23
40 1 9
27 95 18
15 70 73
60 95 37
39 6 12
35 56 66
49 79 55
27 19 24
92 17 81
46 78 74
35 20 5
14 81 49
3 64 65
63 90 9
59 35 91
18 58 94
77 55 17
28 50 67
90 25 62
15 25 43
54 7 78
27 95 37
21 98 36
27 37 5
54 45 41
15 70 43
50 98 88
45 58 48
83 32 36
65 55 17
93 68 33
42 58 14
7 20 60
28 58 14
59 55 91
28 20 67
93 58 88
96 47 30
37 25 89
28 55 14
11 15 5
46 35 48
57 20 67
15 43 22
45 8 19
9 8 33
63 48 88
54 78 86
69 15 36
46 57 47
23 70 93
28 34 19
74 47 19
3 82 17
27 15 5
97 49 30
63 1 9
39 78 86
98 24 5
91 87 39
18 60 15
90 45 23
35 49 3
13 56 19
78 70 86
40 58 33
59 77 73
36 56 12
97 94 31
93 58 33
90 96 57
94 52 62
20 78 51
60 3 24
11 3 24
23 67 67
53 70 43
50 83 14
54 55 86
59 58 79
98 56 66
31 55 77
35 24 66
71 19 36
21 79 48
69 98 33
19 72 93
85 96 34
38 80 63
7 84 62
5 11 94
98 11 66
63 29 33
69 99 7
39 34 95
39 7 87
39 83 9
35 48 4
53 70 86
27 78 37
62 34 17
32 26 50
28 50 33
39 77 78
98 78 23
9 58 53
12 3 43
55 37 27
63 48 48
7 25 43
71 94 5
19 24 27
28 58 33
46 15 33
19 25 63
11 95 24
37 43 43
97 35 91
78 84 22
38 55 32
69 32 21
26 5 11
8 1 9
19 9 2
85 66 91
15 84 89
78 9 43
28 20 60
45 34 53
37 84 89
46 98 33
20 15 37
42 95 24
62 70 87
53 64 99
95 97 16
98 77 86
90 45 86
70 35 50
39 82 13
7 50 43
23 57 69
45 90 87
46 98 36
71 84 53
32 95 86
50 84 76
20 38 26
50 47 48
12 20 66
69 98 36
94 1 92
33 22 60
34 62 95
69 24 88
87 50 33
23 47 79
14 69 71
99 3 15
49 37 56
93 48 33
45 90 88
63 57 0
12 66 49
81 65 88
5 29 63
76 11 67
34 98 55
7 50 62
98 78 41
53 5 16
53 25 24
9 68 68
28 84 60
63 29 47
97 77 73
63 15 0
11 78 37
19 76 28
78 70 89
45 50 53
97 97 39
54 10 29
99 83 18
15 38 47
26 91 43
96 47 79
63 58 9
5 12 73
23 58 19
24 7 78
87 34 53
26 2 74
97 68 95
17 54 33
68 32 82
11 3 18
24 78 41
73 82 35
86 53 34
26 4 23
89 20 89
96 6 30
49 44 55
13 22 88
23 24 69
90 89 80
73 36 62
39 47 30
7 62 31
57 84 43
61 26 56
9 34 15
64 93 50
45 58 9
76 46 52
39 99 30
57 12 42
27 78 24
87 8 53
35 16 49
69 98 55
54 43 92
20 29 49
90 44 61
76 39 26
41 14 10
60 39 73
28 25 43
56 40 82
98 19 23
80 70 86
54 33 19
46 78 87
12 37 13
39 47 1
78 84 43
17 62 98
50 64 56
34 38 42
98 35 93
69 15 88
84 1 41
53 9 43
3 86 6
88 37 94
91 49 75
52 59 17
45 2 4
98 7 41
90 49 98
39 99 1
50 89 42
14 17 90
50 29 88
80 25 86
28 99 33
38 68 32
97 77 91
11 28 57
15 72 6
90 14 10
90 25 67
9 50 19
23 56 5
77 79 91
33 14 39
99 91 41
42 95 5
20 15 18
40 47 39
78 84 89
72 84 74
23 56 64
63 58 88
57 84 47
78 84 86
7 52 70
15 25 73
0 5 63
14 70 38
63 68 33
40 68 48
42 19 51
50 67 72
38 19 5
90 78 79
96 61 76
17 53 17
39 55 78
16 52 7
86 41 48
21 29 47
69 38 33
38 98 20
69 6 5
98 1 83
42 15 18
32 69 32
23 56 30
16 12 82
65 35 73
65 38 96
97 22 4
34 65 39
36 24 30
73 10 33
87 50 53
87 34 14
46 38 33
83 81 3
68 39 7
50 60 47
79 54 52
57 17 53
50 95 84
36 42 74
27 5 64
38 82 30
94 91 43
53 76 78
65 77 91
2 73 91
7 50 60
77 79 95
15 22 79
59 55 73
23 11 70
54 55 23
37 84 86
35 44 13
55 51 35
21 15 88
11 33 24
1 17 58
58 99 26
19 54 38
47 24 71
92 14 68
77 75 97
67 42 9
32 75 24
44 50 31
18 49 65
62 68 12
42 27 92
13 98 62
2 40 89
58 60 31
18 47 71
95 11 48
4 13 30
45 8 53
79 85 12
45 58 15
49 84 88
15 85 59
21 33 28
2 69 13
13 36 46
38 85 4
50 80 88
87 34 70
23 54 49
6 54 78
58 15 38
60 23 8
