63 58 33
90 45 86
7 25 47
28 84 43
38 77 32
98 45 23
89 84 62
42 50 53
80 70 89
97 68 91
36 56 69
24 45 23
50 38 0
21 98 0
23 56 12
8 1 48
15 25 22
57 25 62
28 20 60
80 84 89
23 99 30
96 99 30
45 55 14
96 6 19
59 58 79
65 79 17
93 58 88
46 38 47
11 95 37
37 84 86
80 9 73
78 43 89
63 90 87
39 55 79
97 35 73
35 20 69
39 55 78
15 43 89
60 95 18
54 55 79
89 20 47
7 50 67
45 55 15
36 11 69
45 68 48
96 58 19
40 58 88
39 6 79
40 68 9
28 53 60
12 11 69
90 25 47
11 95 5
93 48 87
60 19 51
40 1 88
59 47 30
46 98 36
24 78 78
78 84 73
57 25 60
90 78 86
37 25 73
15 43 22
28 50 60
69 57 88
90 25 62
38 55 91
98 11 12
46 29 88
90 53 47
21 57 47
8 1 88
40 58 87
74 99 79
57 50 60
8 1 9
98 24 69
98 57 12
69 15 0
89 84 43
38 68 32
12 56 5
15 43 86
28 25 47
39 7 86
63 48 33
63 68 87
89 53 43
90 53 60
45 48 33
59 35 17
96 99 19
40 68 87
96 62 12
59 68 32
63 15 0
50 98 36
24 45 78
59 99 12
77 79 91
38 68 17
23 6 30
54 78 41
80 70 22
23 57 69
40 68 33
42 8 14
60 78 51
46 57 47
11 95 51
42 78 24
7 50 47
50 98 47
36 56 30
87 55 33
20 78 37
65 77 91
38 79 17
9 34 19
78 43 73
11 78 24
28 20 62
39 77 23
74 58 79
65 68 95
59 55 73
98 11 30
35 11 12
28 55 33
28 50 67
90 45 23
97 35 91
27 19 51
7 50 43
40 58 9
39 58 79
89 50 47
60 3 51
59 62 1
12 20 12
7 84 60
15 70 73
15 9 43
12 11 5
78 9 86
89 84 47
35 57 69
39 99 30
9 55 53
97 79 32
93 90 48
42 19 51
9 8 19
54 77 23
59 62 12
45 90 88
37 25 89
54 7 79
80 84 43
59 58 1
59 58 12
23 58 30
53 43 89
60 3 18
23 20 69
45 58 87
24 78 79
8 48 48
53 25 89
97 77 73
45 68 9
54 77 41
20 3 5
27 15 5
87 34 53
90 55 41
37 9 73
35 20 5
57 25 47
39 78 78
36 24 69
89 53 60
63 1 9
50 15 88
35 56 5
93 90 9
37 84 43
98 11 66
42 95 51
42 78 5
42 78 37
80 70 86
36 20 30
36 56 5
78 70 73
24 55 41
36 56 66
42 78 18
42 34 15
40 1 9
97 68 73
90 7 79
54 45 86
11 78 18
74 58 30
53 9 86
59 55 17
39 62 19
98 56 69
45 58 88
90 20 62
74 62 1
98 78 41
97 79 73
8 68 33
74 62 19
21 29 0
53 43 22
21 38 88
40 68 88
21 98 47
37 9 43
90 77 79
11 19 37
37 25 86
46 38 88
93 68 88
12 57 69
80 43 86
23 62 1
57 50 67
20 15 18
38 77 73
98 24 66
42 55 53
15 70 86
59 62 19
89 53 47
89 20 60
39 77 41
80 9 86
23 20 5
97 68 17
27 19 5
46 38 33
90 77 23
65 35 32
35 57 66
59 77 32
63 15 47
38 55 17
7 25 60
42 34 14
11 78 5
65 77 32
23 24 12
50 15 36
39 55 23
87 8 15
23 24 5
12 24 66
45 1 88
39 45 78
21 29 33
63 57 0
20 78 18
65 55 17
93 1 9
40 58 48
59 58 30
96 58 79
65 77 95
11 15 24
50 29 88
57 53 62
87 50 14
15 25 89
98 78 23
50 38 36
60 78 24
24 45 79
90 78 78
40 90 33
15 84 43
27 19 37
42 58 53
9 34 14
45 68 88
45 68 33
60 19 37
28 58 14
23 56 69
40 90 87
57 50 47
60 3 5
8 90 33
63 58 48
65 68 32
59 35 73
60 19 24
23 57 66
36 20 12
12 11 66
63 68 48
42 58 14
69 15 88
7 84 47
63 90 88
59 99 30
77 79 17
65 35 73
50 29 47
23 56 30
69 29 0
27 15 24
98 78 79
90 78 23
38 77 91
98 55 41
69 38 47
90 50 62
93 48 9
59 68 17
53 84 86
20 78 5
69 98 33
23 58 79
28 20 67
20 95 37
65 35 91
28 58 15
45 50 15
63 29 47
59 6 30
21 57 88
87 50 33
59 35 32
8 58 87
45 90 9
36 20 69
20 95 18
53 70 22
38 55 95
12 24 5
57 25 43
57 20 62
60 15 5
24 45 41
63 68 88
23 99 12
96 47 19
45 50 53
59 6 19
39 58 19
42 8 15
90 25 67
27 19 18
27 78 24
63 58 88
89 50 60
78 43 43
60 3 37
11 15 5
35 20 66
9 58 19
63 38 36
7 53 47
12 56 30
90 50 43
38 68 91
23 11 66
50 98 88
63 98 47
45 58 48
60 95 24
40 90 48
74 47 12
42 3 18
11 15 37
28 25 60
69 98 88
77 55 91
27 15 51
42 34 19
40 48 87
45 90 48
35 56 30
50 57 0
28 84 62
90 50 47
89 53 62
98 78 78
63 98 36
90 84 62
60 78 18
37 84 22
69 98 0
77 68 17
42 50 15
42 19 18
54 7 78
11 78 37
39 78 23
23 20 12
23 24 30
59 79 95
97 79 17
8 1 87
69 15 47
65 77 73
36 24 5
39 99 12
90 55 23
46 98 88
46 98 0
50 29 33
98 56 12
78 84 89
45 48 48
45 48 88
98 77 23
8 68 88
23 47 1
98 45 41
21 15 47
60 78 37
20 95 24
9 34 15
35 57 5
12 24 30
63 29 0
23 6 79
28 53 67
96 62 1
35 11 5
59 68 73
39 47 30
57 50 43
59 35 91
57 53 43
98 78 86
74 47 79
96 62 30
46 38 36
20 19 51
23 11 12
69 38 36
87 58 14
87 8 33
27 95 51
77 55 17
77 68 73
59 99 1
46 98 47
27 3 5
20 15 24
38 79 91
78 43 22
54 55 23
53 70 73
74 99 12
90 7 23
97 77 17
59 79 32
77 77 73
80 25 86
63 90 33
93 48 88
78 25 86
20 19 24
39 55 86
37 25 43
65 55 73
23 24 69
53 9 73
57 20 47
57 53 60
28 50 33
45 8 53
15 84 86
97 35 17
59 79 73
60 19 18
28 84 47
42 50 33
80 9 43
39 78 41
39 58 30
54 45 79
39 47 19
50 57 88
78 70 89
45 90 87
46 15 88
63 98 0
97 79 91
63 1 33
46 15 33
11 15 51
89 20 43
28 50 43
9 50 53
90 53 43
74 6 12
60 15 24
46 38 0
42 15 18
80 25 43
77 68 91
40 48 33
74 58 19
54 78 86
87 58 15
39 45 86
90 25 60
9 8 53
90 45 41
50 38 88
28 8 14
59 77 95
21 38 36
12 24 69
45 68 87
93 48 48
80 43 73
87 55 19
28 50 14
11 3 24
63 68 33
59 47 19
11 19 5
36 57 12
89 50 43
20 95 51
46 15 47
23 6 19
28 34 33
77 55 32
63 57 36
12 57 66
60 19 5
45 58 15
24 7 78
35 24 66
11 3 37
74 6 19
69 29 47
97 79 95
8 58 33
98 45 79
89 53 67
36 11 30
77 77 91
38 68 73
90 20 43
78 84 86
37 9 86
8 90 48
80 84 86
23 62 12
39 47 79
87 55 53
8 58 48
12 20 30
28 53 62
23 62 79
50 29 36
45 34 14
27 3 18
65 55 32
45 50 14
98 20 30
39 6 19
65 77 17
98 56 66
63 15 33
57 25 67
80 43 43
90 84 60
12 20 66
98 45 78
37 25 22
54 7 86
87 50 19
24 45 86
45 1 48
98 20 66
93 90 33
90 78 79
65 35 95
59 79 17
42 55 14
96 99 12
65 68 17
45 58 53
63 98 88
15 43 73
39 62 79
80 70 43
90 55 79
42 3 51
38 35 73
23 57 5
59 55 91
53 25 73
21 15 36
45 58 14
28 25 62
28 55 14
12 57 12
9 50 15
46 29 0
39 77 86
90 20 67
39 78 79
21 98 88
45 8 33
97 55 91
98 20 12
93 58 87
50 57 47
39 6 1
23 20 66
77 68 95
8 90 9
97 55 32
60 15 18
50 57 36
12 20 69
28 53 47
50 15 47
74 99 19
20 19 5
90 84 43
24 77 78
59 99 79
63 29 33
21 15 0
45 34 19
36 24 66
36 56 12
63 90 9
69 15 36
93 90 87
60 95 51
63 57 88
24 55 78
9 50 19
60 15 51
98 11 5
59 47 1
38 35 91
50 38 33
60 78 5
98 56 5
20 3 18
28 34 19
20 19 37
74 47 30
90 53 62
74 62 79
59 6 12
87 8 14
28 55 53
80 25 73
89 50 62
9 55 15
28 20 47
7 50 60
54 45 41
7 53 60
7 25 43
8 1 33
27 78 5
38 35 17
11 19 18
98 24 30
59 47 79
46 29 33
59 58 19
42 19 24
45 8 19
40 90 9
53 84 43
93 1 33
74 99 1
89 84 60
21 57 0
54 7 23
69 29 88
53 84 89
24 55 86
53 70 86
98 24 5
7 20 47
23 62 30
97 77 95
90 7 86
42 95 37
89 25 43
42 55 33
21 38 33
80 70 73
39 6 12
93 68 87
28 20 43
78 25 73
42 34 53
77 77 17
23 47 12
42 19 37
59 55 32
23 62 19
59 77 91
87 50 53
7 20 67
69 15 33
98 77 41
40 48 48
65 79 91
7 25 67
63 57 47
39 45 23
8 58 88
96 47 1
24 78 86
50 38 47
80 43 89
9 55 33
74 62 12
39 58 1
23 6 12
77 79 95
53 9 22
54 45 78
9 50 33
90 20 47
50 29 0
90 7 78
20 78 24
96 47 12
98 7 78
11 95 18
46 15 0
45 58 9
42 55 19
27 15 37
42 55 15
77 77 95
90 55 86
59 79 91
74 6 79
63 1 48
69 98 36
38 68 95
90 77 78
39 99 19
87 55 14
74 6 30
74 47 1
80 43 22
87 58 33
15 25 86
45 50 19
50 15 0
45 34 53
27 3 37
96 62 79
35 11 69
46 29 36
36 24 12
42 58 33
7 20 43
96 6 79
39 78 86
35 24 5
93 58 9
90 7 41
27 78 18
28 50 62
37 43 86
54 77 79
45 34 15
36 57 30
93 68 33
87 34 15
8 90 87
39 99 1
28 25 43
90 84 67
80 84 73
37 43 73
40 1 33
93 48 33
24 7 23
42 58 15
77 79 32
12 56 69
37 43 43
98 7 41
89 20 62
23 47 19
53 9 43
7 20 62
37 84 73
65 79 32
53 25 86
74 99 30
87 8 53
54 77 78
28 84 67
20 15 51
20 19 18
11 3 5
24 78 41
77 55 73
40 58 33
37 84 89
35 57 30
42 8 19
28 58 53
98 55 23
23 56 66
7 25 62
97 55 17
78 25 43
98 57 66
93 68 9
36 11 66
23 58 1
77 79 73
98 57 69
89 84 67
24 77 41
45 55 53
11 3 18
42 58 19
93 1 88
50 15 33
21 29 36
69 57 36
54 7 41
59 62 79
12 24 12
98 7 79
23 11 30
96 58 12
39 77 79
77 35 32
20 3 51
36 20 66
45 55 33
87 58 53
63 38 0
77 35 73
35 11 66
36 24 30
69 38 0
39 6 30
98 20 69
53 43 43
54 78 79
54 55 86
46 98 33
8 48 33
28 50 53
98 24 12
37 9 22
59 6 79
15 70 89
77 35 91
24 77 86
21 57 33
98 55 86
23 56 5
28 55 19
65 55 95
24 78 23
57 53 67
9 34 33
35 56 69
46 29 47
59 62 30
63 90 48
63 98 33
59 77 73
7 84 62
63 15 88
59 68 95
90 25 43
23 58 19
50 98 33
39 7 23
80 9 89
27 78 51
39 7 79
42 95 18
15 70 22
11 95 24
96 6 1
89 20 67
63 15 36
46 57 0
37 70 89
38 77 95
23 47 79
11 3 51
42 3 24
93 1 48
42 3 37
9 55 14
27 95 37
21 15 88
37 70 22
15 43 43
77 55 95
35 56 12
45 55 19
27 95 18
35 20 12
63 58 87
63 57 33
37 43 22
15 25 43
87 50 15
97 68 32
74 62 30
69 98 47
40 48 88
96 58 30
93 68 48
63 48 48
9 8 14
87 55 15
23 11 5
39 62 30
45 48 87
59 35 95
39 45 79
37 70 43
90 78 41
11 19 51
87 34 33
63 48 87
42 8 33
15 9 22
97 55 73
15 25 73
7 53 67
78 25 89
69 57 33
24 77 23
7 20 60
39 47 1
59 6 1
36 20 5
59 68 91
45 58 19
78 9 73
40 1 48
27 19 24
78 70 86
12 57 5
74 6 1
42 95 24
7 84 43
96 47 79
20 78 51
24 7 41
39 47 12
60 3 24
53 84 22
98 77 78
12 57 30
50 57 33
9 34 53
42 15 24
7 53 43
24 7 86
20 3 24
36 57 69
39 45 41
15 9 73
54 45 23
87 34 14
8 58 9
9 58 14
74 58 1
39 62 1
63 58 9
53 70 43
60 15 37
97 35 95
9 58 53
57 20 43
28 34 53
54 55 41
98 77 86
28 50 15
