78 43 22
28 50 62
37 84 86
9 50 14
15 70 22
57 50 67
28 84 60
78 9 22
7 84 60
35 11 30
89 25 47
98 7 78
53 25 43
63 48 48
57 25 67
38 79 17
8 48 48
8 90 33
57 25 47
90 45 79
9 50 15
96 47 30
35 20 12
89 84 67
77 68 32
96 62 30
28 55 19
65 35 17
50 98 33
90 25 62
15 84 43
98 11 12
11 95 37
90 7 41
21 98 36
78 84 43
39 99 79
45 34 19
59 47 1
38 55 17
23 11 30
50 15 33
11 19 18
20 19 18
11 3 37
12 57 12
59 77 32
42 8 14
11 78 5
45 48 33
93 48 9
8 68 33
28 25 67
54 77 86
42 19 5
50 38 0
28 55 15
90 53 47
15 9 73
24 45 79
65 35 91
23 58 1
93 48 88
54 7 79
39 77 78
15 25 89
93 90 48
39 77 79
39 55 79
12 20 12
98 56 69
39 99 19
53 84 89
39 55 41
60 3 5
42 3 37
97 79 17
63 58 33
59 68 95
7 50 67
57 53 60
93 58 48
37 43 43
53 84 73
98 56 12
87 50 53
42 50 14
35 11 66
20 15 51
96 47 1
15 9 86
74 58 30
93 58 87
63 38 47
8 48 88
28 58 14
87 8 19
21 29 47
50 15 36
87 34 14
53 43 89
87 58 14
21 29 33
24 45 23
57 84 43
28 50 14
50 98 36
9 58 53
54 45 41
53 84 43
12 57 5
23 24 5
23 62 12
27 19 24
77 68 17
20 19 51
97 77 32
65 55 91
77 35 73
78 25 43
24 7 86
28 55 53
36 24 66
45 48 9
53 25 86
35 24 12
8 58 87
45 55 15
39 55 86
53 25 73
65 35 95
74 47 19
57 53 67
98 11 30
45 34 14
63 68 33
45 90 87
37 70 89
20 19 24
20 15 5
87 34 53
39 7 23
63 90 88
11 15 37
38 55 32
50 15 0
98 45 23
69 38 36
57 25 62
69 57 88
7 20 62
90 45 41
42 8 19
74 58 79
9 8 15
39 47 79
24 55 79
42 34 33
21 29 0
23 11 12
27 15 51
24 77 41
65 55 95
45 68 87
45 34 15
23 58 19
23 24 30
53 9 73
9 58 14
77 35 32
42 58 15
54 55 78
90 7 79
24 7 78
80 25 43
21 15 36
39 58 1
46 29 33
59 6 12
98 55 79
90 55 79
38 77 95
69 29 47
65 68 91
45 55 53
63 58 87
37 70 73
97 77 73
39 78 79
59 62 1
80 70 86
23 47 1
37 9 89
38 68 95
46 29 36
54 45 86
8 1 9
42 78 18
78 84 22
50 38 36
98 57 30
27 95 37
63 15 33
93 48 33
65 77 32
28 34 19
50 98 88
78 25 22
36 56 66
63 98 0
98 11 66
8 58 48
36 11 30
39 47 12
93 58 9
9 8 53
28 58 53
21 15 33
93 68 48
57 84 47
45 55 19
93 1 87
53 9 22
63 58 88
12 24 5
50 57 33
98 20 30
40 68 88
39 45 79
59 79 73
54 78 41
7 25 62
42 58 19
9 50 19
23 11 69
11 19 51
21 57 88
60 78 37
54 77 79
38 68 73
42 50 53
23 57 5
63 57 47
11 3 24
45 58 9
46 29 88
35 11 5
8 58 9
11 15 18
28 53 62
93 48 87
35 56 69
12 24 30
69 98 0
97 68 32
54 7 78
54 77 78
12 24 69
35 24 30
87 50 19
28 34 33
46 15 36
11 19 24
7 25 60
12 11 5
21 38 33
12 20 69
46 29 47
9 8 14
59 47 30
36 24 12
23 24 66
42 34 19
21 57 33
28 8 19
7 50 62
15 70 89
7 50 47
96 58 30
59 77 17
53 84 86
37 9 43
39 62 79
28 50 67
59 62 19
50 29 33
97 68 73
24 77 79
39 6 12
45 90 48
23 58 30
59 62 30
11 3 51
39 58 30
23 58 12
60 19 24
42 78 37
20 3 18
40 48 48
65 55 32
8 48 9
77 55 73
24 45 41
38 55 95
39 6 30
37 9 22
39 62 19
15 25 43
35 56 66
77 68 95
42 8 15
59 99 1
42 3 24
28 34 14
46 98 36
90 50 62
23 99 30
59 79 17
63 48 33
35 11 69
9 58 15
80 25 86
97 55 32
7 20 43
45 50 19
96 99 12
96 6 30
45 8 15
93 68 88
90 55 78
65 68 95
89 84 62
42 55 15
39 7 78
59 35 32
53 9 86
9 55 19
77 35 91
21 38 88
39 99 12
60 95 51
93 1 9
87 55 53
54 45 23
23 6 12
8 68 9
28 50 15
98 24 69
63 38 36
54 7 23
78 84 89
98 78 41
27 78 37
53 43 86
12 56 12
53 25 89
35 24 5
24 77 23
40 48 87
15 43 73
23 99 79
27 78 5
65 77 73
57 20 62
54 55 79
90 84 47
89 50 60
50 29 88
45 50 15
90 50 47
74 47 79
37 25 43
28 25 62
40 68 48
78 43 73
98 57 5
89 50 62
42 95 18
54 55 23
11 3 5
53 70 43
23 24 69
63 38 88
57 25 60
9 50 33
35 24 66
90 50 67
12 11 12
38 77 32
39 55 78
57 20 47
45 1 48
11 15 5
59 6 19
69 29 36
77 79 91
42 15 24
15 25 73
63 1 87
57 20 60
74 6 19
77 55 17
59 58 19
45 8 33
27 19 51
60 78 24
93 90 33
15 9 43
11 19 37
27 3 24
80 43 22
45 50 53
45 1 33
8 90 9
50 38 47
39 62 30
78 70 89
46 38 0
90 55 23
80 84 73
74 99 30
69 15 36
42 19 51
12 11 30
7 25 67
57 50 62
27 95 18
28 8 15
24 77 78
36 11 12
90 25 43
59 68 32
87 8 14
96 6 19
59 99 19
59 35 91
38 77 73
36 20 12
23 57 12
15 25 22
28 50 33
40 1 33
96 58 1
63 98 88
80 84 89
50 29 0
42 95 24
45 90 88
39 47 1
78 9 89
59 68 91
80 25 73
93 58 33
12 56 30
63 68 48
28 20 62
98 56 66
42 50 15
78 43 43
74 62 19
21 38 47
59 6 79
78 25 89
98 57 12
36 20 5
40 48 9
9 34 19
87 55 15
78 70 22
23 47 12
78 25 86
23 11 66
78 9 86
74 62 12
39 6 1
11 19 5
28 20 47
80 70 43
24 55 86
28 34 53
28 58 15
80 70 89
28 50 43
80 9 22
69 57 33
20 15 18
74 6 12
90 45 86
39 78 78
98 45 79
24 77 86
39 62 12
50 29 47
23 99 1
54 7 41
65 68 17
12 24 12
39 7 41
28 20 60
90 84 43
50 38 88
20 19 5
15 84 86
7 84 43
96 6 79
12 57 66
46 15 88
20 78 5
42 8 53
39 7 86
7 53 67
98 11 5
77 79 32
80 70 22
54 78 86
59 58 1
9 55 53
37 84 89
65 79 32
74 6 1
60 19 51
77 77 17
35 20 30
7 53 60
60 15 18
8 90 48
78 70 43
97 35 95
50 98 0
87 58 15
98 20 5
42 58 53
65 79 91
46 98 88
53 25 22
57 50 43
74 99 79
59 55 91
46 98 33
74 58 1
50 38 33
87 8 53
90 78 86
59 55 73
57 50 60
36 24 5
23 56 30
77 77 32
96 6 1
77 68 73
96 62 79
23 20 12
24 78 79
15 70 86
98 20 12
38 79 73
9 55 14
90 77 41
28 8 33
90 20 60
12 11 66
40 58 9
45 58 48
40 58 33
15 84 89
97 77 91
59 47 19
63 57 88
90 78 41
42 55 19
93 68 9
77 77 91
40 1 88
35 20 66
42 55 14
78 84 86
11 95 18
65 35 73
63 57 36
89 84 60
69 29 88
54 77 41
9 55 33
36 24 69
89 84 43
63 1 88
90 25 67
12 56 69
96 62 19
90 53 62
28 58 19
28 20 67
63 1 9
38 68 32
90 55 86
87 8 15
77 77 95
20 15 24
45 58 53
65 79 95
45 8 14
69 38 0
40 90 87
23 57 66
28 8 14
90 45 23
28 20 43
87 55 19
23 20 69
24 55 78
28 50 47
42 78 51
80 9 43
96 58 12
45 90 33
63 57 33
38 55 91
69 38 33
36 56 5
28 25 60
27 19 5
46 57 33
42 95 37
9 34 14
63 1 48
35 20 69
27 78 51
69 15 33
77 55 32
15 70 73
21 57 36
24 45 78
28 58 33
89 25 67
42 58 33
60 15 37
54 55 41
50 98 47
89 20 47
8 48 33
23 47 79
57 53 62
45 48 88
69 15 88
98 55 23
21 29 88
97 68 95
35 57 66
42 19 18
87 58 33
12 57 69
28 34 15
90 78 78
59 79 32
42 15 18
53 70 22
63 29 33
39 58 12
36 57 5
21 57 47
39 45 78
90 20 62
96 47 19
50 57 36
7 53 62
98 78 79
98 55 78
63 15 36
46 57 36
57 84 67
12 56 66
80 9 86
97 68 91
89 53 67
36 11 5
45 1 87
38 35 73
39 78 41
59 58 12
7 50 43
59 77 73
42 50 19
63 15 88
69 15 47
89 53 62
46 38 47
9 8 19
28 55 33
60 78 51
87 34 33
36 20 66
38 35 95
42 3 51
11 78 18
8 1 48
7 25 47
20 95 18
36 20 69
37 84 43
28 84 43
59 6 1
89 53 60
96 99 30
15 9 22
80 43 73
80 43 86
21 15 88
40 90 48
39 6 79
42 95 51
38 79 32
63 90 87
42 58 14
11 78 37
89 50 47
93 1 33
21 98 33
90 77 79
60 3 51
40 48 88
42 50 33
60 95 18
59 79 91
38 35 91
37 43 22
15 25 86
36 57 66
39 45 86
20 78 24
77 79 17
38 35 17
89 53 47
87 50 33
98 7 41
15 84 22
78 84 73
69 98 36
23 20 66
35 57 69
97 79 95
63 98 33
89 20 60
63 1 33
53 70 89
45 48 87
57 25 43
20 3 51
96 58 19
97 68 17
50 15 47
8 68 48
63 29 88
96 62 1
45 68 88
97 35 73
42 3 18
93 90 87
93 1 48
69 98 88
89 20 43
21 38 36
28 50 19
23 99 19
98 56 5
24 55 23
63 29 47
28 53 60
23 62 1
40 90 33
24 78 23
98 45 78
46 15 0
23 57 69
35 24 69
23 47 30
45 58 19
97 79 73
11 15 51
59 35 73
45 34 53
45 1 9
38 77 91
98 20 69
42 55 33
98 77 78
90 7 78
39 77 41
65 79 17
42 8 33
74 6 79
36 57 30
37 70 22
39 47 19
60 3 24
80 9 73
39 7 79
28 53 43
78 70 73
35 11 12
69 38 47
9 58 33
78 70 86
21 57 0
54 7 86
12 24 66
97 55 95
54 45 79
42 78 24
80 43 89
59 58 30
90 20 47
35 20 5
35 56 12
60 15 5
39 62 1
40 1 48
45 58 88
23 57 30
20 3 37
98 24 12
8 90 88
57 84 62
35 56 5
20 78 37
45 58 33
63 58 9
90 77 78
9 34 53
98 7 79
80 25 22
65 68 73
42 19 24
89 20 67
90 77 23
97 35 17
90 84 67
11 78 51
90 7 86
90 77 86
27 15 5
78 25 73
90 84 60
39 6 19
87 55 33
89 84 47
87 55 14
38 35 32
28 53 67
59 79 95
24 55 41
54 78 78
63 29 36
90 78 79
24 7 41
23 56 12
23 56 66
11 3 18
65 68 32
93 48 48
65 55 17
60 15 24
60 19 5
93 90 88
96 6 12
53 43 73
11 95 51
35 57 30
97 55 17
59 35 95
90 53 43
8 1 33
23 56 5
27 15 24
87 34 15
97 79 32
90 50 43
7 53 43
21 98 0
89 50 43
80 84 86
60 95 5
27 3 51
40 58 48
63 48 88
74 62 30
42 3 5
27 19 18
59 58 79
78 9 73
60 95 37
40 48 33
37 9 86
23 62 79
57 53 47
90 20 67
45 58 14
23 62 19
27 19 37
87 50 14
9 58 19
46 38 33
20 3 24
78 43 86
12 20 66
39 78 23
98 24 5
20 78 18
36 24 30
45 55 33
98 45 86
39 77 86
45 58 15
45 58 87
59 6 30
98 77 23
24 78 86
23 58 79
37 84 22
80 84 22
7 84 67
39 45 23
8 58 88
42 15 37
98 78 86
98 57 66
23 56 69
63 98 47
45 55 14
59 99 79
28 53 47
37 25 73
74 62 1
9 34 33
59 55 17
28 55 14
59 99 12
98 55 86
20 95 24
45 90 9
69 38 88
36 11 66
60 15 51
74 99 19
7 20 60
39 47 30
39 99 1
11 95 5
40 90 88
87 8 33
96 99 19
96 58 79
38 68 91
21 98 47
45 50 14
50 15 88
57 84 60
90 53 60
97 35 32
39 99 30
69 57 36
27 95 51
74 47 30
45 68 33
57 53 43
39 45 41
57 50 47
93 1 88
23 24 12
8 1 88
15 43 22
28 50 53
74 99 1
53 9 89
46 15 47
24 45 86
40 68 87
8 90 87
93 90 9
39 55 23
78 43 89
63 15 0
15 84 73
12 20 30
37 43 89
60 3 18
21 38 0
39 78 86
90 20 43
93 68 87
98 57 69
28 25 43
27 78 18
63 48 87
40 58 87
27 78 24
27 3 37
63 68 88
37 70 86
77 35 17
40 58 88
