2 14 14
31 44 33
40 90 62
59 90 4
24 21 33
25 92 69
84 29 33
92 92 28
92 37 37
6 46 21
70 1 76
95 27 45
25 14 14
11 97 82
9 13 79
95 34 18
28 34 45
62 1 32
78 21 56
32 56 46
79 54 89
93 45 18
59 92 4
18 1 72
38 42 76
36 48 22
69 21 56
4 33 26
24 3 4
29 38 98
30 62 87
16 85 89
70 26 62
7 26 70
26 91 22
53 46 28
95 27 47
4 95 95
99 68 80
22 55 65
2 76 85
25 11 17
43 1 16
2 81 71
89 66 46
14 9 33
30 73 75
43 83 10
41 63 88
41 69 86
18 6 52
15 38 64
48 87 96
36 49 13
44 58 29
93 26 53
36 27 13
59 0 26
58 2 70
92 92 69
15 69 58
63 46 24
85 93 88
80 81 86
4 58 46
69 18 90
26 46 63
81 30 91
90 21 69
55 8 10
14 66 62
4 33 63
3 41 64
9 86 24
58 57 19
40 76 39
1 76 43
40 49 24
48 65 74
0 71 57
86 14 60
66 3 68
35 63 3
40 74 87
52 38 78
58 87 36
17 38 12
96 90 98
48 17 77
86 62 52
61 97 74
95 32 45
43 44 7
48 82 99
89 17 15
77 84 78
33 60 23
26 4 43
70 68 24
98 24 90
69 82 95
24 63 90
45 24 32
5 5 67
35 89 74
43 36 86
35 47 64
97 25 13
72 69 56
60 17 98
51 90 95
61 20 67
71 41 12
4 53 61
94 58 45
28 32 19
27 93 4
63 37 22
14 20 46
80 56 84
30 72 16
93 92 99
91 18 95
10 91 15
7 20 94
25 12 24
54 68 54
3 75 70
52 52 65
22 85 54
57 27 17
2 5 54
4 30 25
89 66 95
77 16 94
13 42 44
94 41 25
57 26 31
65 68 12
42 93 10
83 22 33
42 63 96
16 78 15
91 3 81
15 57 37
42 89 45
86 37 21
52 50 23
49 81 11
64 64 37
91 99 97
70 23 0
83 20 52
67 0 33
21 65 19
35 47 90
36 7 65
43 89 79
25 59 23
7 76 87
8 86 29
64 35 8
43 62 47
92 49 12
85 38 2
8 37 82
3 54 78
98 40 84
37 71 76
83 86 95
38 63 10
5 58 26
20 82 27
88 66 70
28 39 94
95 34 3
36 79 92
0 34 20
41 69 33
24 27 66
8 5 59
14 3 44
15 82 34
55 50 49
59 33 64
98 27 93
84 33 39
99 84 62
20 40 78
55 37 88
60 40 31
20 58 97
28 32 3
67 46 82
60 32 0
45 68 46
72 83 37
1 47 89
93 96 71
90 73 63
42 72 18
93 78 99
25 59 95
42 32 7
64 96 14
8 2 80
50 1 25
80 88 78
97 76 95
43 44 88
73 88 20
57 52 9
53 37 9
79 4 47
22 15 17
31 82 66
89 39 68
20 32 77
56 81 95
48 85 30
6 0 34
47 72 17
88 3 75
40 94 54
17 89 86
63 72 35
35 89 29
67 11 42
10 79 96
68 67 63
19 22 69
63 30 32
51 64 42
70 12 60
64 71 85
53 94 40
55 88 2
61 91 68
31 26 77
51 82 94
43 60 43
29 74 6
15 21 1
17 44 72
17 51 87
63 49 27
45 93 43
50 41 90
29 56 14
23 67 12
36 15 46
58 49 41
36 18 22
58 57 67
92 47 47
72 58 29
36 74 88
74 72 47
33 66 42
29 69 48
17 38 92
37 60 57
83 56 63
30 67 76
76 24 1
44 76 1
50 43 51
20 94 49
18 91 71
75 4 65
3 98 85
16 14 17
26 53 30
94 71 59
25 65 30
88 53 56
52 40 88
93 88 6
88 5 16
6 56 99
19 50 7
1 9 64
34 97 99
64 31 26
9 3 57
67 94 94
19 16 59
17 72 72
41 31 20
81 97 99
19 19 86
8 38 27
42 66 19
80 39 31
95 27 18
53 2 96
17 94 14
56 81 75
36 25 99
93 18 28
61 95 91
46 94 96
8 98 28
69 54 95
21 52 14
89 94 14
61 45 9
18 48 71
51 87 31
36 90 64
28 42 56
5 85 84
71 31 20
59 99 91
13 28 64
27 60 31
80 77 76
2 69 34
89 94 75
68 50 27
88 37 15
30 40 39
52 76 57
31 4 62
18 30 36
23 48 50
59 88 38
96 15 4
17 30 67
57 69 92
32 50 33
30 47 57
48 52 79
0 19 38
2 42 40
79 51 40
80 77 31
63 67 29
36 32 23
75 33 67
95 4 77
72 47 92
18 90 68
28 19 71
23 41 98
87 81 18
37 55 39
74 28 89
49 75 86
14 92 59
70 92 99
18 93 85
57 59 8
17 68 93
48 99 12
52 32 60
14 77 87
20 4 69
20 36 35
84 66 77
15 18 15
37 94 6
29 36 60
22 91 72
60 40 47
91 10 20
91 48 57
67 9 16
85 11 74
38 82 32
76 7 77
1 21 12
94 18 37
16 50 49
81 77 95
88 18 52
4 54 71
72 60 38
80 78 67
22 50 94
55 50 7
95 17 6
4 56 72
38 9 59
39 3 41
30 35 29
53 82 25
26 34 41
11 89 67
79 5 10
15 89 18
63 29 80
71 74 1
12 0 98
61 91 5
21 5 52
5 4 78
50 83 40
42 99 8
38 92 48
51 21 2
72 6 82
99 58 91
93 30 60
93 92 93
90 58 93
42 90 86
95 21 97
90 97 86
62 38 42
29 3 80
81 3 55
66 43 16
64 92 1
46 55 11
90 39 6
53 60 60
35 44 65
22 70 47
89 12 80
36 47 49
59 94 78
51 6 74
65 94 61
78 19 37
6 66 80
27 0 16
83 80 51
7 56 77
81 98 31
99 25 56
86 84 58
84 42 47
65 49 92
12 24 72
77 66 67
92 73 82
69 55 70
99 66 16
85 52 30
20 46 53
31 64 57
80 27 5
31 76 97
94 91 9
54 78 71
29 71 46
56 95 25
38 27 64
88 49 51
67 5 20
93 51 72
88 86 10
43 60 77
37 45 51
37 87 34
43 28 79
6 19 13
25 74 30
12 22 56
92 44 61
9 20 19
99 34 55
73 53 3
44 43 61
21 43 48
14 55 94
17 72 83
56 52 64
41 27 95
78 22 4
94 80 35
86 38 60
77 15 2
47 51 31
67 10 13
91 58 6
10 33 88
99 53 12
49 11 46
97 40 59
65 81 52
57 83 73
13 47 38
98 65 47
57 16 79
15 38 12
76 37 20
76 89 75
82 93 88
71 82 17
23 57 17
6 29 51
21 95 16
27 30 56
17 0 98
23 4 97
80 26 9
74 58 92
7 63 84
83 7 28
57 91 16
81 32 28
62 39 61
24 64 16
1 10 83
36 33 89
8 35 79
14 27 57
7 64 12
10 99 72
16 92 7
81 46 60
6 39 67
75 32 78
90 69 38
24 97 53
54 70 72
96 13 35
75 32 99
89 28 38
78 63 39
50 33 96
53 19 16
8 4 26
74 18 43
55 27 45
62 38 93
65 24 46
62 17 96
97 21 13
85 82 79
50 14 59
73 62 39
11 83 47
14 91 17
42 27 39
51 39 16
26 80 60
71 65 87
18 62 47
44 0 64
20 61 3
21 74 10
85 26 35
34 95 28
49 35 97
45 1 15
4 22 60
51 91 6
96 18 11
90 46 66
30 13 17
24 3 24
99 34 7
56 18 44
56 97 77
62 3 63
33 55 65
80 26 62
97 60 99
66 12 1
67 47 23
68 78 94
1 47 95
5 61 2
96 59 14
92 37 10
31 87 47
77 99 96
99 44 79
47 8 46
59 83 46
19 3 11
80 97 98
33 99 41
4 65 77
83 63 19
34 65 24
22 89 73
77 54 38
41 26 54
30 53 25
29 80 40
19 12 77
89 43 34
77 21 53
46 21 64
85 88 36
22 59 19
4 68 39
69 53 87
34 12 4
28 71 67
18 10 64
17 70 29
83 18 61
5 75 45
24 35 97
30 8 31
10 55 8
88 24 30
22 57 83
38 32 10
59 36 85
63 1 95
77 80 67
68 97 74
21 73 63
70 82 72
43 96 0
15 6 97
68 89 96
91 62 7
25 39 6
64 80 29
79 37 93
63 46 33
83 23 49
61 5 35
3 43 35
48 24 61
35 62 87
74 6 48
25 80 32
95 58 67
20 15 50
29 78 9
2 79 7
26 60 4
60 76 20
16 22 24
90 84 14
38 31 65
45 24 29
42 47 87
69 80 60
81 23 12
82 53 77
88 48 47
13 91 31
30 45 64
39 59 20
27 59 91
65 69 56
92 6 22
39 89 20
19 77 19
58 49 53
51 75 43
53 20 45
24 74 26
97 94 45
28 34 11
97 12 13
95 48 24
51 79 27
42 51 2
40 66 72
41 91 16
45 74 70
52 49 7
45 17 62
6 38 15
68 35 25
34 64 77
54 29 74
31 17 98
7 3 3
43 59 51
24 43 27
18 5 30
3 47 35
72 42 48
24 57 6
47 69 54
3 44 77
23 31 21
20 31 87
72 38 9
54 56 55
3 93 19
10 56 63
79 30 99
41 1 81
65 75 84
74 73 32
47 27 31
48 91 52
31 97 87
86 66 15
43 7 38
59 54 54
82 71 13
45 53 95
25 12 68
83 29 34
80 42 75
72 82 12
97 4 52
91 31 62
10 25 92
69 16 35
48 14 83
37 8 32
26 2 9
28 83 70
93 54 83
6 58 9
72 70 52
38 54 5
29 62 17
66 35 58
77 36 31
35 83 33
93 81 86
26 91 81
57 86 32
8 14 72
0 8 48
62 75 8
46 32 15
41 13 71
69 42 50
0 65 60
49 32 15
74 19 83
56 64 33
91 88 16
36 13 93
59 30 90
94 39 55
6 55 3
81 17 50
76 44 95
28 32 14
97 13 8
41 83 65
41 7 93
47 94 10
82 6 27
72 61 16
8 30 56
28 31 30
86 26 6
1 35 6
28 39 17
9 21 15
51 40 44
17 73 92
55 87 90
25 51 52
28 92 46
22 9 57
12 29 91
8 26 59
67 31 45
73 44 3
46 47 16
16 10 48
72 50 87
8 63 75
93 3 31
12 94 60
80 26 79
18 59 80
54 70 53
37 94 84
43 72 72
65 76 93
22 2 17
8 25 80
70 77 29
87 89 49
0 26 58
31 43 37
1 7 33
89 69 74
25 92 33
51 87 77
20 25 54
88 54 64
80 76 70
95 95 54
59 35 66
19 42 12
63 50 88
30 13 77
58 87 97
46 62 82
54 15 77
27 51 37
66 40 20
95 14 37
35 16 2
41 89 60
62 53 52
18 35 9
24 24 4
9 99 36
29 79 86
7 61 29
34 58 25
52 9 88
78 6 17
26 9 43
66 14 84
88 2 61
84 98 25
83 39 78
97 88 83
95 48 89
65 50 51
77 92 25
31 17 83
21 65 41
47 40 22
23 2 66
88 13 85
57 21 0
27 64 78
90 2 12
14 28 71
9 4 26
3 68 2
73 19 66
55 46 82
30 4 55
38 47 37
63 72 80
12 37 19
99 65 65
79 3 54
81 76 57
9 36 74
0 44 47
19 58 8
37 28 31
88 21 19
36 49 98
39 6 2
94 56 55
72 79 82
62 74 80
58 22 8
31 9 70
1 8 13
38 17 79
75 76 17
30 64 95
21 98 91
68 52 96
13 32 80
43 37 98
84 41 41
51 61 9
68 34 3
96 52 18
46 62 99
50 28 67
6 20 85
11 91 8
73 56 23
48 89 20
71 96 37
71 83 5
29 34 11
52 90 36
17 76 70
4 74 22
0 98 25
28 4 62
89 12 65
68 2 23
6 20 45
78 19 4
56 2 35
68 24 66
96 49 19
79 62 58
41 2 71
50 95 41
84 50 6
75 98 78
54 43 65
98 68 46
9 78 30
40 75 87
84 21 47
1 23 68
12 49 81
17 33 41
64 75 22
90 17 90
33 76 64
94 38 31
81 34 51
75 47 78
43 65 9
86 4 87
92 11 27
95 98 19
2 87 79
39 78 48
95 78 37
51 4 74
11 5 0
41 36 76
88 51 44
43 16 88
64 86 76
26 43 0
37 96 64
46 34 48
70 71 72
44 88 77
67 29 26
46 95 15
72 1 69
61 10 21
67 82 56
1 5 34
99 4 88
22 8 18
45 56 44
16 35 71
2 12 25
98 6 93
67 31 21
64 76 97
56 77 34
51 37 4
68 44 91
95 97 44
46 93 93
3 16 58
61 5 30
7 6 82
52 78 19
9 45 11
34 43 81
74 68 84
22 70 98
16 16 32
25 14 6
39 11 15
88 84 21
89 20 26
81 86 33
53 45 23
0 11 93
42 65 28
26 82 24
92 95 42
51 12 52
39 25 50
37 57 16
99 14 93
82 18 51
17 49 47
21 28 22
40 57 54
7 30 34
67 49 10
82 16 70
98 60 93
90 38 26
49 91 1
80 4 20
82 98 40
18 72 96
6 78 29
75 8 31
45 1 19
16 99 94
54 18 41
14 45 78
96 69 95
56 41 94
26 66 22
39 72 97
15 81 29
15 99 30
10 19 67
78 80 25
9 87 53
79 92 5
75 82 18
22 75 32
46 67 56
68 81 16
59 51 73
78 1 66
77 60 32
29 15 4
46 8 66
66 49 25
48 57 77
39 55 78
64 69 16
