59 38 29
57 38 12
41 26 62
24 3 53
92 70 28
69 21 95
79 44 65
69 74 56
90 84 6
79 70 6
65 38 47
31 69 86
72 68 47
65 52 65
57 52 47
24 97 29
57 47 92
20 24 4
25 70 37
70 42 24
99 33 50
31 83 22
39 90 62
40 94 72
41 94 54
5 75 45
95 32 47
34 39 6
99 90 56
40 25 4
92 47 12
17 47 92
10 90 62
45 97 4
10 33 50
25 47 14
98 33 46
2 3 4
79 75 22
70 56 24
56 21 1
45 12 4
70 25 29
59 25 50
90 92 1
69 74 1
34 85 86
65 49 12
2 14 31
25 84 69
32 66 95
57 52 92
2 85 94
72 49 65
5 75 87
28 25 67
24 46 53
31 75 87
59 25 4
89 42 60
90 14 94
5 32 47
25 46 31
41 83 65
99 25 29
63 3 24
92 38 12
68 98 19
79 70 69
95 75 18
41 71 54
20 3 4
25 85 31
57 49 65
34 46 86
5 63 86
92 37 6
99 38 50
78 54 26
80 74 1
35 83 87
24 3 20
10 33 56
20 46 29
72 68 12
24 82 56
99 38 62
70 68 25
72 38 92
78 21 95
72 38 12
24 46 24
57 49 47
99 33 62
56 82 1
31 83 86
17 52 47
69 88 95
5 27 19
95 34 45
90 39 6
59 25 62
45 24 4
2 37 28
52 4 54
24 88 26
69 21 26
68 75 3
41 25 62
80 82 33
78 82 33
72 49 47
2 85 6
20 97 4
31 83 33
90 14 31
28 98 19
20 24 29
92 92 69
89 33 24
57 68 92
40 71 67
2 70 37
63 46 29
57 68 9
28 71 29
17 52 9
57 38 9
94 75 18
59 90 50
79 44 86
31 44 22
43 47 14
2 97 24
90 70 1
2 46 14
70 56 60
2 12 24
32 66 46
68 27 47
34 14 86
40 26 72
56 88 26
2 46 6
28 75 47
70 4 62
70 94 29
90 14 14
63 12 24
92 47 92
5 34 18
92 92 28
5 75 18
25 85 6
24 97 24
25 14 94
41 26 72
80 82 26
95 32 45
28 75 3
70 4 54
25 37 37
98 33 25
43 14 14
70 94 67
24 88 95
28 27 45
79 37 69
95 98 47
92 92 37
5 98 3
32 33 60
52 94 29
90 68 46
89 56 46
94 98 18
90 70 28
79 23 69
69 54 95
90 47 6
5 63 22
57 68 65
57 38 47
5 34 47
95 75 47
40 94 54
17 49 47
68 32 3
39 38 62
89 68 46
79 69 33
99 90 62
20 24 53
41 63 33
94 34 45
32 33 25
92 37 28
56 21 33
80 54 33
63 97 20
90 92 28
2 92 37
65 38 12
80 88 56
25 14 6
43 46 14
99 33 29
39 25 56
45 97 53
57 49 12
80 21 95
78 74 1
90 46 94
17 38 47
89 66 60
35 44 22
10 25 29
20 3 20
70 71 67
92 37 37
2 12 29
79 37 1
2 3 20
72 49 9
79 63 22
41 63 22
94 75 19
92 84 1
2 24 29
20 12 53
25 39 31
69 54 33
40 25 29
28 26 29
25 92 69
69 54 26
99 33 4
2 85 31
99 90 4
80 74 33
5 98 45
57 49 92
32 68 60
72 52 92
69 88 1
56 21 95
2 24 53
24 86 60
95 98 19
98 42 95
10 38 62
92 49 47
5 27 3
34 85 31
92 70 69
25 92 6
52 26 29
99 92 29
94 32 45
70 25 54
59 38 56
2 46 29
56 21 26
24 74 26
90 66 25
52 25 72
24 12 29
52 25 29
28 32 18
43 39 31
95 75 45
25 37 6
40 26 67
10 25 62
25 47 6
39 25 29
95 27 18
10 90 4
40 33 50
31 69 22
43 39 86
5 32 19
90 84 28
98 33 60
68 32 47
94 75 45
2 23 28
52 25 67
79 83 33
92 23 28
79 69 22
70 56 95
34 85 6
95 98 3
41 69 22
70 25 62
31 69 65
56 88 1
35 63 87
99 25 4
95 34 19
25 37 1
69 54 1
92 84 6
28 26 54
80 88 26
41 75 22
24 74 1
34 46 14
92 38 65
70 42 25
70 26 67
2 84 28
41 44 33
34 39 94
25 84 37
52 94 62
20 12 29
67 24 57
90 39 14
17 49 12
2 23 6
89 56 60
40 94 62
70 68 46
32 33 95
5 32 45
24 82 1
89 66 24
28 71 67
80 88 1
31 83 65
69 21 33
70 26 54
56 74 95
10 90 56
17 49 9
10 25 4
89 68 25
31 44 33
52 26 67
28 94 62
40 4 29
45 46 4
41 4 67
25 47 94
90 47 94
59 90 4
2 47 31
28 34 19
25 46 14
56 74 33
40 94 67
70 25 67
17 38 92
43 46 86
25 70 1
92 92 6
31 44 87
56 88 56
5 75 3
35 83 86
68 98 18
43 47 94
63 24 53
28 4 72
59 92 56
94 34 19
41 10 45
24 74 56
63 97 4
72 52 65
39 33 56
35 69 87
63 12 53
43 47 31
5 75 86
25 39 6
17 49 65
80 82 56
63 46 24
95 32 19
40 94 29
24 12 20
92 70 37
63 24 24
34 14 31
70 94 54
31 75 65
45 3 4
28 27 47
79 44 87
63 3 4
92 38 47
10 92 62
70 66 25
40 92 50
79 92 37
24 12 4
28 32 47
32 42 25
41 94 29
25 23 6
70 33 46
78 74 95
2 23 1
39 33 50
59 33 50
70 56 25
17 38 65
72 52 9
5 83 22
39 90 29
5 83 86
68 27 18
52 4 29
17 47 12
79 75 65
5 83 87
69 21 56
18 48 71
24 97 20
59 92 29
28 4 67
59 38 62
41 71 62
70 56 46
40 25 54
95 75 19
78 54 1
41 94 62
92 68 9
25 92 1
98 56 46
65 68 9
31 75 22
28 94 54
80 74 56
80 74 95
70 26 72
40 92 4
99 25 62
28 26 62
57 27 3
63 97 53
63 46 4
2 70 69
92 84 28
90 42 95
90 33 25
39 92 4
59 92 62
24 21 1
25 70 28
90 56 60
94 34 3
98 66 46
10 38 29
68 32 18
17 68 65
63 46 53
0 50 79
78 88 1
47 17 40
5 69 33
40 92 62
5 98 47
94 27 18
90 46 6
78 82 1
92 84 69
24 88 33
28 32 3
90 70 37
89 56 95
70 94 62
45 12 53
92 52 92
78 88 56
52 94 54
80 54 56
90 68 25
90 46 14
68 27 45
59 33 29
24 24 29
5 44 65
95 27 19
13 26 39
88 34 43
80 21 26
98 68 95
92 37 1
35 69 22
56 21 56
43 46 31
65 47 9
92 52 12
35 83 22
17 52 12
35 75 65
90 4 73
10 25 56
45 24 29
41 75 86
90 39 86
70 25 72
90 37 6
57 52 12
43 85 94
32 68 25
5 75 47
40 4 62
35 44 65
2 47 6
56 82 26
5 83 65
41 25 29
62 75 87
98 66 95
79 92 28
69 21 1
5 44 86
40 92 29
68 75 19
79 84 37
24 46 4
41 4 62
78 88 95
35 44 86
72 47 65
40 33 29
90 39 31
90 42 46
78 54 56
40 90 62
51 78 86
43 16 90
94 32 19
72 49 92
28 98 3
5 44 87
70 66 95
45 24 24
20 97 29
80 54 1
24 24 24
94 27 45
70 71 54
80 21 33
5 63 65
17 68 92
34 14 94
5 95 7
35 75 22
34 46 31
66 4 45
59 90 29
72 38 47
90 85 86
73 56 88
98 42 60
5 34 3
52 63 73
2 46 4
2 85 86
22 35 14
41 75 65
2 92 28
65 49 47
79 75 86
95 34 3
25 14 31
5 69 65
20 97 53
24 21 56
69 88 33
78 82 26
92 84 37
24 3 4
38 91 2
90 66 95
32 68 95
39 92 50
44 82 66
99 90 29
20 3 24
15 46 17
69 2 50
94 27 3
79 69 65
5 98 18
79 83 65
59 6 23
55 60 9
24 82 33
70 66 60
24 54 1
40 25 56
25 84 28
90 23 6
49 70 21
41 79 21
78 88 33
40 25 67
87 46 24
5 75 19
5 63 33
34 39 14
31 69 87
63 8 38
69 22 73
41 63 86
28 25 54
61 39 66
43 85 31
43 85 14
20 12 20
79 75 33
42 12 72
56 82 33
52 25 54
91 99 7
79 23 6
41 71 67
41 63 87
40 33 56
63 3 20
25 70 6
89 56 25
20 3 53
70 4 67
98 33 95
10 92 50
45 3 53
92 3 49
55 65 41
90 64 29
90 33 46
70 71 62
40 38 50
28 85 85
89 33 60
52 94 67
40 90 50
84 9 46
99 38 56
92 92 5
50 2 93
79 4 35
90 66 24
32 88 17
95 1 71
57 47 65
92 49 65
98 68 24
69 30 85
45 27 62
24 88 1
5 44 22
5 31 89
40 71 54
69 74 26
63 24 20
94 34 47
79 23 1
90 84 69
2 92 1
68 34 45
99 38 4
4 80 63
80 82 95
25 70 69
25 85 86
39 12 94
24 24 20
90 46 31
24 54 56
89 66 95
89 42 46
78 21 1
87 18 61
32 68 46
69 82 1
32 68 24
98 56 24
68 75 45
78 21 26
25 23 28
28 94 72
35 63 86
65 68 92
92 68 47
56 74 56
79 70 1
5 68 36
24 3 29
41 4 72
45 97 20
2 39 19
41 26 29
65 38 65
68 98 45
80 7 36
40 71 29
53 30 61
87 49 23
50 25 29
42 84 2
45 53 85
17 52 92
43 85 6
24 74 95
39 92 62
56 88 33
78 21 33
62 68 1
57 41 55
10 25 50
16 15 36
51 41 66
32 42 95
0 15 96
80 6 32
31 44 86
99 33 56
40 25 62
15 87 52
34 85 94
45 26 67
89 56 24
37 24 84
52 4 67
90 47 14
29 98 14
90 23 69
17 47 47
39 25 4
14 83 49
33 17 70
72 86 28
25 23 69
56 82 95
93 34 29
56 74 26
45 12 20
25 46 86
94 34 18
66 83 50
24 54 95
57 28 30
50 18 53
12 18 97
99 92 4
43 5 16
11 50 65
34 46 6
29 40 17
5 32 3
90 56 95
2 14 94
40 27 81
28 34 18
80 74 26
63 68 30
17 47 65
25 58 35
12 41 96
5 97 27
72 47 9
92 49 92
65 47 92
90 70 6
92 47 47
88 27 62
34 54 22
89 42 25
59 25 29
45 12 29
5 44 33
2 3 29
71 97 65
37 84 86
35 63 33
92 37 69
95 98 45
63 12 4
74 20 47
56 54 1
65 39 58
90 14 6
92 47 65
31 75 86
35 44 87
27 22 88
43 14 6
15 10 30
25 39 86
10 38 56
79 7 30
87 59 81
93 78 24
98 56 60
89 68 95
96 85 23
10 2 91
35 69 33
57 38 92
17 38 12
61 83 29
5 68 63
44 5 49
93 8 55
56 54 56
80 3 19
19 5 32
93 30 86
34 39 7
34 96 35
28 75 45
5 75 65
41 83 33
8 61 32
25 16 62
70 9 61
35 11 65
69 12 92
59 33 56
58 67 24
71 75 72
62 41 44
41 71 29
62 15 72
28 71 62
28 69 68
78 88 26
16 26 70
10 15 84
4 93 15
90 93 52
46 96 17
35 20 79
81 4 73
2 46 53
80 46 86
41 83 86
35 75 87
58 93 77
57 47 9
65 52 9
69 82 33
40 30 93
72 26 87
60 58 45
74 75 37
10 90 29
24 24 4
20 12 24
64 14 91
12 18 98
0 45 54
43 85 86
40 90 4
39 90 56
65 38 92
80 88 95
52 26 62
90 66 46
94 42 71
42 91 29
32 66 25
31 75 33
90 92 6
44 8 20
75 61 92
2 37 69
87 16 11
33 60 99
20 95 55
41 78 4
22 48 30
86 99 7
32 66 60
15 50 73
33 53 49
40 26 62
57 47 12
73 1 28
20 97 20
69 54 56
51 81 15
78 67 68
61 23 38
77 93 48
45 34 12
77 40 68
57 47 47
5 98 19
16 48 86
24 54 26
28 27 19
32 83 51
45 97 24
57 52 9
58 65 57
2 39 6
1 70 1
2 97 20
46 63 84
72 68 92
89 67 72
43 47 86
17 36 32
90 27 98
47 97 22
2 70 6
34 14 6
92 68 65
60 3 66
99 90 50
48 1 72
21 94 86
46 86 73
74 72 22
23 78 4
60 41 59
13 41 53
64 13 17
24 3 24
88 80 88
95 27 3
41 83 87
9 66 0
8 79 38
9 86 87
50 18 20
22 62 55
23 46 69
16 88 19
68 49 43
45 97 29
76 86 13
49 98 63
77 36 28
44 31 90
56 33 69
43 54 51
81 79 93
51 35 30
53 11 14
49 57 71
28 4 29
80 48 5
25 27 50
15 30 38
40 78 92
85 23 12
70 71 72
68 9 17
80 87 74
50 65 93
30 11 49
10 87 40
75 2 95
24 13 7
28 54 51
13 53 59
88 13 49
45 4 45
86 42 26
65 49 92
80 68 1
29 98 97
43 72 91
19 7 60
57 3 82
80 64 86
98 92 22
53 52 0
5 28 62
41 69 65
98 46 25
61 8 41
99 38 29
26 89 42
21 8 71
39 13 95
2 7 65
23 42 68
96 11 71
20 24 20
22 55 89
30 88 82
79 69 87
62 76 84
2 85 14
85 15 43
89 73 32
0 1 40
52 71 54
