28 32 45
59 33 4
79 70 6
17 49 47
92 23 6
56 82 1
70 25 29
34 47 31
92 52 65
90 23 37
57 52 65
41 44 65
69 88 1
90 68 95
39 38 50
43 39 86
2 46 94
43 47 86
92 84 1
69 82 1
80 82 26
35 63 33
94 32 47
89 68 60
80 88 1
90 39 86
95 34 3
10 38 56
5 44 87
31 75 65
63 46 24
2 97 29
5 75 87
35 69 87
90 39 6
69 88 95
94 32 19
79 92 37
28 94 29
5 32 19
2 3 20
90 46 86
90 42 24
92 38 12
32 56 24
92 70 69
24 82 95
68 32 18
10 33 4
2 85 94
34 14 14
94 98 19
94 27 47
52 4 62
68 98 3
59 33 62
2 23 6
70 33 60
32 68 95
45 24 29
41 94 62
32 56 60
39 92 56
32 68 24
78 88 26
28 26 72
63 97 24
90 39 14
92 23 37
5 44 86
68 32 47
90 14 6
10 92 4
39 90 4
28 27 19
25 47 31
90 92 37
78 54 1
40 26 54
70 71 72
78 74 26
5 44 33
35 44 87
89 42 25
80 82 33
5 69 87
2 12 29
98 42 25
35 44 86
79 70 69
10 33 29
40 25 56
24 74 1
59 90 4
68 75 45
25 23 28
89 56 24
39 92 62
2 47 31
78 21 1
39 33 29
2 97 20
39 25 29
25 14 31
79 44 86
95 98 3
24 24 20
2 12 24
10 38 4
41 44 33
28 94 54
79 70 1
20 46 20
24 88 56
28 94 67
56 21 26
2 85 14
98 66 46
59 33 50
2 37 6
28 75 19
90 46 94
32 33 60
70 71 67
69 82 95
70 66 24
95 34 45
20 97 4
90 84 1
68 34 18
72 52 12
69 54 1
63 24 4
28 98 19
31 63 86
5 32 3
2 97 4
41 63 65
70 4 72
28 4 72
92 38 65
5 34 47
92 47 47
92 49 47
92 92 69
2 97 24
52 71 67
2 12 53
79 37 37
25 14 6
2 92 37
68 27 19
89 66 60
5 32 45
5 63 87
2 14 6
35 75 65
40 33 62
59 92 29
94 98 47
80 54 95
59 90 62
40 92 4
31 69 33
20 12 20
52 71 29
65 38 47
80 54 26
28 27 45
79 83 65
10 90 29
80 88 26
41 75 86
79 70 28
90 47 6
45 24 4
28 25 29
57 47 12
2 3 4
70 33 25
72 47 47
43 46 6
10 90 4
41 83 22
34 47 86
31 75 86
79 23 6
32 42 60
28 25 62
98 56 95
52 71 62
2 3 29
99 90 56
2 39 94
41 75 65
99 92 56
98 56 60
2 46 86
24 54 33
25 70 37
70 26 54
99 33 56
35 63 87
35 83 86
78 82 56
31 83 33
90 46 14
57 38 9
95 27 45
79 84 6
89 66 95
10 25 56
70 94 72
63 24 20
57 52 92
95 98 45
94 75 45
2 3 53
63 46 29
2 14 94
89 33 25
17 47 65
98 66 60
90 85 31
17 47 12
56 21 56
90 14 94
2 24 29
17 47 9
90 42 25
34 46 14
25 39 14
28 94 62
90 56 25
25 39 6
28 25 67
32 66 25
39 38 56
40 26 62
34 39 86
69 54 95
70 33 95
2 46 53
31 69 65
70 25 62
39 90 56
72 49 47
25 46 14
24 24 24
52 26 67
90 92 28
69 82 56
41 71 72
90 47 86
17 68 12
90 14 86
35 63 65
68 98 18
78 82 33
20 3 29
2 97 53
24 24 53
24 97 4
31 83 87
43 46 94
59 33 29
92 52 12
31 44 86
5 98 47
25 84 28
34 46 6
41 75 33
41 83 33
41 71 62
92 92 1
24 21 56
41 63 22
89 33 24
10 33 50
24 82 33
92 70 1
68 32 19
79 75 86
17 38 9
78 54 33
24 46 20
52 26 29
24 21 1
89 33 60
41 71 54
65 68 92
40 92 50
34 39 6
90 70 28
41 83 65
63 3 4
20 3 53
24 21 95
28 25 72
10 90 50
94 32 45
52 25 29
94 75 3
63 97 20
40 71 67
69 54 56
24 3 24
40 94 54
70 68 24
59 33 56
34 39 14
41 69 86
90 14 31
20 97 53
5 27 3
32 68 25
41 26 72
35 69 86
28 26 67
5 34 3
90 66 25
99 90 50
2 70 6
28 71 67
59 92 4
89 68 24
40 38 56
52 25 54
56 21 95
45 97 20
65 68 47
78 54 95
20 24 53
69 74 56
59 90 29
72 38 92
65 47 12
99 38 29
43 14 6
32 68 46
90 70 37
79 75 33
56 54 56
70 4 54
92 92 37
89 66 24
59 38 4
24 12 29
92 70 28
94 27 3
24 3 53
2 84 69
70 56 25
59 25 62
90 66 95
95 75 18
52 25 67
40 94 62
43 85 94
98 33 95
63 97 4
90 42 60
31 75 33
92 68 65
25 85 94
20 12 24
90 66 60
95 75 47
69 88 56
45 3 53
31 44 33
94 34 3
94 75 19
41 75 87
17 52 12
98 66 25
5 75 18
70 4 67
32 33 25
45 97 4
95 75 45
24 97 29
68 27 18
41 25 72
40 90 29
39 90 62
78 82 95
89 33 95
28 25 54
25 70 6
57 38 12
63 3 24
10 92 29
94 75 18
59 25 4
40 90 62
28 34 18
43 14 31
92 92 6
32 42 24
80 82 95
20 46 24
24 21 33
41 4 62
35 63 86
52 26 62
59 38 29
70 56 60
63 46 53
90 84 28
2 85 6
98 33 25
2 46 14
90 33 24
70 71 62
31 44 65
52 26 54
20 97 24
80 88 56
79 75 22
99 25 29
10 90 62
72 47 65
90 85 94
5 75 47
34 47 14
70 42 24
39 33 50
40 92 29
79 83 87
80 54 1
90 42 95
2 84 6
98 68 24
39 25 4
56 88 26
34 46 86
25 47 94
92 68 9
89 33 46
2 24 24
78 82 26
79 37 69
72 38 47
79 23 1
20 12 4
2 37 69
2 39 14
63 46 4
41 26 29
5 75 19
99 92 4
99 25 62
5 27 19
89 56 95
40 4 54
92 49 12
39 33 4
90 66 24
2 85 31
2 37 28
56 74 26
78 88 56
35 75 86
5 44 22
79 63 65
2 24 20
20 97 20
98 42 95
43 39 94
56 82 26
32 56 95
25 14 14
68 34 19
34 14 6
40 71 72
24 54 26
17 49 65
2 70 28
28 34 3
78 74 56
59 38 62
52 94 72
92 37 1
56 74 56
25 39 94
24 46 4
40 33 56
40 90 4
10 92 50
68 98 45
79 69 22
28 27 18
92 37 28
31 69 22
41 25 29
25 37 28
72 68 92
34 85 6
89 66 25
78 82 1
92 68 47
57 68 65
24 12 24
90 33 25
10 38 29
41 63 87
35 44 65
56 54 26
59 90 56
28 34 45
40 25 67
63 3 53
90 23 28
65 52 47
43 85 6
65 49 65
70 42 46
90 68 46
63 3 20
99 90 4
35 69 33
90 33 95
65 52 9
45 46 4
24 54 95
31 63 87
17 49 12
41 25 67
2 46 31
78 21 33
25 46 86
79 44 22
65 49 92
35 44 33
92 47 9
2 14 31
31 83 22
40 33 29
90 56 95
28 27 47
24 74 26
34 85 86
34 85 14
92 52 47
24 46 53
34 14 31
52 94 29
2 46 29
41 94 29
89 42 95
40 25 29
94 98 18
99 25 50
59 25 50
92 84 69
41 69 22
25 46 31
2 47 14
25 92 69
56 21 1
70 4 62
45 3 20
40 92 62
39 92 50
90 84 69
28 4 67
40 38 50
39 33 56
90 47 31
5 69 65
68 27 47
28 26 54
28 71 29
45 97 24
35 83 87
90 92 6
57 68 12
70 68 95
2 92 1
90 37 1
90 85 14
34 46 94
5 75 65
92 47 92
99 38 50
68 32 3
40 33 50
63 12 53
80 74 1
24 97 24
65 38 9
28 34 19
94 32 18
79 69 86
72 68 12
63 97 53
2 23 69
57 38 47
25 85 6
57 68 47
57 52 12
40 90 56
92 52 92
92 84 6
31 75 22
79 23 28
70 25 54
90 70 6
56 21 33
17 68 92
90 70 1
41 4 67
78 74 1
63 97 29
5 69 22
56 74 95
59 90 50
80 54 56
43 47 94
28 75 3
35 83 65
90 56 60
10 90 56
40 4 72
90 37 6
98 68 95
2 23 28
5 69 33
2 84 1
34 47 6
20 3 20
41 63 33
79 84 37
25 39 31
24 12 53
72 68 65
35 75 87
41 25 54
45 24 20
24 88 95
41 25 62
25 37 69
68 34 45
5 83 33
95 32 3
25 85 14
40 25 72
25 47 6
28 98 18
90 56 24
10 38 50
40 26 67
92 23 69
65 38 12
45 12 29
95 27 3
45 12 53
31 63 22
94 98 3
40 38 4
68 34 47
63 12 20
39 38 29
69 82 26
41 63 86
57 38 92
90 92 69
31 69 86
59 92 62
79 84 1
10 33 62
80 74 95
70 71 29
90 85 86
94 34 45
68 34 3
90 84 37
39 25 62
98 42 46
52 94 54
2 46 24
56 54 1
70 68 25
57 68 92
40 26 72
80 82 56
20 24 20
25 14 94
57 52 9
79 37 28
28 71 72
70 26 67
78 21 26
63 3 29
24 24 4
25 70 69
90 42 46
45 46 20
40 71 62
79 63 87
39 38 62
10 33 56
43 39 6
24 74 56
2 39 6
90 68 24
25 84 69
68 27 45
35 69 22
2 70 69
89 66 46
2 84 28
41 44 22
5 75 3
78 21 56
79 92 1
41 44 87
78 54 56
41 69 65
40 25 50
65 47 9
90 56 46
2 14 86
69 88 26
70 94 62
24 3 29
92 92 28
92 70 37
79 23 69
31 75 87
10 25 50
52 94 67
56 82 95
20 12 29
40 71 29
89 68 95
79 84 28
10 92 62
70 26 62
79 83 33
5 27 47
17 52 47
28 26 29
80 54 33
20 46 4
70 4 29
69 74 33
17 52 9
28 4 29
80 21 26
80 74 33
72 38 9
68 32 45
70 66 46
24 21 26
89 42 46
45 3 24
95 32 47
92 49 92
95 27 47
20 24 24
99 92 62
70 42 25
43 46 14
25 47 14
95 32 19
99 38 62
70 42 60
24 3 20
92 37 6
41 83 86
5 83 22
79 92 28
25 47 86
78 74 33
20 46 29
17 47 47
69 74 26
78 88 1
90 66 46
35 63 22
45 46 53
56 88 33
5 83 86
90 46 6
99 38 56
43 85 31
25 92 28
79 92 69
2 47 86
32 42 95
28 32 19
70 25 72
95 34 19
5 98 3
2 70 1
25 85 86
24 74 95
72 47 12
98 33 60
43 85 86
98 33 46
24 12 20
70 42 95
40 38 62
28 98 3
5 75 22
57 47 65
45 3 4
2 47 94
45 12 20
92 47 65
17 52 65
45 12 24
39 25 50
56 74 1
90 47 14
25 85 31
10 92 56
43 39 31
57 38 65
5 32 47
43 14 94
5 83 65
41 71 67
28 34 47
45 46 29
10 38 62
69 82 33
79 69 33
65 68 9
68 75 19
94 34 18
72 49 12
65 68 65
69 54 26
70 68 46
2 46 20
92 68 92
90 33 60
56 82 33
40 92 56
35 69 65
41 26 67
10 25 62
72 52 65
79 63 86
52 94 62
28 94 72
56 88 56
28 75 47
69 21 1
2 23 37
79 83 22
17 49 9
28 32 47
41 26 62
89 68 25
10 25 4
56 74 33
28 75 18
69 74 95
89 68 46
65 68 12
31 83 86
34 14 94
70 33 24
5 75 33
28 4 62
99 38 4
72 52 92
5 98 18
32 42 46
17 68 9
24 97 53
63 24 29
2 23 1
25 23 6
90 37 69
63 24 24
2 24 53
63 46 20
28 71 62
40 33 4
2 39 31
32 33 46
2 70 37
25 23 69
59 38 50
17 38 47
79 69 87
41 83 87
99 33 29
40 4 29
31 63 65
68 75 18
72 52 47
25 37 6
57 47 9
99 33 50
24 82 56
92 23 28
24 97 20
52 4 72
78 88 33
92 52 9
31 69 87
25 84 6
78 54 26
17 49 92
25 92 1
24 46 24
28 75 45
34 47 94
92 84 37
43 47 14
41 94 72
32 68 60
41 4 54
2 46 4
28 98 47
24 24 29
2 14 14
40 90 50
24 54 56
34 85 31
89 56 25
31 63 33
24 88 1
99 25 4
57 47 47
92 49 65
98 68 46
94 27 18
79 83 86
40 26 29
92 70 6
98 66 95
25 84 37
5 27 45
20 3 4
41 4 29
90 68 25
40 25 62
72 68 47
69 88 33
45 97 53
90 68 60
20 46 53
92 38 9
63 24 53
72 52 9
43 14 86
31 44 87
59 92 56
31 44 22
98 42 24
5 63 33
45 12 4
34 85 94
70 66 95
65 47 47
40 25 4
92 84 28
24 88 33
80 82 1
5 69 86
65 52 92
52 71 54
95 27 18
90 39 31
34 46 31
94 98 45
69 21 26
17 52 92
39 92 4
57 49 92
17 68 47
80 74 56
59 25 56
99 92 29
70 94 54
95 27 19
95 75 19
99 33 62
28 27 3
39 90 50
98 42 60
72 49 92
28 32 18
40 94 72
34 39 94
70 66 25
2 12 4
43 47 6
45 24 53
70 71 54
92 37 37
5 98 19
