70 94 62
90 85 6
90 70 37
40 38 50
32 42 46
78 82 1
90 68 46
35 44 65
79 37 28
2 46 31
69 82 1
78 88 1
68 75 18
53 48 44
90 47 14
79 70 37
57 52 9
45 97 53
20 3 53
57 47 65
79 69 86
72 47 9
25 46 14
40 33 56
40 94 62
39 33 29
56 82 1
24 24 4
92 52 92
57 52 92
78 54 33
89 42 24
40 94 67
32 56 95
45 24 24
63 3 29
94 75 3
68 32 45
24 88 95
39 92 56
98 33 46
80 74 56
2 92 37
31 63 87
90 68 25
97 73 17
95 75 47
90 33 60
87 80 6
10 92 29
90 33 46
59 25 29
41 75 33
24 46 53
5 27 18
24 74 56
94 75 19
92 23 69
94 98 3
17 47 65
52 34 55
5 98 18
10 90 62
28 71 67
25 92 37
17 68 92
63 68 92
91 75 70
41 75 22
94 27 45
3 23 75
17 68 56
66 60 81
69 67 0
81 87 31
41 26 67
35 63 87
78 72 37
7 41 5
56 21 33
20 97 24
69 54 26
2 92 69
32 33 46
65 47 92
57 38 92
99 92 29
41 94 62
35 75 33
95 98 47
2 37 69
17 61 0
43 47 31
43 88 43
57 90 94
88 64 86
40 71 29
28 75 47
56 74 26
12 0 13
17 47 9
70 76 86
98 42 46
98 24 74
40 25 54
22 95 99
60 10 32
76 78 21
79 23 37
9 63 99
81 0 63
25 14 31
83 93 47
31 44 87
90 68 24
79 37 69
72 49 47
94 27 19
25 46 94
13 75 4
62 30 72
95 34 19
90 37 28
70 33 24
10 95 8
24 97 4
86 30 53
65 52 65
68 34 19
70 66 95
43 92 23
2 70 28
65 69 13
78 21 1
57 52 12
77 86 92
33 58 90
32 42 24
43 42 59
40 66 84
85 0 61
25 14 6
34 85 14
70 4 67
92 92 1
41 71 67
76 80 50
3 53 16
75 1 74
35 83 33
52 28 31
38 62 70
28 32 18
0 61 42
52 50 35
26 94 83
24 3 53
28 26 72
56 31 56
59 90 4
46 52 61
99 33 50
5 70 81
2 97 4
2 24 20
34 39 94
90 42 95
90 66 25
99 92 4
25 84 28
3 60 90
43 46 94
63 24 20
29 25 72
1 16 45
65 38 12
99 21 94
35 94 30
70 44 66
19 64 74
56 21 1
36 28 86
79 92 37
65 96 76
24 21 26
65 60 84
89 62 55
2 12 4
89 42 95
44 57 89
79 42 81
92 70 1
70 19 87
7 29 82
14 73 21
70 66 46
37 39 95
90 56 95
89 45 49
78 74 33
26 46 19
54 97 64
0 46 88
68 70 68
53 41 93
24 50 2
64 39 60
23 16 82
28 98 19
56 88 56
52 49 34
49 55 94
80 88 1
90 33 24
89 68 24
68 98 45
41 40 53
2 70 69
2 46 29
92 23 37
28 94 62
63 24 4
42 89 49
72 52 65
67 25 7
28 94 72
25 70 37
61 19 66
92 52 65
29 23 64
65 52 12
3 75 60
94 75 45
99 25 56
2 3 29
90 70 69
17 52 92
17 49 92
5 27 3
75 38 58
42 23 74
71 85 84
86 73 87
73 28 73
33 53 29
28 34 19
82 96 10
23 36 34
11 84 78
32 68 46
69 88 1
45 46 29
70 42 25
4 88 63
88 91 29
4 92 77
67 8 69
90 39 14
66 33 24
38 38 94
63 95 10
97 64 6
60 32 49
52 26 62
83 59 19
25 23 37
29 0 17
16 38 65
80 21 1
40 92 62
2 28 30
17 26 60
0 84 42
52 25 62
53 49 97
84 70 3
90 39 6
92 92 69
39 68 68
79 70 28
72 14 79
94 81 73
53 46 45
24 82 33
38 32 95
15 70 42
2 23 1
96 42 43
17 80 31
66 70 71
12 26 61
79 70 6
50 76 57
65 66 35
93 64 70
99 53 70
39 36 26
77 7 83
25 47 94
90 27 95
43 7 72
99 62 74
79 83 86
25 39 31
12 70 11
55 43 40
78 15 33
5 1 79
32 33 25
29 3 20
40 90 56
80 68 99
19 7 25
86 45 5
13 86 61
86 19 62
98 66 60
99 94 38
72 85 51
35 37 64
28 26 62
80 72 50
16 2 61
32 33 95
67 86 32
94 90 66
90 85 94
93 31 95
41 88 96
70 94 29
11 29 48
8 92 97
49 18 75
81 61 67
85 2 76
17 52 12
46 96 55
89 70 4
79 68 38
81 88 25
43 61 99
3 99 39
52 15 72
79 15 12
66 46 95
96 58 50
46 52 81
32 49 18
29 94 62
60 53 25
95 57 26
48 57 64
90 14 94
69 63 81
63 3 43
7 9 8
43 18 32
73 23 98
40 32 41
82 92 80
49 16 71
69 21 12
64 11 7
11 28 76
33 30 25
97 20 49
64 36 40
13 33 85
32 68 25
99 38 56
61 74 49
62 42 61
18 92 47
46 89 32
39 92 50
25 18 61
40 69 35
68 48 27
87 38 49
64 29 93
16 69 94
14 76 48
43 47 86
15 49 3
85 65 88
95 4 34
4 96 53
59 90 29
72 47 12
72 97 8
48 20 35
24 97 24
2 41 77
83 29 4
31 75 65
48 87 22
86 1 36
61 36 1
2 32 91
34 86 88
34 16 38
20 24 6
87 2 21
63 98 81
57 65 19
24 39 48
0 57 26
83 2 57
94 32 45
66 25 3
69 74 56
36 46 25
43 19 28
3 98 67
55 84 69
53 3 32
40 31 9
47 22 63
73 13 21
22 73 13
17 47 12
61 82 29
0 19 47
84 35 79
43 85 14
40 40 22
79 23 28
21 64 25
70 25 67
32 39 93
86 2 93
49 20 26
15 26 53
20 3 4
51 2 62
91 46 4
21 17 45
67 64 31
81 48 7
2 47 6
91 41 73
95 32 19
58 88 56
21 86 45
86 81 44
92 52 47
41 63 86
13 35 20
8 36 5
8 14 7
82 69 95
44 28 81
72 38 65
99 33 4
92 34 40
52 95 87
71 99 99
68 97 31
56 71 20
5 34 3
35 69 80
63 97 4
71 49 20
63 30 22
85 29 85
48 25 25
24 74 26
17 38 65
7 76 95
5 80 81
20 22 85
90 20 52
27 32 47
47 50 53
73 25 67
50 22 61
39 92 4
76 54 44
33 62 76
28 98 18
72 17 17
10 23 36
77 79 56
84 99 27
40 43 46
68 48 47
92 70 37
77 2 41
99 45 60
42 76 58
6 93 13
78 90 39
93 32 59
40 90 29
7 4 69
68 99 34
70 94 72
51 34 74
39 90 62
7 39 72
27 38 68
49 97 66
81 26 34
15 5 55
92 92 28
2 39 14
31 93 0
20 2 77
67 58 10
73 31 31
99 89 56
19 17 57
1 15 5
90 17 25
48 65 42
5 69 22
24 74 50
36 61 18
43 85 78
78 27 48
17 68 86
94 85 11
77 53 29
98 9 13
83 1 95
24 48 18
5 63 50
6 17 43
78 54 26
68 2 79
43 58 90
63 92 48
8 64 13
46 70 99
39 90 4
11 69 51
81 94 33
73 84 91
92 47 9
17 84 94
89 43 49
15 44 5
70 25 54
6 16 32
97 86 80
70 69 43
19 76 16
79 30 80
54 68 37
38 74 73
43 91 28
78 53 69
2 77 55
18 68 52
82 6 25
86 24 39
83 28 41
95 98 18
46 1 6
75 26 62
61 69 66
60 46 82
38 90 33
17 49 65
68 98 18
60 77 48
79 76 44
89 67 67
28 57 91
88 11 44
34 85 86
98 38 90
31 75 33
29 68 56
47 1 66
67 92 37
70 1 35
10 90 29
99 30 16
58 89 49
42 20 75
5 1 93
11 83 96
90 46 6
56 94 6
77 32 63
17 75 64
52 92 69
13 58 70
43 46 31
42 91 46
99 5 90
51 28 1
74 39 43
83 73 34
72 41 32
3 89 17
57 84 73
25 39 95
84 25 11
29 86 31
16 41 10
20 12 54
6 3 93
38 1 90
33 87 69
96 56 83
38 77 53
25 40 29
40 81 8
85 37 71
99 57 55
87 35 26
51 95 73
20 3 29
72 45 46
78 11 24
48 84 69
89 66 24
90 33 95
71 99 60
39 14 0
27 3 29
12 28 49
47 5 34
88 1 38
39 33 50
52 86 2
47 62 74
97 85 52
43 71 89
43 4 7
3 45 86
56 45 83
40 38 29
73 16 8
17 81 42
2 96 51
99 41 72
78 13 76
40 92 56
89 56 25
27 79 98
63 29 88
93 69 62
86 65 27
72 59 1
13 18 76
67 44 71
32 52 35
52 71 54
51 64 67
67 40 19
23 98 63
25 47 42
21 99 64
51 90 83
47 16 91
65 47 9
34 39 6
69 88 26
42 16 77
3 75 82
3 12 99
28 71 29
2 37 28
80 69 85
53 3 64
18 92 43
34 95 73
20 3 20
93 15 55
90 84 28
55 52 66
34 70 95
67 16 28
95 38 85
18 60 25
90 39 86
70 26 7
41 71 72
16 26 21
59 17 60
80 90 76
92 68 9
2 12 92
91 44 12
73 61 78
0 34 87
45 0 90
69 79 72
57 47 9
1 47 8
46 80 97
37 24 16
81 23 81
76 44 21
22 56 72
93 70 83
20 55 66
24 3 20
80 54 56
75 11 37
9 46 29
99 90 62
69 69 65
96 1 27
31 75 3
83 63 44
52 51 19
79 83 22
57 3 61
90 1 11
30 42 56
10 25 56
33 72 98
24 82 56
27 41 92
9 21 93
66 37 19
34 76 18
92 49 65
59 38 50
34 8 91
51 85 90
0 83 74
36 35 76
63 24 53
41 71 29
95 58 17
29 68 40
91 3 2
20 77 72
96 52 80
98 72 25
44 6 36
73 82 46
49 94 10
79 44 33
97 98 37
23 5 7
98 63 29
74 73 5
98 33 25
92 22 95
52 75 24
45 43 1
80 79 84
36 91 29
62 45 80
85 95 49
9 53 82
25 5 62
40 25 56
61 82 51
35 63 65
18 62 66
66 69 60
77 54 17
37 71 27
54 28 29
44 19 26
40 44 5
10 6 34
56 67 80
90 35 20
37 39 23
10 30 30
44 23 58
39 0 96
84 23 13
52 83 32
23 49 75
18 79 6
57 49 92
74 0 22
14 36 73
53 31 9
10 92 56
42 28 58
36 21 50
97 85 23
5 83 22
98 85 88
39 67 8
60 68 12
12 16 88
94 27 47
96 96 60
47 13 84
5 16 33
57 14 17
43 33 26
61 56 42
81 13 94
91 54 48
62 69 39
85 22 83
96 93 16
12 44 26
82 42 13
22 20 28
46 90 43
11 79 94
20 59 63
28 86 33
12 31 63
70 17 53
64 67 29
87 31 24
68 44 32
31 60 5
12 82 91
45 3 53
36 50 73
28 69 3
29 61 96
9 78 23
50 4 58
6 1 47
13 77 34
54 0 7
11 76 66
99 33 56
7 88 47
70 2 39
34 87 24
90 14 86
63 65 67
6 35 1
82 25 40
79 44 87
93 99 75
34 64 88
5 44 65
57 38 9
29 31 68
18 6 56
23 23 64
60 77 32
61 87 0
56 12 69
94 75 47
58 24 59
65 99 50
71 78 2
48 56 86
68 14 83
54 96 54
64 42 23
24 88 1
24 39 75
10 80 51
5 98 45
25 97 11
11 97 50
58 96 56
4 55 46
46 25 67
89 36 40
45 24 20
50 19 88
12 81 50
72 49 9
12 87 26
70 10 52
98 97 39
54 13 23
60 23 81
52 25 29
7 8 87
32 56 60
83 4 55
44 18 59
86 0 23
65 32 52
70 27 12
28 71 72
10 73 80
76 71 9
10 13 62
45 95 34
75 18 54
56 42 90
99 72 14
90 23 37
30 78 45
82 57 45
1 91 77
82 15 89
94 32 18
49 11 39
37 68 19
27 86 83
24 55 87
19 99 81
31 50 50
41 92 97
41 44 22
63 59 2
63 98 24
97 47 45
17 41 84
9 13 73
48 54 10
23 18 26
87 61 42
38 95 64
20 81 83
18 35 94
22 57 19
41 71 62
61 44 14
68 12 19
95 68 96
43 22 94
30 47 13
79 75 65
19 27 56
44 92 89
5 53 78
5 77 57
27 95 1
82 83 90
69 21 56
36 25 5
66 29 68
72 52 47
63 46 20
68 20 96
36 77 41
85 96 30
46 38 72
28 21 74
86 36 45
33 56 23
53 56 65
63 10 53
57 74 65
38 72 54
29 82 7
71 91 63
68 90 98
1 36 85
59 35 74
38 73 69
68 30 6
68 12 8
51 73 25
84 42 66
33 78 51
31 64 4
3 95 4
46 53 96
49 72 93
63 35 11
15 21 33
20 28 91
19 10 41
4 9 82
68 72 4
86 6 87
93 72 69
33 34 33
28 34 15
43 14 14
27 98 2
96 65 54
8 23 23
68 2 15
39 61 42
25 29 30
32 62 23
78 58 82
20 0 16
74 9 82
43 78 78
49 25 26
61 89 34
39 16 47
59 37 84
79 75 86
73 3 49
55 42 92
92 9 35
94 22 32
65 47 65
49 25 12
79 70 69
43 85 31
59 71 62
48 40 28
78 88 95
16 63 41
6 39 39
5 22 42
99 3 36
16 81 72
60 97 14
26 26 63
