95 32 18
94 75 18
70 68 24
32 56 60
45 3 24
80 21 95
2 37 28
41 71 29
95 75 19
95 75 47
24 3 53
24 21 56
39 92 29
59 33 62
56 82 1
79 70 69
34 85 6
5 75 65
90 14 14
28 4 54
99 25 50
24 54 33
98 56 60
79 69 65
78 21 56
68 34 47
10 33 56
17 47 65
28 26 29
79 75 33
95 34 47
25 39 14
43 46 31
79 63 87
31 69 22
69 82 26
25 14 14
69 21 1
25 37 1
31 83 86
79 83 87
78 82 26
28 4 62
57 49 92
20 46 29
92 49 9
35 63 86
28 34 3
31 83 22
59 25 4
79 75 22
2 97 24
95 98 19
89 66 95
40 92 29
20 97 20
56 54 26
69 82 33
52 94 72
94 32 18
90 70 6
24 12 4
80 82 26
10 92 50
98 33 24
92 47 65
78 88 56
41 69 33
2 46 24
43 85 94
52 26 62
70 25 54
28 25 72
41 83 33
28 4 72
2 23 28
70 25 29
63 12 20
32 42 60
20 12 53
41 94 72
39 90 50
79 63 65
25 46 94
68 32 19
2 46 20
31 69 33
45 97 4
92 52 92
99 25 62
94 27 45
90 84 1
70 68 95
40 92 56
92 70 1
94 34 47
92 92 6
57 52 9
90 37 28
80 74 33
20 12 4
65 68 9
25 39 94
94 32 3
70 71 62
63 97 20
70 4 72
31 44 22
2 84 37
24 54 56
79 37 37
80 54 33
70 71 72
63 97 53
5 83 86
99 90 29
31 63 22
52 4 72
57 49 12
90 42 95
70 33 24
10 33 50
40 25 67
34 47 14
5 75 45
92 70 37
72 49 47
34 47 6
68 32 3
24 46 24
25 23 37
57 68 65
40 38 4
32 66 60
24 46 20
90 23 6
10 33 4
65 47 47
63 24 20
25 37 6
43 85 31
72 47 47
90 37 6
28 26 62
10 90 50
5 75 19
99 92 50
39 38 4
17 68 92
80 74 56
56 74 95
68 34 3
25 70 69
52 25 72
79 92 6
57 47 65
57 49 47
25 92 1
98 68 25
69 21 95
52 4 67
28 34 19
40 4 62
90 68 24
95 98 47
95 27 18
5 63 87
94 98 47
20 3 20
40 25 29
34 39 14
95 98 3
31 63 87
65 52 12
70 94 54
40 38 50
89 33 25
45 46 53
41 4 67
90 14 6
5 27 47
32 56 24
28 27 18
34 47 86
24 54 95
25 85 31
40 33 56
24 21 33
2 85 94
24 88 33
25 46 14
70 94 62
98 68 60
32 66 24
63 12 53
59 38 56
99 38 4
63 24 53
52 26 67
5 27 45
72 47 65
56 74 1
5 98 19
90 70 1
70 66 60
5 27 3
28 27 45
70 94 29
28 27 19
2 97 53
68 32 18
5 75 3
59 92 56
70 4 62
20 3 24
5 27 19
43 39 94
5 34 18
5 34 45
41 63 22
2 84 6
80 54 1
90 46 94
70 68 25
69 88 26
57 49 9
90 68 60
2 24 53
41 44 65
40 90 29
2 92 6
24 88 1
43 46 94
99 33 50
90 39 94
32 68 24
78 74 56
72 49 12
90 66 24
41 69 86
41 4 72
52 94 67
90 85 31
99 33 29
56 21 95
40 90 56
41 75 65
94 32 45
31 63 86
25 47 94
52 94 54
41 4 29
32 68 60
35 75 65
68 75 3
10 90 62
31 44 65
24 3 4
28 4 29
10 38 56
89 33 60
79 75 87
92 52 47
68 98 47
69 54 33
20 12 20
10 33 62
45 12 4
31 75 33
89 42 60
2 46 4
90 37 69
57 38 9
35 69 33
28 26 67
59 90 56
90 39 31
68 27 3
5 32 47
94 34 45
10 92 56
34 85 94
79 84 37
40 71 67
52 26 54
5 32 3
40 33 29
72 47 12
41 71 72
25 37 28
28 94 62
31 83 65
92 52 65
2 3 4
25 37 37
35 69 87
70 25 72
25 23 1
90 92 69
78 74 1
41 44 87
45 24 24
56 88 33
95 27 19
70 71 54
52 4 54
63 3 4
40 25 4
39 92 50
35 75 86
69 88 56
94 98 3
52 25 62
90 66 46
90 70 37
89 56 95
65 38 12
90 33 25
79 23 37
25 92 28
98 66 25
56 82 95
41 44 33
24 97 53
80 82 33
79 75 86
45 46 20
89 66 24
89 42 95
40 94 72
79 70 1
79 69 86
70 26 62
20 24 20
40 4 67
2 92 69
2 46 14
2 14 94
40 90 4
90 47 94
20 3 53
79 44 87
70 42 60
78 88 33
20 24 53
57 49 65
2 97 4
65 49 47
31 75 87
99 38 62
70 94 72
94 27 3
99 33 62
39 25 29
25 47 86
41 63 65
24 3 29
25 14 86
90 23 28
69 88 33
92 70 28
31 69 65
41 25 62
52 25 67
57 52 92
10 38 4
78 82 56
68 75 47
80 21 1
34 46 14
90 33 24
24 88 26
70 42 95
92 52 9
99 92 4
28 75 45
79 70 37
56 88 95
57 38 12
25 14 6
79 70 6
72 68 92
79 37 69
40 4 72
94 32 19
2 39 6
28 4 67
89 42 24
35 44 87
70 33 46
34 14 31
89 68 60
34 47 94
2 12 20
2 39 86
63 12 4
65 47 12
32 66 46
78 21 26
79 23 6
28 27 3
32 68 46
17 47 92
25 70 1
72 52 12
69 21 56
90 37 37
90 84 69
52 4 29
90 14 31
2 97 20
24 24 4
43 39 31
56 74 26
89 56 46
92 38 12
72 52 65
32 42 95
20 3 29
56 74 56
52 71 67
5 98 45
10 25 62
45 97 20
5 69 86
32 33 95
92 49 47
20 12 24
63 46 29
98 42 95
2 39 31
52 25 29
68 75 45
70 94 67
63 12 24
5 69 65
68 34 19
35 63 65
2 23 37
90 46 6
41 94 67
95 75 45
28 71 67
28 75 18
92 38 65
17 68 65
92 68 12
63 97 29
99 38 29
98 42 25
17 49 65
35 63 22
45 24 29
20 46 20
79 23 69
92 47 92
31 44 86
5 83 33
79 92 37
68 75 18
25 92 37
95 34 19
59 25 50
45 97 53
70 68 46
35 69 22
70 56 24
70 42 25
5 44 87
35 69 65
24 82 95
72 38 47
25 23 6
56 82 56
68 27 47
2 23 69
78 54 33
65 38 65
90 47 6
92 92 37
94 98 19
34 85 14
34 14 6
65 47 9
63 3 29
31 63 33
28 98 18
43 85 6
32 33 60
68 34 18
39 92 62
28 25 67
25 92 6
92 23 37
90 47 14
45 24 4
25 84 37
24 82 26
5 44 33
40 38 62
80 54 26
2 46 6
56 82 33
92 70 6
57 68 9
70 66 25
79 63 22
79 63 33
2 3 29
56 88 1
98 66 46
43 47 31
40 25 72
43 14 6
40 4 29
39 92 4
72 38 65
41 75 33
17 68 47
40 71 29
63 24 24
24 97 4
25 39 86
2 14 6
92 68 65
39 38 62
79 37 1
43 46 6
90 66 60
10 90 4
57 52 12
90 42 46
90 56 24
17 38 92
45 3 29
80 21 33
28 98 47
89 68 95
39 25 62
68 27 18
34 14 94
95 27 47
41 83 86
69 54 95
24 12 20
39 25 50
92 37 6
92 37 69
31 75 86
92 37 28
28 25 54
41 69 22
2 92 28
90 33 46
28 98 45
65 38 9
79 84 6
34 46 94
25 85 6
70 33 25
70 68 60
43 46 86
41 83 22
2 46 29
25 14 31
45 46 29
20 46 53
56 21 1
59 90 29
90 46 31
56 88 26
41 94 29
79 84 1
5 34 3
72 49 9
95 75 18
2 84 1
56 54 33
24 54 26
45 24 20
24 74 95
5 83 65
70 66 95
68 32 47
20 3 4
40 92 62
24 97 24
25 47 14
69 21 33
41 63 33
70 4 67
41 63 87
43 46 14
45 12 29
45 24 53
34 46 6
70 56 95
24 21 26
40 25 50
70 4 29
32 33 46
24 46 29
63 3 24
59 92 4
59 90 4
59 25 62
99 92 62
92 84 69
39 33 62
41 25 72
79 83 33
59 90 50
98 33 25
70 71 67
68 27 45
10 25 50
5 75 86
2 85 6
69 82 95
59 38 4
43 39 14
10 25 4
90 39 14
5 27 18
35 83 86
32 68 95
25 85 14
43 14 31
79 23 1
40 90 62
59 92 50
5 75 47
90 92 6
10 92 62
45 12 20
72 68 47
28 71 62
90 56 25
2 12 53
45 46 24
40 71 72
70 26 54
2 92 37
2 3 24
40 25 54
2 70 37
39 90 56
25 46 86
24 46 53
32 66 25
65 49 92
65 68 47
52 71 54
2 23 1
5 63 22
39 25 56
2 37 37
2 47 94
56 54 56
63 46 20
69 74 56
2 70 6
40 94 29
32 42 25
2 12 24
17 49 47
28 25 29
56 82 26
32 66 95
80 74 26
79 44 33
92 84 6
40 25 56
80 88 95
24 82 33
24 24 20
90 14 94
68 75 19
89 66 60
28 27 47
92 92 69
28 32 3
70 25 62
2 23 6
40 25 62
35 44 22
59 33 29
20 46 4
70 42 24
40 94 54
63 46 53
69 88 1
2 97 29
45 3 4
41 83 65
89 33 46
2 12 29
45 97 29
25 70 37
63 97 4
70 42 46
89 33 95
79 69 33
63 46 4
25 14 94
78 88 26
45 3 53
69 54 1
25 85 86
59 25 29
95 27 3
63 3 20
25 84 6
69 74 33
40 94 62
68 27 19
59 92 62
90 85 86
79 92 1
70 66 46
90 70 69
5 83 22
72 52 47
17 49 92
25 47 6
41 83 87
40 4 54
69 74 95
70 33 60
99 33 56
34 85 86
40 38 56
41 69 87
43 47 6
2 46 86
90 33 95
68 98 18
57 47 47
31 44 87
2 39 94
31 63 65
99 25 29
72 49 92
92 52 12
57 68 12
79 83 65
20 97 4
56 21 33
98 68 46
28 32 18
98 56 46
92 23 6
17 52 12
34 85 31
59 92 29
57 47 92
78 82 95
10 25 29
98 66 95
41 44 22
40 38 29
70 26 72
52 4 62
5 69 22
95 32 45
57 38 47
24 74 1
90 39 86
40 26 72
2 84 28
90 68 95
90 84 37
41 44 86
70 71 29
90 37 1
5 32 18
2 3 53
89 56 25
24 3 20
94 34 19
2 70 1
28 71 72
25 23 28
72 49 65
79 69 22
78 54 95
98 42 46
98 66 60
63 3 53
92 68 47
98 66 24
94 32 47
92 47 47
24 12 29
35 83 22
43 47 94
69 82 56
94 75 19
17 52 9
98 33 60
78 54 56
5 63 33
52 71 72
79 92 69
2 47 14
28 94 54
10 25 56
56 88 56
92 47 9
57 47 9
90 39 6
39 38 29
99 90 4
41 94 62
40 71 62
94 98 18
17 52 92
68 32 45
40 71 54
40 92 4
2 85 14
5 44 65
35 44 86
98 56 25
39 25 4
31 75 65
25 92 69
65 68 12
32 56 95
43 14 14
41 71 67
90 85 6
41 4 62
24 74 56
41 69 65
43 39 86
99 92 29
10 38 29
92 38 9
72 38 12
90 42 60
80 54 56
5 63 65
35 75 22
35 83 87
99 92 56
43 39 6
99 33 4
92 70 69
90 33 60
56 74 33
70 66 24
70 33 95
5 98 3
79 83 22
24 24 29
35 63 33
79 75 65
10 33 29
59 33 56
34 39 31
39 90 29
79 69 87
57 68 47
28 71 54
79 84 69
78 74 95
68 98 3
40 26 62
92 38 47
25 84 28
98 68 95
89 66 46
45 12 24
17 52 47
41 75 87
80 88 33
78 74 26
2 85 86
72 68 9
5 44 22
63 24 4
40 33 4
28 32 45
56 54 95
92 49 12
39 33 56
80 88 56
89 68 46
28 94 72
20 24 4
90 47 31
70 26 67
63 12 29
89 42 46
65 52 92
65 49 12
28 32 19
5 75 18
5 75 87
89 56 60
10 38 50
90 47 86
17 52 65
2 46 94
72 47 92
65 49 65
41 25 29
99 25 56
90 85 94
70 56 60
41 4 54
92 49 92
80 54 95
95 27 45
41 25 67
45 12 53
35 75 33
59 33 50
52 26 29
28 75 19
41 75 22
72 52 92
20 24 24
2 12 4
24 21 1
20 24 29
39 90 62
59 25 56
31 44 33
95 34 3
92 23 69
2 84 69
99 25 4
78 88 95
92 92 1
95 32 47
99 38 50
41 71 54
59 38 62
79 37 6
89 68 25
92 37 37
68 98 19
20 97 53
41 26 54
25 85 94
94 27 47
25 46 6
43 47 86
90 70 28
52 26 72
52 71 62
2 47 86
52 94 62
28 98 19
56 54 1
92 47 12
28 26 54
17 47 47
80 88 26
69 74 26
94 34 3
80 82 56
5 75 33
2 47 6
79 44 86
10 38 62
65 68 92
40 26 67
2 14 14
25 70 6
59 33 4
80 88 1
45 46 4
94 27 19
31 69 87
40 33 50
5 44 86
94 34 18
34 39 86
35 63 87
41 26 72
78 74 33
92 84 1
65 38 47
2 70 69
57 47 12
24 21 95
34 39 6
17 38 9
94 98 45
5 34 19
10 92 4
65 47 65
34 47 31
5 63 86
78 54 26
90 66 25
17 49 12
