38 40 90
43 80 58
62 71 76
10 8 76
13 34 78
61 68 4
79 47 28
74 1 22
48 73 25
46 24 51
68 97 14
38 81 65
91 73 80
67 3 3
55 70 51
46 24 48
61 62 78
37 41 43
31 63 13
66 19 33
20 80 36
11 93 55
64 99 86
99 55 77
64 97 78
92 24 22
68 43 38
1 87 8
77 88 0
10 86 81
10 7 38
1 66 56
26 32 97
86 19 68
37 33 91
80 51 92
88 40 79
58 26 15
81 75 57
13 43 51
99 60 26
95 61 53
82 9 36
29 72 30
79 93 5
12 70 48
3 48 14
68 11 98
77 1 50
46 96 56
90 54 7
10 28 72
90 47 76
62 99 35
16 55 5
96 3 51
8 99 36
99 32 99
86 55 12
76 36 10
19 23 42
34 2 28
20 79 21
93 34 23
7 66 52
95 16 75
18 31 59
25 53 68
13 14 82
88 98 91
69 57 11
20 70 74
22 87 19
59 7 38
19 44 26
18 29 48
47 21 92
27 80 20
6 6 53
25 66 29
68 86 16
31 67 97
85 55 5
42 67 13
39 62 97
81 40 60
90 34 87
31 77 81
54 43 62
82 96 42
78 5 34
61 7 69
9 57 31
0 15 11
99 0 21
4 66 21
21 14 58
30 32 73
38 15 73
92 64 87
5 89 97
33 42 84
24 70 25
8 61 56
13 97 45
8 78 46
63 80 54
13 4 61
62 87 44
39 1 38
10 65 28
72 15 12
94 90 28
29 87 30
12 43 51
19 0 8
8 84 39
98 22 89
97 70 19
82 32 66
19 33 49
39 40 41
97 30 97
58 96 20
95 28 65
0 29 41
16 86 75
2 89 66
47 82 33
53 98 12
38 25 37
26 21 24
99 54 10
18 44 90
40 58 93
65 86 50
97 90 64
5 79 38
88 22 80
87 73 10
43 34 2
62 61 92
78 74 86
82 52 6
92 93 4
50 28 47
21 44 66
79 7 25
38 51 46
46 62 2
85 30 29
85 22 80
33 14 17
0 45 66
10 8 24
16 31 21
4 11 64
20 49 46
81 93 98
67 18 88
44 35 49
97 82 52
45 14 53
61 9 41
49 98 31
20 24 78
87 0 98
26 65 18
57 13 27
33 81 41
79 15 54
17 19 12
68 18 11
80 6 68
18 60 26
20 15 66
94 97 62
8 4 48
27 70 46
9 71 83
14 12 50
83 4 8
93 83 33
28 30 21
18 28 82
13 35 57
69 42 70
75 40 68
6 94 21
93 60 90
1 87 72
61 40 44
49 62 8
43 50 90
97 24 26
26 1 67
33 66 69
9 11 49
68 30 82
97 69 74
67 74 96
21 96 85
57 43 11
79 23 22
21 81 57
48 97 57
51 39 74
25 95 56
34 16 37
97 13 38
23 94 54
59 60 2
3 90 13
43 28 42
94 71 39
34 12 95
91 38 42
70 8 35
56 81 95
51 17 6
0 44 58
56 30 46
87 16 85
62 34 77
13 66 0
16 77 17
86 82 73
87 78 52
69 27 36
18 60 9
62 57 62
54 53 62
49 30 88
95 47 4
60 20 38
1 10 70
14 94 90
50 55 89
14 92 56
74 45 24
10 48 8
14 92 67
95 99 50
91 8 9
94 14 25
12 51 62
5 1 66
48 51 67
31 3 72
84 60 52
86 87 61
86 65 39
93 98 95
62 6 37
69 13 39
27 0 68
23 3 74
27 76 2
37 91 72
75 35 34
80 16 79
53 59 36
82 49 61
33 72 88
58 38 91
83 29 65
77 4 14
37 86 42
19 11 55
39 15 98
56 66 39
32 31 73
75 96 98
80 19 22
26 21 3
11 20 91
36 38 94
44 19 67
96 53 89
0 62 60
32 65 34
39 40 75
66 59 78
84 11 50
86 65 4
37 14 80
7 9 90
48 18 45
17 69 21
77 20 45
89 42 98
25 23 56
53 74 21
35 51 53
71 5 16
80 61 45
71 73 69
72 1 2
84 68 16
69 69 37
54 16 89
14 40 28
23 15 54
58 39 58
30 3 34
85 22 37
39 45 63
88 0 22
19 61 21
25 98 63
84 23 59
63 29 92
64 14 16
51 80 60
91 74 50
21 22 48
97 59 91
84 41 59
50 30 53
26 37 58
83 24 72
83 73 49
97 61 98
21 48 31
51 3 34
68 67 37
13 97 78
49 80 21
16 70 94
39 70 55
65 61 93
86 5 27
12 89 19
12 24 54
86 15 34
25 0 58
22 64 17
21 66 50
40 14 17
5 68 59
68 85 18
95 87 80
4 0 41
12 73 23
86 49 53
50 83 1
22 50 65
87 43 88
38 59 20
47 38 69
62 65 37
54 60 19
0 62 8
55 0 9
20 5 30
71 61 23
64 45 7
35 61 73
19 30 62
21 74 37
58 40 32
44 34 11
87 63 85
38 28 50
76 24 89
58 68 64
73 75 36
27 14 59
20 87 2
62 7 21
72 88 79
74 47 41
36 3 83
7 54 95
43 49 20
19 10 47
9 11 90
58 68 51
8 30 9
68 58 86
1 42 5
62 74 77
71 16 97
97 60 50
53 12 91
80 92 23
0 56 64
83 34 68
78 99 84
4 93 87
33 92 75
55 99 78
68 0 85
50 43 66
85 64 8
3 79 71
72 3 80
18 83 39
44 42 3
61 53 70
74 36 66
45 24 21
30 16 89
65 50 70
65 27 90
73 57 47
98 61 32
99 20 4
54 7 4
24 17 43
4 2 97
29 7 97
65 18 5
66 18 43
23 32 89
63 31 56
53 24 90
73 74 19
25 68 18
14 9 77
77 22 17
42 73 48
10 49 88
85 70 35
88 17 86
4 5 15
1 53 40
34 99 53
0 89 28
66 10 60
5 51 91
84 53 65
97 15 15
77 69 35
25 23 97
57 81 54
61 26 15
69 6 94
60 62 39
80 51 97
9 17 26
64 79 83
49 62 63
37 84 70
90 7 12
29 40 96
11 71 56
64 76 34
3 43 16
34 91 59
31 87 8
65 84 93
50 0 89
1 69 42
98 91 86
98 94 94
25 24 0
88 64 43
47 66 37
50 31 25
9 28 9
58 87 97
11 19 41
5 45 8
23 83 64
42 69 57
89 19 56
74 5 19
92 58 44
84 2 84
68 43 34
39 79 40
69 81 0
73 67 90
47 67 29
51 80 46
10 66 55
7 51 23
11 36 31
92 23 89
99 51 45
60 82 27
80 99 19
32 8 3
11 17 60
73 69 9
37 10 54
40 45 10
51 63 88
76 64 17
23 28 92
43 58 60
1 86 7
72 1 89
72 25 64
76 36 40
51 99 23
90 1 5
95 70 73
35 41 6
49 52 55
21 10 95
93 55 50
7 59 26
85 76 76
99 7 19
87 7 25
95 55 57
69 10 23
51 48 56
10 41 37
29 7 0
39 80 79
25 72 59
61 44 98
1 52 26
23 61 19
42 75 29
58 72 54
84 47 28
30 51 39
15 40 70
3 51 90
97 71 81
80 28 81
97 4 51
76 19 33
23 99 38
14 48 47
76 33 62
40 80 94
95 3 58
71 92 11
41 83 65
10 97 76
50 16 34
56 13 49
80 28 91
68 10 9
40 9 94
86 97 86
32 66 29
93 96 35
23 82 38
2 24 9
68 26 70
18 40 97
40 93 46
58 89 7
76 2 13
36 54 90
38 65 51
22 92 18
19 46 32
15 46 93
0 50 1
65 63 69
31 33 39
99 19 65
37 86 30
65 63 63
77 80 83
15 29 66
52 0 44
75 69 59
13 96 14
83 72 5
98 36 63
31 79 53
89 64 14
56 85 96
69 10 99
59 93 0
90 28 99
58 65 33
66 16 32
51 76 78
17 52 6
59 22 25
12 50 82
7 46 67
84 34 93
18 38 24
83 53 98
46 68 66
54 79 62
48 43 10
62 37 50
75 66 54
91 38 58
63 72 74
52 40 67
95 84 8
93 80 93
65 32 33
46 34 44
5 71 27
17 43 72
73 96 15
8 90 38
47 93 60
39 99 25
0 70 56
43 92 9
77 54 82
88 91 80
28 56 61
62 83 23
12 18 42
46 10 43
29 39 71
95 20 73
41 23 80
27 95 36
88 67 15
33 37 55
58 80 94
53 57 13
17 98 73
10 62 14
20 31 70
44 66 83
33 80 41
11 27 54
15 20 6
28 96 60
31 56 97
88 49 77
40 3 94
45 54 56
65 88 86
55 94 24
26 48 8
53 96 40
50 53 0
1 86 82
38 15 51
41 65 89
90 72 4
42 87 99
60 6 63
48 11 48
94 75 59
13 1 19
47 25 33
3 75 62
45 10 27
26 81 21
73 88 23
11 67 42
33 82 89
17 19 31
61 20 61
70 71 69
62 59 10
75 60 52
93 86 26
27 5 98
22 94 21
51 7 61
89 93 11
0 72 29
49 38 93
80 96 80
4 73 95
85 53 76
60 50 60
37 0 29
85 74 94
70 84 27
25 42 57
6 0 51
41 99 37
62 11 56
86 60 74
91 23 76
96 93 67
32 24 52
11 11 73
74 47 29
60 65 48
79 20 87
71 26 51
81 41 54
21 19 73
38 34 71
42 6 75
57 68 38
1 19 21
23 54 34
65 78 81
22 93 77
85 60 91
0 34 20
40 69 89
91 94 2
93 58 13
20 39 26
62 22 16
69 86 11
21 83 29
30 19 41
12 97 27
62 51 10
60 95 45
66 65 33
18 60 8
3 55 37
21 22 59
71 34 78
39 12 90
74 23 75
0 83 43
64 0 21
20 32 41
80 6 84
20 63 78
2 81 93
40 91 97
79 52 85
91 12 95
87 80 53
35 77 76
71 35 73
58 33 7
95 99 36
76 0 28
80 59 51
35 8 51
59 34 94
26 84 93
36 33 91
69 22 34
36 85 27
86 54 1
78 49 63
30 78 18
79 17 75
83 17 19
76 22 22
85 96 72
13 70 35
85 32 83
40 50 56
38 62 77
31 60 20
66 23 83
98 87 41
7 86 70
71 15 49
88 78 38
34 7 97
83 6 22
92 88 71
52 92 17
63 14 16
21 90 77
30 2 96
32 4 94
90 11 94
25 44 57
74 93 36
89 94 58
26 52 41
92 63 19
65 22 42
42 64 55
60 41 83
35 12 4
46 26 4
60 74 31
78 88 30
77 28 30
58 96 31
5 66 29
4 87 7
84 7 17
69 17 58
45 31 88
50 4 82
89 26 42
18 49 72
10 62 37
5 41 14
96 71 77
18 51 75
70 34 82
59 17 99
54 3 68
2 91 35
16 52 51
22 18 96
17 53 16
59 73 24
79 36 54
4 26 37
11 91 4
81 15 7
49 59 66
13 35 49
94 76 48
94 51 8
78 90 57
22 23 81
71 19 48
38 68 50
19 84 74
70 96 92
16 72 18
56 25 62
16 72 22
43 75 94
7 23 62
22 52 26
14 28 13
40 36 87
45 60 6
74 96 87
94 86 22
54 8 46
12 87 2
94 2 58
81 91 92
96 56 84
55 73 18
11 79 75
28 6 54
96 11 22
12 36 61
58 72 2
80 65 48
53 25 40
65 50 5
25 93 67
81 9 30
61 68 90
2 25 30
26 25 23
26 69 63
98 66 6
94 44 55
53 40 44
76 58 78
20 23 95
99 59 74
8 27 78
50 98 91
77 73 35
5 12 19
68 79 35
96 95 76
62 39 56
42 60 64
72 26 52
48 46 7
65 40 29
90 32 85
64 16 43
26 0 88
1 46 44
43 55 22
29 47 92
44 54 75
93 52 26
72 49 72
20 42 30
34 45 82
47 59 81
17 3 91
95 84 7
64 4 57
23 74 71
96 96 38
34 84 43
11 67 55
49 37 18
68 28 76
29 23 78
59 7 4
22 0 78
34 39 72
1 1 24
16 30 8
42 59 73
34 31 28
37 48 52
83 26 96
48 0 0
79 82 86
11 51 53
74 5 0
82 81 2
59 4 24
26 55 94
94 87 77
75 58 75
25 61 43
99 36 34
67 47 37
66 75 33
50 27 93
37 66 72
91 84 3
31 29 64
4 27 22
37 45 82
51 63 97
40 52 64
72 86 27
2 40 22
87 82 86
17 74 3
81 37 67
21 26 81
20 36 50
15 52 25
38 26 10
65 16 62
58 98 14
4 71 24
5 96 81
13 29 26
19 68 71
84 6 3
12 23 88
55 95 41
25 78 86
53 81 45
59 92 4
79 37 26
6 31 40
87 77 13
20 25 60
85 50 45
63 90 12
54 56 20
34 63 73
77 83 54
4 85 42
75 73 79
96 30 65
73 22 83
50 31 29
32 58 31
57 79 35
53 46 47
64 44 80
90 50 55
83 73 88
86 90 16
57 96 6
84 13 71
91 23 0
43 99 10
65 13 21
98 69 8
19 23 92
35 1 9
43 14 63
48 97 17
96 61 71
12 70 51
0 68 78
44 60 46
65 21 84
55 33 74
8 49 32
0 5 67
66 53 53
72 4 67
11 22 66
64 98 94
23 39 9
38 43 77
24 32 46
28 31 19
54 57 46
20 4 20
97 68 67
93 23 63
81 93 54
93 74 34
67 91 30
9 81 91
11 48 98
63 27 14
87 7 33
8 48 20
17 82 75
91 3 92
74 18 59
61 65 34
49 70 76
55 94 22
99 38 43
5 38 82
52 59 10
62 7 89
1 98 54
6 0 78
