62 71 4
59 47 0
18 70 35
13 43 48
47 4 94
74 18 59
2 18 23
69 65 16
62 4 16
59 47 4
55 29 26
62 39 4
62 73 94
13 66 33
65 55 8
66 47 38
85 65 37
46 60 9
30 47 15
19 30 74
0 62 90
49 99 4
50 7 8
4 84 74
46 60 48
66 77 28
80 40 85
79 47 38
13 34 78
18 60 9
89 71 4
50 55 77
74 47 59
79 65 33
66 92 4
39 39 19
4 84 9
2 43 45
34 74 21
11 30 62
30 18 28
55 60 48
68 34 78
55 70 35
85 22 94
13 29 35
13 24 48
18 56 60
13 60 9
18 67 58
55 43 9
79 66 38
99 74 77
74 65 88
18 44 97
10 92 0
85 4 34
34 7 89
55 29 48
4 18 55
75 58 31
31 56 90
49 99 56
79 65 0
79 65 4
4 30 9
69 66 37
50 74 8
39 67 64
4 1 9
69 22 37
62 4 94
31 44 64
58 40 31
85 22 37
84 23 15
2 15 78
31 62 64
99 74 21
2 97 23
30 77 28
66 66 33
10 65 33
98 18 45
38 67 60
99 0 97
69 66 16
59 70 35
66 47 28
4 30 74
30 47 59
59 99 19
0 67 58
13 43 26
50 34 89
58 48 31
58 40 85
99 34 77
58 16 79
85 4 80
38 40 97
50 34 97
68 18 11
55 70 48
84 65 74
39 67 60
18 44 60
39 40 64
8 18 85
80 58 31
34 74 77
34 77 59
66 77 59
0 56 64
8 30 9
46 60 35
13 66 28
79 92 33
0 40 97
64 97 14
18 43 48
80 96 31
39 7 76
21 48 85
19 1 9
21 40 68
65 0 21
62 7 8
19 18 62
74 77 74
0 40 64
68 15 14
98 18 11
8 93 62
19 84 55
68 34 23
19 1 74
38 56 58
13 92 0
62 71 76
66 18 74
85 66 37
98 43 23
47 4 37
38 62 60
55 29 51
0 67 97
34 0 8
31 67 60
66 47 59
42 25 99
4 1 74
74 23 88
74 23 15
84 77 74
2 34 14
68 97 78
88 48 20
13 15 45
34 0 89
93 1 62
38 40 90
75 58 85
80 96 85
32 73 34
88 16 20
2 43 23
0 62 58
18 40 60
18 44 64
58 96 31
0 56 60
31 40 97
4 1 55
10 66 4
62 7 76
30 65 74
49 7 4
62 39 35
58 48 20
46 70 9
8 1 74
21 58 79
64 15 45
58 58 79
98 97 45
68 43 11
59 65 0
98 34 23
12 70 35
89 39 56
4 1 85
62 73 37
18 60 51
59 71 56
99 55 21
68 15 45
19 30 85
4 93 9
19 30 9
58 96 68
46 29 9
69 65 34
75 58 79
32 73 37
98 97 14
66 65 28
68 97 23
46 60 51
39 70 76
13 47 38
18 70 26
66 77 88
32 66 94
21 58 68
32 73 94
39 44 90
64 43 14
10 7 38
18 62 58
32 65 94
18 56 64
21 96 85
93 93 62
79 7 28
34 34 89
93 84 85
66 92 33
19 30 55
19 84 62
32 22 94
80 48 85
58 16 85
49 39 35
39 44 64
93 18 55
68 34 11
11 93 62
34 47 74
38 67 90
62 99 56
55 24 48
74 23 59
13 24 51
59 99 76
59 7 19
79 66 28
62 65 16
21 48 79
65 0 89
13 24 35
49 7 56
38 62 58
49 7 76
66 7 28
66 92 38
68 34 14
18 29 51
8 18 62
39 70 19
21 58 20
75 96 85
38 67 58
69 4 37
80 40 31
69 66 94
0 62 60
18 40 58
30 77 59
79 7 33
68 43 45
64 97 78
34 23 88
80 16 79
13 43 14
59 99 56
84 18 88
11 84 55
11 1 85
34 74 97
84 18 15
65 74 97
39 99 76
21 48 20
66 18 15
13 65 4
13 66 0
80 96 20
19 93 74
0 40 90
31 62 58
47 66 34
66 92 0
47 22 94
11 18 9
34 55 77
2 97 78
32 65 80
74 18 88
74 47 28
66 65 0
4 18 85
32 65 34
50 7 21
31 67 64
80 40 68
98 15 14
46 70 48
21 16 31
55 29 9
58 58 85
66 7 38
89 39 35
80 16 20
47 4 34
66 65 59
93 30 55
59 66 28
30 18 59
75 16 20
59 92 28
62 39 56
8 30 74
31 40 60
2 15 11
65 34 77
88 58 20
85 66 94
69 65 94
59 66 0
13 70 51
99 74 97
75 96 68
93 93 9
38 40 64
85 66 34
13 47 28
55 43 51
38 44 97
8 84 62
65 74 89
99 0 8
59 66 4
88 58 68
62 65 94
47 65 34
69 66 34
21 16 20
4 18 74
47 65 37
19 1 55
13 43 11
13 92 33
4 93 85
11 84 74
89 99 76
64 34 45
46 29 26
0 67 90
10 92 38
59 39 19
12 70 48
18 40 64
12 60 51
80 40 79
13 65 28
47 66 80
65 34 8
4 84 85
34 7 21
12 24 48
59 39 4
21 96 31
0 56 90
74 18 28
59 71 76
13 15 78
65 34 89
98 97 23
69 4 34
93 84 74
93 18 85
2 15 14
18 24 48
39 44 58
93 18 62
8 93 85
79 7 4
59 47 33
10 66 28
10 92 33
50 7 97
64 43 23
89 71 76
13 70 48
89 39 19
39 40 60
47 22 34
13 18 11
98 97 78
50 74 97
59 39 56
18 62 60
18 67 90
39 67 58
34 18 15
59 65 4
85 73 34
62 4 37
13 92 4
89 99 4
75 48 20
58 96 79
10 7 33
50 34 21
13 60 35
39 39 4
62 74 97
18 67 60
85 4 94
93 93 74
11 18 62
66 66 28
12 70 26
84 77 59
62 7 35
11 1 55
80 48 68
50 34 77
59 70 76
84 77 28
49 71 35
2 18 11
10 47 28
21 96 20
0 56 58
83 78 50
31 44 90
62 66 34
62 74 89
34 7 77
68 52 82
32 66 16
47 22 37
49 99 19
39 56 58
84 23 59
30 47 74
2 97 11
62 34 21
11 93 74
59 47 28
84 47 74
59 71 19
85 65 80
13 29 48
62 0 97
10 92 4
43 0 84
47 22 80
18 44 58
34 7 97
89 70 76
62 70 56
98 34 11
62 55 8
80 16 68
31 62 97
32 4 80
99 34 89
55 24 35
74 65 59
12 60 26
64 97 23
30 23 59
62 70 35
69 66 80
47 73 94
62 39 19
34 18 88
49 70 4
18 24 26
13 70 26
47 65 80
99 0 89
64 34 78
59 47 38
10 65 0
0 44 64
4 1 62
18 24 9
80 48 31
59 70 4
12 24 9
58 96 85
65 7 97
10 47 4
34 74 89
38 40 58
17 56 14
59 66 33
64 18 78
55 29 35
66 47 74
34 74 8
13 97 45
88 96 20
62 55 77
67 39 22
89 99 19
10 3 95
74 18 74
64 15 11
44 6 8
58 96 20
39 39 76
99 7 89
62 71 56
54 28 80
64 15 78
18 40 97
68 18 14
64 18 45
10 66 0
62 22 37
13 7 28
93 1 55
69 65 80
4 93 62
66 18 28
18 62 64
32 4 37
8 1 62
72 65 67
11 93 85
84 18 59
32 73 80
89 70 56
93 18 74
46 60 26
34 83 58
80 58 85
2 15 23
84 67 15
30 47 88
64 97 11
99 77 79
59 7 38
8 18 55
80 16 85
13 47 33
45 64 72
8 66 0
28 75 46
69 73 80
64 43 11
62 65 80
19 30 62
39 56 97
12 22 12
98 43 11
13 24 9
59 7 0
39 70 35
65 34 97
13 43 35
66 65 88
13 7 33
21 16 85
62 65 37
6 0 14
69 73 94
64 15 14
50 0 8
79 44 25
80 16 31
88 16 68
10 65 28
98 11 90
50 25 36
93 97 0
47 66 16
8 93 74
29 24 59
75 40 31
39 56 90
26 17 44
47 66 37
30 77 74
55 24 26
13 97 23
89 99 56
80 48 79
18 43 35
66 23 28
2 43 11
85 73 16
74 77 88
38 56 97
21 16 68
39 39 56
14 76 56
59 70 19
65 74 8
1 39 35
59 66 38
30 23 74
88 96 31
84 18 74
2 18 45
59 99 4
79 7 38
88 40 68
55 60 26
62 93 14
85 65 34
25 32 51
32 22 37
18 67 64
49 70 76
34 77 28
11 1 74
46 24 51
99 55 77
21 16 79
21 58 31
99 0 77
63 18 48
64 97 45
98 43 14
24 4 63
30 18 15
62 73 34
66 65 74
49 70 19
97 35 72
13 15 14
57 63 98
39 37 80
59 92 0
0 44 90
35 3 64
4 30 62
58 40 79
39 70 56
93 1 85
0 67 60
50 0 77
8 84 74
93 84 55
2 48 10
54 89 46
75 40 20
88 96 85
13 7 0
5 50 31
59 92 38
34 7 8
98 18 9
21 40 31
12 70 9
40 20 94
66 65 33
8 30 55
46 43 35
80 58 68
84 47 59
12 43 26
54 37 39
17 34 9
4 30 55
19 93 85
20 56 16
43 0 86
6 75 16
13 7 4
63 60 2
58 58 31
32 66 80
55 60 51
62 7 4
66 23 59
50 88 7
31 55 20
39 40 90
65 96 66
49 39 56
64 34 14
19 95 19
32 4 16
19 18 85
81 58 32
84 65 59
62 74 21
47 73 34
10 87 36
39 7 35
39 39 35
34 47 88
53 43 56
46 70 35
88 48 85
77 70 91
31 44 97
34 47 28
8 30 85
49 99 76
13 18 14
62 71 35
85 65 94
62 66 37
75 96 79
66 47 88
62 0 77
37 89 55
11 84 85
19 18 55
66 92 28
11 18 55
68 63 72
89 70 35
98 38 79
65 55 21
21 64 20
58 16 20
70 11 7
89 7 19
38 62 64
31 67 58
10 7 4
2 34 23
62 7 21
47 73 16
72 94 37
32 22 34
58 29 17
13 60 48
64 18 14
71 78 65
69 65 37
50 6 44
30 65 28
24 63 38
75 48 79
50 55 97
46 29 51
79 65 38
34 34 97
69 22 34
78 63 11
93 63 84
85 66 80
74 77 28
18 70 9
10 92 28
89 7 76
89 7 4
19 44 6
74 47 74
38 44 60
43 72 28
79 82 96
62 73 80
98 97 11
79 66 33
84 77 15
64 43 45
98 34 45
16 28 65
98 7 59
87 30 78
59 39 35
18 75 84
58 40 20
7 82 48
77 29 56
99 34 21
99 96 55
32 22 16
81 93 96
93 76 56
39 71 4
68 97 14
65 7 77
58 48 79
32 4 94
65 7 21
71 18 80
34 77 15
74 18 15
24 86 54
75 96 20
38 44 90
62 70 19
63 96 58
69 22 16
68 76 90
66 23 15
12 29 51
98 43 78
75 58 68
32 99 35
32 77 98
66 66 0
68 31 48
12 55 78
98 9 7
62 7 19
61 11 51
89 7 56
63 59 96
66 77 15
55 97 68
9 71 19
81 9 76
67 0 47
48 54 60
88 40 20
98 18 78
64 34 11
76 86 87
20 15 46
30 65 59
2 97 58
75 58 20
11 30 74
77 61 42
49 71 76
17 81 4
55 24 9
98 33 71
11 30 55
98 18 23
32 74 3
55 70 51
89 37 7
99 7 77
48 99 31
28 23 73
98 15 11
31 62 90
76 73 28
4 93 55
41 26 94
18 30 42
2 43 78
34 23 74
34 77 74
0 88 19
21 27 51
13 43 51
78 2 36
46 28 73
75 61 70
1 90 23
13 15 11
74 66 92
82 42 36
25 7 10
39 99 35
66 62 72
85 68 49
17 51 54
93 84 9
39 56 64
89 71 56
99 44 39
4 18 9
58 30 86
0 62 64
37 98 31
8 93 55
88 70 56
65 7 8
79 47 33
74 23 74
39 71 35
98 15 23
78 67 61
65 55 97
10 66 33
26 53 5
62 99 4
62 22 16
1 60 39
39 64 0
69 92 95
4 88 67
66 65 4
32 23 27
0 62 97
26 76 82
75 51 44
46 43 51
62 74 8
52 20 17
89 99 35
12 60 35
19 55 59
55 43 48
86 92 74
34 23 59
43 23 71
79 42 23
6 9 48
74 68 54
34 34 21
71 48 82
5 62 43
36 14 97
34 71 75
38 41 10
12 3 84
62 66 16
70 37 78
13 16 78
38 56 90
18 24 51
3 62 11
68 97 11
62 99 35
12 29 9
58 16 31
85 5 85
77 55 37
7 5 21
39 71 19
18 60 35
8 71 38
94 20 15
31 40 64
89 66 14
87 5 0
21 40 85
68 32 59
50 29 67
58 40 68
24 58 52
85 61 15
25 91 28
74 27 43
62 34 97
47 97 26
85 47 36
42 18 27
62 27 80
20 83 91
58 61 74
59 39 76
3 50 14
85 22 80
79 13 81
13 24 26
75 48 85
13 47 4
7 16 68
39 62 60
74 8 51
98 4 41
34 65 74
38 62 97
3 8 30
87 50 5
3 3 13
74 77 15
69 66 85
38 44 58
90 85 49
17 34 60
15 89 32
8 41 39
20 22 80
13 66 38
30 95 51
63 72 82
77 39 12
26 29 5
63 35 41
69 4 16
65 14 86
97 94 25
58 16 68
25 72 29
60 61 51
65 55 89
11 92 88
79 47 0
43 25 63
50 20 21
61 57 16
62 34 8
45 26 84
75 70 99
28 46 22
33 45 33
94 19 18
0 40 58
65 60 38
27 89 92
23 43 12
