13 60 51
64 97 23
55 43 9
39 67 64
2 34 23
50 55 8
85 22 34
8 84 74
19 30 74
39 67 90
99 7 77
74 65 74
18 29 51
68 34 11
80 40 85
64 34 23
19 93 55
54 49 16
99 7 21
39 40 97
68 43 45
55 70 51
68 18 14
55 24 9
93 18 55
69 73 16
58 40 20
62 7 76
8 18 9
97 54 51
88 48 85
79 7 28
68 97 45
80 58 79
47 4 37
62 22 94
12 29 51
74 65 88
4 84 85
19 93 62
98 15 14
18 56 60
62 0 8
89 71 35
79 92 33
19 30 85
98 43 11
88 96 20
13 97 45
31 67 90
62 0 77
10 6 20
0 62 97
34 23 88
66 47 4
66 47 74
91 51 42
13 66 4
51 4 65
4 30 55
77 11 21
99 0 8
66 65 38
8 84 9
47 22 16
59 70 19
49 7 35
31 40 97
99 7 89
93 84 9
62 55 8
39 39 19
30 77 59
19 79 27
34 0 8
2 97 14
24 30 13
59 99 56
98 97 11
62 74 89
12 62 51
13 87 40
38 56 58
21 96 20
89 57 81
39 62 64
38 67 90
38 71 36
16 56 43
56 29 36
64 34 11
2 15 14
62 39 4
25 42 62
18 29 9
34 47 74
38 67 58
34 65 59
34 74 97
56 36 52
18 62 90
18 70 26
10 47 0
38 44 60
47 73 40
88 73 96
63 89 17
69 22 80
19 51 2
88 58 20
84 47 74
69 73 80
2 18 45
34 7 89
13 70 35
95 29 76
13 24 9
13 43 26
58 48 31
21 16 68
24 78 48
64 97 14
79 7 33
0 40 64
66 47 15
13 43 45
55 62 73
65 74 8
11 1 55
45 14 26
91 28 47
42 35 86
19 30 9
34 31 24
39 39 76
89 56 49
54 37 23
88 40 85
75 40 31
46 29 9
89 81 97
21 96 79
19 18 74
62 74 8
31 67 64
39 99 56
78 36 68
86 76 8
39 62 90
23 45 99
30 65 59
75 58 20
19 2 7
58 0 23
98 34 14
62 22 16
6 33 8
93 61 11
41 68 70
95 32 72
13 80 17
25 27 6
65 55 77
30 18 74
55 70 35
62 70 56
44 46 60
67 61 91
51 9 64
71 11 80
31 62 58
49 99 76
47 66 37
15 93 46
4 18 9
1 9 56
80 48 68
32 45 62
47 91 23
45 53 36
50 34 97
71 13 19
2 34 45
31 44 58
11 41 4
64 30 87
18 43 26
93 1 62
72 28 89
89 71 56
11 93 85
58 99 71
74 77 28
61 44 21
58 16 79
44 0 80
2 43 7
20 31 95
62 4 37
30 1 7
54 52 66
58 84 78
43 96 1
50 47 77
34 77 74
88 16 20
30 77 15
94 80 0
6 10 72
40 66 52
25 81 54
45 41 10
12 53 81
53 72 86
92 14 89
11 88 57
38 29 98
64 97 78
65 66 45
13 7 28
2 56 55
19 1 9
20 80 45
64 65 38
59 94 38
33 6 62
5 16 96
54 9 55
27 59 96
69 43 70
10 57 68
68 90 4
91 36 42
62 70 19
0 25 66
4 98 99
44 53 55
69 22 37
63 67 71
62 65 82
84 23 74
43 22 82
62 35 49
66 93 21
89 13 51
49 70 76
93 15 72
59 69 12
80 38 97
81 15 89
7 22 41
84 77 59
29 17 94
48 25 69
2 97 23
80 60 92
34 18 15
75 15 8
18 56 15
59 70 56
32 22 34
86 23 99
46 51 8
46 58 66
9 41 74
23 27 35
32 66 80
53 3 94
50 44 69
66 18 15
42 63 5
23 38 82
53 78 89
44 68 56
78 19 82
40 25 4
3 53 69
99 65 24
93 4 16
1 9 27
53 50 49
48 78 82
0 30 79
14 42 21
6 28 24
17 82 74
35 83 1
13 24 26
26 71 83
2 28 84
11 30 85
0 38 33
66 18 59
21 40 31
86 8 61
75 48 20
46 43 9
94 43 73
0 62 20
46 97 29
19 1 85
46 24 48
31 40 90
41 74 81
2 34 14
74 51 31
20 24 48
79 63 42
86 12 47
64 81 19
58 63 49
47 52 77
79 36 44
32 66 37
5 46 88
37 85 40
6 64 51
49 99 19
49 7 76
60 86 85
54 73 12
97 85 88
35 4 91
34 34 89
25 95 26
21 16 85
10 66 28
47 10 59
13 29 26
81 90 37
5 34 23
65 42 14
88 0 2
34 47 28
71 39 0
55 73 60
68 23 45
69 4 34
40 86 12
36 30 47
12 86 25
50 7 21
64 15 78
86 82 55
82 5 2
85 45 90
76 32 21
60 99 68
34 31 90
24 96 8
6 94 30
36 10 74
39 44 97
61 48 47
87 17 35
41 76 95
19 1 62
39 71 76
74 2 45
18 43 51
40 67 52
18 29 35
74 7 37
10 13 59
59 2 64
33 4 47
15 38 20
88 58 68
74 23 28
21 97 97
64 45 36
47 26 54
62 7 56
70 32 48
18 10 47
13 15 14
21 0 65
68 34 45
30 68 50
13 6 31
8 58 32
63 64 38
62 41 42
61 52 81
13 43 51
71 84 77
6 92 62
50 34 89
32 87 82
50 49 44
66 7 33
81 93 95
4 18 32
82 83 14
44 10 40
85 56 96
44 97 9
11 93 23
82 81 36
13 27 45
23 8 60
35 83 48
11 6 81
95 78 48
14 35 23
66 65 4
60 85 38
48 30 26
68 60 92
65 7 21
55 87 73
97 46 29
99 65 17
26 95 41
11 11 71
27 54 66
5 18 53
76 90 74
65 7 97
86 80 89
62 0 97
57 23 36
3 94 46
58 16 31
83 54 50
49 31 71
5 26 84
72 32 65
35 11 56
74 77 88
11 34 16
25 79 2
60 86 57
64 98 71
69 66 37
99 62 83
9 65 61
3 96 1
47 55 42
10 65 4
13 83 36
80 35 16
49 26 51
68 43 23
24 51 15
72 82 63
90 86 10
62 73 80
35 3 99
66 47 28
86 6 86
50 88 87
9 95 26
66 30 63
66 18 88
37 10 2
60 86 51
37 19 22
47 4 94
34 47 88
19 23 25
89 99 76
58 96 68
84 86 75
81 60 8
18 56 64
97 18 98
55 98 45
89 79 13
63 30 97
34 13 95
37 33 6
83 33 15
10 42 63
99 7 8
83 42 82
30 15 66
70 67 94
81 66 19
6 99 63
22 39 0
28 12 8
62 70 76
14 15 27
3 86 90
18 38 30
43 35 17
50 74 77
51 34 9
1 39 67
99 74 77
66 79 75
24 60 22
67 89 27
20 70 13
39 48 1
96 32 92
88 64 99
61 89 78
26 63 78
50 91 95
18 75 31
83 79 66
85 80 78
52 84 2
39 99 35
62 66 37
22 56 12
55 74 34
79 4 73
51 26 29
52 75 4
67 15 50
50 41 94
25 84 98
0 40 58
94 39 90
35 41 81
70 88 90
85 36 3
22 24 15
27 21 16
95 36 90
96 8 33
80 67 69
69 22 16
88 14 38
11 22 92
50 48 54
8 1 74
35 19 54
98 71 91
19 11 37
70 59 74
79 66 4
43 97 81
84 10 42
92 53 19
95 79 68
46 66 2
64 18 11
71 0 1
97 17 81
21 40 20
39 67 60
92 53 15
66 65 33
12 49 61
51 56 90
89 7 76
37 91 77
82 1 66
26 83 57
65 7 8
21 67 35
4 84 74
47 66 34
13 15 11
26 20 5
52 40 88
76 26 76
82 86 29
61 1 20
49 71 84
54 34 78
23 71 39
97 97 0
6 16 23
15 86 13
55 41 75
43 13 17
8 59 97
51 73 64
29 75 89
61 86 49
53 70 72
4 76 31
98 25 82
74 77 59
70 22 51
93 30 74
14 3 50
39 75 17
63 92 58
2 51 26
82 44 76
37 70 99
45 93 89
55 18 55
89 99 4
32 61 43
37 99 43
48 41 46
77 36 96
98 37 30
49 99 13
14 51 96
91 52 53
59 21 16
26 10 89
64 18 45
62 34 21
19 18 55
49 31 41
17 77 66
59 25 84
97 53 48
97 63 6
91 93 75
61 71 40
79 89 88
7 79 52
64 35 30
86 78 46
33 18 2
16 16 61
29 92 77
32 11 68
79 37 16
71 24 42
34 78 95
9 13 59
79 27 85
82 16 33
37 29 19
80 16 56
62 10 51
72 15 68
13 10 15
98 59 27
83 4 94
64 94 19
96 91 74
73 77 37
27 57 68
64 70 79
22 12 41
33 66 10
17 59 84
88 16 68
59 47 33
19 45 53
74 55 50
48 51 50
55 54 78
40 97 1
42 73 21
28 95 95
29 42 34
41 13 24
68 31 41
18 60 48
36 21 97
67 45 59
87 51 97
39 7 56
19 0 64
46 6 65
16 32 11
75 62 32
82 94 33
32 18 64
99 43 63
52 73 55
48 15 15
17 86 55
29 72 15
29 95 29
39 99 37
9 3 64
1 10 70
27 24 40
41 64 78
8 91 46
27 88 28
76 52 18
35 92 19
57 36 31
94 6 27
50 54 5
72 67 42
65 0 89
14 4 61
18 84 60
16 34 38
70 97 77
7 84 38
41 94 14
56 54 75
5 75 37
28 21 46
82 23 31
19 16 82
23 29 62
36 92 12
69 22 94
18 0 64
9 59 91
42 50 89
93 91 82
83 67 23
79 66 33
99 55 8
91 16 34
12 24 9
13 92 28
6 69 73
49 7 19
40 4 43
76 26 62
83 80 56
18 52 94
64 45 78
71 42 98
3 98 71
19 19 14
29 57 30
67 54 57
62 34 7
43 29 7
26 23 94
53 23 63
0 16 38
48 31 99
46 7 77
29 25 6
51 10 8
69 78 21
72 26 3
65 34 97
34 91 97
88 30 1
60 72 22
58 1 70
63 83 49
37 11 78
12 61 37
21 48 68
65 48 7
68 38 35
95 43 82
81 40 58
32 22 37
45 68 66
95 19 49
81 18 18
3 35 67
62 65 94
54 69 4
83 73 97
75 14 30
65 31 56
80 92 64
32 7 14
18 43 48
89 68 51
95 59 37
70 97 27
31 56 97
32 94 5
85 21 8
65 0 97
34 63 96
58 1 83
19 15 20
43 73 83
82 89 62
63 1 13
92 1 30
93 30 62
26 82 34
47 7 15
17 84 15
79 66 38
19 1 55
87 5 1
89 75 28
73 14 2
38 16 60
58 16 68
84 65 49
49 39 56
55 95 52
25 69 2
52 79 51
98 40 67
34 28 38
94 25 36
52 2 64
13 7 20
40 33 89
33 79 42
27 17 0
23 92 39
34 4 51
66 38 55
29 49 25
5 88 77
9 0 29
11 28 62
97 64 70
89 21 85
81 81 14
7 20 47
11 98 43
18 67 60
72 94 11
74 18 88
10 62 32
36 82 15
20 91 90
26 67 25
92 74 84
31 44 60
82 31 92
91 11 47
41 10 41
22 29 44
19 66 99
9 68 1
11 57 97
36 81 49
35 16 18
58 48 68
26 86 37
28 54 96
34 66 36
92 72 52
84 10 45
20 44 43
80 51 62
66 77 28
76 17 25
8 18 62
6 5 5
44 75 81
17 74 53
19 69 63
18 40 58
97 16 1
88 75 99
72 64 12
13 29 51
86 20 87
79 56 81
16 99 51
56 21 54
64 50 82
7 13 10
4 3 37
6 96 21
81 2 40
30 18 28
19 66 70
83 60 23
28 19 4
64 15 45
42 61 76
68 94 77
19 21 98
55 29 9
76 69 62
85 42 68
61 41 72
34 52 99
89 52 70
33 74 18
34 0 97
59 65 61
47 95 9
87 32 58
17 58 7
66 65 88
60 59 6
91 64 90
4 25 1
40 82 4
81 49 90
9 70 70
87 54 8
22 57 73
48 91 90
62 12 69
23 79 97
78 68 32
50 49 29
47 22 94
34 47 15
12 84 40
2 14 1
5 65 86
12 60 26
8 98 63
29 41 61
97 87 53
37 51 74
54 90 66
50 77 59
78 42 31
13 76 89
96 43 53
57 81 7
12 67 60
6 53 71
35 10 57
17 29 85
3 24 68
79 66 28
41 85 52
55 4 62
5 80 41
14 37 84
84 6 67
60 70 1
53 84 0
0 2 77
0 53 24
59 41 70
15 32 55
57 19 15
28 52 19
57 38 40
21 48 20
2 54 3
39 34 23
61 38 24
29 85 32
73 94 71
21 5 59
80 65 23
47 68 34
35 0 94
8 79 88
55 78 5
99 57 21
94 85 95
64 59 7
64 50 59
82 48 93
85 73 34
63 95 42
87 42 98
30 54 15
69 46 90
26 0 67
52 62 18
2 76 16
95 80 8
21 58 79
74 40 34
11 42 43
77 68 87
90 66 58
95 96 57
58 4 90
19 84 74
30 38 8
39 56 60
7 42 69
1 23 87
33 70 36
11 66 55
44 1 73
45 34 44
54 68 44
1 74 23
93 84 74
3 86 70
77 69 57
22 70 83
54 12 37
71 50 26
62 74 77
57 92 93
26 84 31
38 94 61
18 92 71
33 26 17
39 14 91
55 37 75
8 56 70
31 23 44
79 62 49
55 29 48
30 63 11
59 30 80
11 0 68
48 58 46
4 6 93
83 99 69
28 97 27
30 11 37
15 98 91
80 75 73
7 97 14
15 29 33
54 67 27
8 1 62
76 11 2
66 89 75
