98 43 78
38 62 58
55 43 48
32 66 34
62 66 94
98 18 14
62 7 97
89 7 19
89 70 56
69 65 37
59 99 56
58 16 68
66 77 59
0 40 60
62 7 19
59 7 35
4 1 74
39 40 60
66 7 33
21 96 85
10 7 4
84 18 28
80 96 20
98 15 11
46 60 9
46 43 51
65 55 21
65 0 21
21 16 85
30 47 88
89 99 76
34 55 77
98 15 45
31 56 64
39 39 35
39 56 64
59 70 19
88 58 85
21 58 68
85 66 16
93 30 9
62 65 80
58 96 79
11 18 62
64 97 11
84 18 74
18 56 64
21 96 20
2 15 78
34 7 89
88 16 85
59 71 35
19 84 55
55 70 9
64 43 45
2 97 11
79 7 38
49 39 76
46 29 9
10 47 33
21 58 31
79 65 28
59 92 38
39 56 60
66 77 88
30 47 15
13 29 26
80 58 31
0 62 60
30 23 88
18 40 60
99 34 97
88 40 20
84 77 88
66 47 4
80 40 68
31 67 90
85 65 16
10 47 0
39 7 56
65 0 8
62 99 56
19 18 62
32 73 37
69 4 80
46 24 48
38 62 90
10 66 28
68 34 23
12 43 51
13 29 9
98 15 23
74 77 74
49 70 76
55 70 26
13 47 4
80 58 68
11 93 55
62 7 8
0 44 90
64 18 11
62 22 16
93 1 85
98 18 23
89 39 19
38 44 60
79 47 0
39 62 60
18 29 48
38 62 60
46 43 9
68 18 14
18 60 48
19 18 74
47 22 94
62 70 76
84 65 15
12 70 51
12 43 9
88 48 85
74 77 88
47 4 37
47 73 16
75 16 20
8 93 62
75 16 79
99 74 89
4 93 9
30 77 74
99 55 97
50 0 77
79 65 4
13 43 48
10 7 28
84 65 28
68 18 11
31 44 64
34 18 15
58 16 85
38 67 97
30 47 74
99 74 8
98 43 11
4 18 9
2 43 78
31 67 60
12 43 35
62 7 35
18 40 90
47 65 16
13 60 26
13 92 4
31 44 97
62 55 21
62 39 4
80 48 31
34 65 88
58 48 31
13 60 35
75 96 85
79 66 0
49 7 19
32 4 16
4 30 85
64 97 23
93 84 55
80 16 85
99 55 77
34 7 77
34 47 88
10 47 28
84 18 15
18 43 9
64 97 45
62 0 8
84 23 59
75 58 20
12 60 48
2 97 45
30 77 15
79 92 38
8 18 85
11 30 62
39 62 64
34 34 21
18 70 35
0 67 58
38 56 60
55 60 26
18 70 51
69 66 34
11 1 74
62 74 21
38 44 90
19 30 55
64 43 11
18 24 35
19 30 62
58 48 79
18 40 64
80 48 85
10 66 38
13 34 11
85 66 37
21 40 79
68 43 45
39 40 97
66 23 88
62 7 76
13 47 28
66 18 74
62 65 34
47 65 80
62 71 35
2 15 45
46 43 35
13 70 35
34 23 15
79 47 38
34 18 88
69 4 94
10 92 33
75 40 68
62 73 37
4 18 85
13 34 23
66 7 0
32 73 34
50 55 21
19 93 55
49 7 56
93 93 55
34 55 97
32 22 37
59 92 28
4 30 62
66 7 28
18 24 51
65 74 77
19 93 74
4 84 55
59 39 4
93 18 9
98 97 14
21 48 68
34 77 59
39 71 35
13 24 48
11 93 85
18 29 26
21 16 79
80 48 79
8 84 62
38 67 60
62 70 35
39 71 76
38 44 97
0 56 60
62 7 77
66 47 38
4 93 85
8 30 85
50 7 21
88 48 31
18 40 97
98 43 14
98 97 11
32 4 37
84 47 59
34 65 15
39 99 56
62 39 76
32 65 34
64 34 14
66 23 28
4 93 55
4 84 85
34 74 8
11 93 62
66 18 15
80 96 68
0 62 97
80 48 68
66 65 4
62 39 19
50 34 97
75 16 85
79 7 4
13 92 0
62 74 97
12 29 48
30 77 28
89 7 4
31 67 97
74 65 15
88 16 68
31 40 60
80 58 20
62 71 19
85 22 16
50 74 8
62 73 16
8 1 74
4 84 74
30 23 74
19 1 55
34 47 74
8 30 62
55 60 35
66 66 0
64 97 78
4 18 55
62 34 21
4 1 9
12 70 26
84 65 88
99 7 8
0 62 64
88 16 79
62 55 97
32 66 16
18 44 97
13 60 51
21 58 20
98 18 78
2 18 45
8 1 9
69 22 37
0 56 97
80 58 79
34 0 97
13 34 14
21 48 79
38 67 90
62 66 37
59 39 19
69 73 34
18 70 26
8 18 55
55 60 48
66 92 4
8 30 9
80 96 85
62 71 4
68 97 23
74 77 28
58 48 68
18 60 35
13 24 26
75 58 85
74 18 74
93 93 62
89 70 4
74 23 88
89 7 56
0 62 90
31 56 60
58 96 20
84 65 59
98 34 23
89 71 4
11 1 9
10 66 0
88 16 20
84 77 15
84 18 59
75 16 31
39 56 58
13 15 78
62 66 34
13 18 45
47 22 37
13 34 78
18 43 51
69 73 80
99 7 89
46 24 35
68 34 11
31 62 60
89 99 35
2 97 14
4 30 55
75 48 20
50 7 97
85 73 80
10 7 33
85 65 80
38 40 60
13 18 23
18 24 26
38 62 97
50 7 8
88 58 31
66 18 88
13 92 28
13 97 78
74 23 15
10 92 28
49 71 35
62 74 8
55 24 26
59 39 35
13 92 33
12 60 51
11 1 62
4 30 74
75 40 20
47 4 94
39 71 19
99 7 21
85 4 16
46 43 48
49 39 19
38 40 64
8 93 55
58 48 85
80 16 79
75 16 68
65 74 89
21 48 20
4 18 62
64 34 11
88 96 85
98 18 45
34 0 89
34 34 8
13 47 0
62 99 35
10 7 0
69 22 94
58 58 20
2 15 11
8 1 62
0 40 58
50 34 89
65 7 77
13 92 38
47 22 16
39 62 58
88 96 20
59 65 0
39 70 19
13 70 26
62 4 16
19 84 9
79 65 33
13 15 14
39 99 4
98 34 14
11 18 9
31 62 58
55 43 35
66 7 38
59 47 38
2 97 23
34 55 8
62 0 97
32 22 80
12 29 51
13 65 28
65 7 97
2 34 78
13 47 33
13 65 38
49 99 19
38 40 58
66 47 15
46 29 48
39 40 90
18 67 97
66 7 4
59 71 19
93 93 74
89 99 56
66 47 59
0 56 58
68 43 78
75 58 31
47 66 37
39 99 19
46 70 35
34 77 28
58 40 31
59 66 38
89 99 19
46 60 51
10 65 4
58 16 79
38 44 64
84 47 74
34 18 28
12 24 51
55 24 48
85 66 80
31 44 58
13 7 28
32 65 37
66 65 28
74 77 59
62 73 94
66 66 38
39 99 76
69 65 94
47 66 94
59 65 38
79 47 28
68 15 78
80 96 79
74 65 59
13 66 4
13 70 9
62 70 56
18 56 90
46 70 9
69 22 16
64 15 45
66 66 28
59 99 35
59 99 4
62 22 37
32 65 80
93 84 62
99 55 21
13 18 14
18 40 58
32 22 94
59 65 33
59 71 56
84 23 74
11 18 55
93 1 9
79 92 28
18 62 90
8 18 62
68 15 45
30 65 74
66 65 88
10 65 0
55 60 51
19 93 62
74 47 74
74 18 59
13 97 11
89 71 76
12 29 9
47 66 80
34 65 59
10 47 4
65 34 77
21 48 31
65 34 8
8 84 9
69 66 37
30 23 28
38 67 58
55 70 51
58 48 20
13 43 9
8 30 74
30 65 28
19 30 74
55 70 35
55 24 51
0 40 97
18 67 64
39 71 4
79 65 0
13 66 33
79 47 4
39 7 4
30 18 59
49 39 35
2 18 78
59 47 33
12 70 9
59 7 19
50 7 89
30 18 74
62 55 8
66 18 28
69 4 37
84 47 88
65 7 89
18 43 48
13 29 48
39 67 58
31 62 64
93 84 74
99 74 77
34 65 28
21 58 79
34 23 88
66 92 0
32 73 80
66 77 74
99 7 97
34 23 74
66 65 59
59 65 4
62 7 4
68 34 45
39 39 56
99 34 89
32 4 94
62 71 56
84 65 74
30 23 59
64 15 14
89 71 19
65 74 21
68 97 78
59 7 28
32 65 94
13 24 51
31 67 58
62 55 77
69 73 16
74 47 28
62 34 89
2 43 11
93 18 74
93 1 74
62 73 80
59 99 19
75 48 79
39 67 64
74 77 15
98 97 78
38 40 90
19 84 74
50 34 21
62 99 19
99 55 8
59 70 76
21 58 85
39 44 64
30 47 28
65 0 77
79 7 28
66 65 33
68 15 11
11 84 55
39 70 56
80 40 20
85 4 34
2 34 14
21 16 68
13 7 0
34 18 59
19 93 9
32 65 16
34 34 77
18 60 51
68 43 14
68 18 23
8 84 55
62 66 80
0 40 64
88 40 68
64 43 78
18 44 64
13 43 11
10 92 0
0 67 64
49 71 19
98 97 23
18 56 97
69 22 34
11 1 85
39 39 19
19 18 85
75 48 68
79 92 33
99 0 77
49 7 35
13 66 38
68 34 78
50 0 89
66 77 28
0 44 58
93 30 85
59 92 0
80 58 85
58 16 20
47 22 34
88 58 20
50 55 8
69 66 94
74 65 28
39 40 58
59 99 76
13 15 11
66 47 0
13 65 0
98 34 45
85 73 16
99 0 8
79 92 4
75 58 68
34 47 28
31 40 97
34 77 74
89 7 35
85 4 94
11 30 74
8 84 74
19 30 9
39 70 76
79 65 38
74 23 28
66 23 74
59 7 76
93 30 74
13 97 23
59 66 28
2 34 23
80 40 31
34 55 89
66 66 33
62 70 4
50 74 21
34 65 74
8 1 55
58 58 68
84 47 15
93 1 55
93 1 62
47 66 34
75 40 31
59 70 56
12 70 48
13 29 35
64 15 11
38 40 97
69 66 80
85 22 37
47 73 80
39 39 4
34 7 97
55 70 48
39 70 35
0 56 64
12 43 48
8 18 9
21 16 31
64 18 45
85 65 34
66 47 28
75 48 31
10 66 4
34 0 8
64 18 23
30 18 88
46 60 48
10 47 38
13 70 51
66 47 74
79 66 33
38 56 90
69 73 37
49 7 76
62 71 76
65 55 8
46 29 51
64 34 45
74 47 88
74 23 74
21 96 31
49 7 4
13 15 45
69 65 34
13 15 23
4 1 55
13 66 0
31 56 97
49 99 4
58 16 31
12 24 48
18 43 35
18 43 26
50 74 97
62 4 34
89 70 35
84 77 28
75 96 68
39 67 90
0 67 90
11 30 85
64 43 23
38 67 64
50 55 77
88 40 79
59 7 56
89 39 56
19 84 85
34 47 59
62 65 94
0 40 90
62 7 21
75 48 85
32 66 94
74 23 59
12 24 26
99 74 97
12 29 35
32 22 34
66 23 15
62 4 37
85 65 94
10 92 4
39 99 35
62 4 94
75 96 79
8 18 74
99 55 89
64 97 14
47 65 94
47 4 80
65 34 21
98 15 14
10 65 28
66 65 15
50 74 89
0 44 97
98 34 11
21 40 68
21 40 31
38 44 58
0 67 97
19 1 74
93 18 62
69 65 16
55 43 9
65 34 89
39 44 97
47 4 34
2 15 23
39 62 97
32 66 37
32 4 80
65 55 77
46 29 35
47 65 34
18 60 9
31 56 90
69 66 16
58 96 31
39 44 90
4 1 85
34 7 8
4 1 62
34 74 89
65 74 97
18 70 9
62 65 37
49 39 4
47 73 34
55 24 9
13 65 4
13 34 45
62 34 8
13 43 23
88 96 79
2 97 78
88 96 68
21 40 85
12 24 9
93 30 55
11 93 9
2 18 23
21 96 68
50 34 77
68 97 45
85 22 80
32 73 94
89 39 35
62 39 35
21 96 79
30 77 59
80 40 79
18 62 58
66 65 74
38 62 64
39 71 56
62 34 97
65 7 8
99 74 21
65 34 97
84 77 59
55 29 26
2 43 14
89 39 4
34 23 28
55 29 9
59 47 4
75 40 85
32 73 16
19 18 9
30 47 59
12 60 26
62 7 56
46 29 26
4 93 74
13 43 26
18 24 48
49 70 4
62 39 56
85 22 34
55 24 35
59 92 33
85 73 37
99 7 77
31 44 60
39 7 19
2 15 14
59 7 4
18 44 90
62 74 89
98 97 45
62 55 89
58 40 20
13 18 11
30 18 15
59 71 4
39 56 97
80 16 68
32 66 80
8 1 85
13 60 9
31 62 97
10 92 38
85 65 37
12 60 9
68 15 23
58 40 85
12 70 35
13 24 35
34 55 21
80 40 85
4 18 74
68 97 11
74 65 88
64 15 23
74 18 88
64 43 14
18 56 58
85 4 37
50 74 77
88 40 31
13 43 51
39 44 58
12 60 35
13 7 4
84 23 88
8 93 9
11 93 74
59 71 76
62 65 16
18 62 97
88 16 31
59 7 0
18 62 64
88 48 20
0 67 60
88 48 68
62 73 34
68 43 23
11 30 55
13 97 14
34 74 77
46 70 26
66 23 59
2 34 45
58 58 85
46 43 26
18 67 90
50 55 97
49 99 76
30 65 88
88 58 79
98 15 78
18 67 60
19 30 85
47 66 16
47 73 94
74 47 15
49 70 35
49 71 76
59 70 4
0 44 60
93 93 85
99 0 21
34 74 97
66 65 38
49 39 56
79 66 38
55 29 51
50 0 97
13 43 78
38 56 58
