19 18 9
98 34 78
64 97 78
38 44 60
4 84 74
34 23 74
46 24 51
31 44 64
47 66 80
13 60 48
93 1 55
50 34 77
88 96 79
34 74 8
84 47 74
88 16 20
38 62 97
46 24 48
13 24 26
50 55 21
74 77 74
21 16 85
98 34 14
31 62 90
89 99 76
98 97 78
79 7 0
19 93 85
98 18 45
10 47 38
65 34 8
65 34 89
88 48 68
58 16 85
19 1 62
62 65 37
66 66 4
75 96 85
62 73 34
19 1 55
12 60 9
32 65 80
2 34 23
64 18 78
59 66 28
21 16 20
85 73 34
65 55 97
13 18 14
11 18 74
13 66 38
12 43 35
13 65 38
88 58 79
58 40 31
66 66 33
62 7 4
11 1 55
89 71 4
62 39 19
47 65 80
99 34 77
80 58 68
13 66 4
85 4 37
69 22 37
18 40 60
62 65 94
2 18 23
62 65 80
34 7 89
0 56 97
47 66 37
66 65 59
8 1 55
13 92 33
8 84 85
39 44 64
64 97 11
39 40 60
64 34 78
99 74 8
47 65 16
74 23 74
18 29 48
11 30 85
69 65 80
65 7 97
39 39 4
0 67 90
59 71 76
85 22 34
38 56 90
69 65 37
31 67 90
4 93 9
34 34 77
12 60 48
62 66 94
30 18 28
75 40 68
21 40 68
18 24 48
30 23 28
8 18 74
38 67 97
59 92 33
19 93 9
84 47 59
18 40 64
62 4 16
99 7 77
74 23 15
46 29 35
34 47 74
50 7 21
79 47 38
64 43 14
98 18 78
65 7 89
84 77 28
85 73 16
13 43 48
46 43 35
64 97 23
32 73 34
85 73 80
59 66 38
66 23 15
50 7 97
89 7 35
79 47 0
46 24 26
58 16 20
21 58 31
84 65 59
84 77 59
31 44 60
13 43 51
84 23 88
32 65 37
59 70 35
58 96 68
62 39 56
13 92 0
64 15 78
75 16 79
34 74 77
2 15 14
69 4 94
75 96 68
84 47 15
74 47 59
31 56 90
13 70 48
8 18 9
62 65 34
4 93 55
34 47 28
21 40 31
10 65 28
13 70 26
46 24 9
13 66 33
66 18 88
74 65 74
89 39 4
30 23 59
39 67 64
8 93 62
2 18 45
8 1 74
65 55 8
13 24 9
18 40 90
31 40 60
66 47 59
4 30 9
34 34 97
39 44 60
62 66 16
39 39 35
74 18 74
66 77 74
19 93 55
34 55 8
79 66 28
68 15 14
79 65 38
85 65 80
12 24 9
32 4 34
8 93 74
21 96 85
59 47 33
10 92 28
99 0 77
64 43 23
13 60 26
49 71 19
10 66 38
13 29 35
34 47 88
46 43 48
93 93 9
12 24 26
0 67 64
66 47 15
85 4 34
93 18 62
80 48 68
80 16 20
21 48 79
19 1 85
66 65 28
8 84 9
88 96 20
69 22 34
50 74 8
62 70 76
62 55 8
59 70 56
11 93 74
62 7 89
13 65 28
64 15 14
55 70 48
98 43 78
59 92 38
65 34 77
65 34 21
79 92 33
65 7 8
34 0 8
62 55 77
30 23 88
99 0 89
99 55 97
66 92 33
99 0 97
66 7 33
98 43 45
58 40 85
89 7 4
75 96 31
80 96 20
62 99 35
59 47 38
79 92 38
58 96 85
39 62 58
59 71 19
93 84 9
0 62 60
49 70 19
98 15 23
50 34 8
68 97 14
2 43 23
69 65 16
4 18 55
66 65 38
46 29 9
65 7 77
55 43 35
39 67 58
79 92 0
74 77 59
62 22 16
10 66 33
66 65 0
18 67 97
39 67 97
11 84 85
21 96 79
38 67 90
88 48 85
74 65 88
65 74 77
19 18 62
98 43 23
75 48 79
62 73 94
32 73 37
89 7 56
0 67 58
2 97 78
69 65 94
88 16 85
66 18 59
59 71 4
18 43 35
88 48 31
49 39 35
50 55 89
69 4 16
18 70 48
32 73 16
93 18 85
34 7 77
0 44 90
47 65 34
74 77 15
62 71 35
99 7 89
98 18 23
38 56 60
34 55 21
62 39 76
84 18 74
34 77 15
79 7 28
62 74 97
79 66 4
8 1 9
31 67 58
80 58 31
21 58 68
10 47 0
64 43 11
21 58 20
65 74 89
66 47 4
32 73 80
68 18 11
93 1 9
66 77 28
49 99 56
50 55 77
84 65 74
21 40 79
34 47 15
55 29 35
89 70 4
58 16 31
12 60 35
39 62 60
85 73 94
34 77 28
62 34 8
49 71 4
39 7 4
0 56 60
10 92 4
18 60 48
8 93 55
13 66 0
62 7 97
38 44 97
11 18 85
84 18 15
59 99 56
62 34 89
2 18 14
75 16 31
34 77 59
8 1 62
0 56 64
34 18 15
49 70 76
13 18 45
62 71 76
74 77 88
98 34 23
32 4 94
4 84 85
59 39 56
80 16 85
32 22 34
47 22 34
18 43 48
4 30 74
30 18 74
80 16 79
85 65 37
18 67 58
34 23 88
80 40 68
59 7 76
21 40 85
79 66 0
38 40 60
10 66 4
62 71 19
13 43 23
58 16 68
98 43 11
11 84 9
59 92 4
89 39 35
13 18 78
30 65 74
13 7 4
12 24 48
89 39 56
99 7 97
31 40 97
64 34 23
38 44 64
21 48 20
66 7 4
46 29 26
47 66 16
93 18 9
31 40 64
74 47 15
32 65 16
19 30 62
18 62 90
13 65 0
30 18 59
80 40 31
68 97 78
66 47 88
18 43 26
89 70 76
34 7 8
38 40 58
84 18 28
75 16 68
30 65 28
47 66 34
19 84 55
68 34 45
31 62 64
11 18 9
62 4 80
59 39 35
19 84 9
62 0 21
80 40 85
74 77 28
55 70 9
79 47 33
88 96 68
79 92 28
39 99 35
64 43 45
59 92 0
68 97 45
59 7 28
0 62 64
32 65 94
62 55 21
98 18 14
93 93 62
13 65 33
62 73 16
66 47 33
79 92 4
13 43 35
47 73 37
30 77 74
99 0 8
55 24 35
62 70 19
66 77 88
62 70 4
21 96 68
79 7 38
66 66 0
66 65 4
46 43 26
13 70 9
64 18 11
13 18 23
18 24 26
55 60 48
8 30 85
64 34 14
64 43 78
39 40 64
18 67 60
18 62 60
64 18 14
2 34 78
85 4 80
58 58 31
84 77 88
80 96 79
65 74 97
12 24 51
89 70 35
4 30 55
10 7 38
10 7 4
59 7 4
10 92 0
88 40 68
21 96 20
74 18 28
39 99 56
98 15 78
62 7 77
47 4 80
38 62 90
88 16 31
39 71 76
62 74 77
32 66 37
80 96 68
62 39 35
69 4 34
12 29 9
59 99 4
12 29 48
99 34 89
74 18 88
13 34 11
50 7 77
38 44 58
59 7 0
10 47 33
30 77 59
18 62 58
62 4 34
98 43 14
62 39 4
66 92 38
55 60 26
80 96 31
38 62 58
65 7 21
80 40 20
75 58 20
32 22 94
4 1 85
2 15 78
21 58 85
99 55 8
18 70 51
11 30 9
18 67 64
46 24 35
13 43 14
32 22 80
69 66 80
68 15 23
79 65 33
47 22 16
46 70 9
0 44 60
19 18 85
34 23 59
66 65 74
80 48 31
10 7 0
18 24 35
79 65 28
93 1 85
62 4 94
93 84 62
85 4 94
65 55 77
59 99 19
18 40 58
39 70 4
55 29 9
62 0 77
74 65 59
74 23 88
39 40 90
79 65 0
11 30 74
64 97 45
34 0 21
13 29 26
30 47 59
68 97 23
21 16 31
10 65 0
62 0 89
18 43 51
74 65 15
59 99 35
93 84 55
59 70 76
13 65 4
49 99 76
66 7 0
62 99 19
11 84 74
39 71 35
66 47 28
80 58 79
39 62 97
74 47 28
31 67 60
30 65 88
75 40 79
88 16 68
47 73 94
59 66 0
12 29 51
39 56 60
46 70 51
30 47 88
0 62 58
99 7 21
84 65 15
19 30 55
34 34 21
93 1 74
8 30 74
19 30 85
75 40 20
2 43 45
31 40 58
59 39 4
85 65 34
68 43 11
38 56 58
10 65 38
80 40 79
49 39 76
49 70 35
13 92 4
64 34 45
59 65 4
47 73 34
50 7 8
88 40 31
64 34 11
8 84 62
66 77 59
8 84 74
39 99 76
31 56 64
11 30 55
88 40 79
8 93 9
62 70 56
34 65 28
58 40 68
0 62 90
31 56 58
89 70 19
12 24 35
0 44 64
62 99 4
62 66 80
85 73 37
0 62 97
62 65 16
85 4 16
11 93 85
68 97 11
75 16 20
58 40 79
98 18 11
18 44 58
66 77 15
55 24 51
13 24 35
8 1 85
50 34 97
21 48 85
32 66 94
99 55 21
69 22 94
18 70 26
4 93 85
32 4 37
30 65 15
66 92 28
46 43 9
89 71 19
47 22 80
55 29 48
93 93 85
85 65 94
19 1 9
47 22 37
12 43 9
19 18 74
93 18 74
10 66 0
34 77 88
34 55 97
93 84 74
10 7 28
85 66 94
80 48 79
89 70 56
59 66 33
47 73 16
30 77 88
68 18 14
18 29 9
62 7 8
39 40 97
62 71 4
59 70 19
74 47 74
80 48 85
47 4 16
34 65 59
13 15 23
30 18 15
59 70 4
8 84 55
88 96 31
8 18 62
34 0 77
62 7 76
62 74 21
31 44 97
4 18 62
18 60 9
8 93 85
12 29 26
99 55 89
31 56 60
8 30 9
50 74 89
64 15 45
49 70 4
39 67 60
4 84 9
58 96 31
80 16 31
80 58 20
46 70 48
68 43 23
34 74 89
84 23 15
12 70 9
18 70 9
31 44 90
68 43 14
49 39 56
75 58 85
50 74 97
39 44 90
58 58 20
47 4 37
66 18 74
30 47 74
2 18 78
89 39 76
31 62 58
66 23 28
11 84 55
93 18 55
75 40 31
74 18 59
18 29 51
13 24 51
66 18 28
12 70 51
55 24 26
18 56 60
59 65 28
32 66 80
49 99 35
69 73 80
89 71 76
13 15 78
59 39 76
21 48 68
21 96 31
39 99 4
12 60 26
46 43 51
11 1 74
34 23 28
49 39 19
88 48 79
4 84 55
13 92 28
68 15 45
58 16 79
2 97 14
49 71 76
62 74 89
93 1 62
65 55 89
58 58 79
49 7 56
2 43 11
18 44 90
89 71 56
21 16 79
30 77 28
30 65 59
99 34 97
13 60 35
34 55 77
64 18 45
39 7 35
0 40 97
55 43 26
62 55 97
39 71 19
88 58 20
18 56 64
88 58 68
62 7 56
68 34 78
75 40 85
11 93 55
46 60 26
62 74 8
65 0 89
49 71 35
39 62 64
49 99 19
30 47 15
39 44 58
84 23 28
39 7 19
18 24 51
31 62 97
55 43 48
13 15 14
55 60 51
2 34 11
31 62 60
39 40 58
69 66 34
59 7 38
11 18 62
62 34 21
93 30 85
65 0 21
50 0 77
55 24 9
55 70 35
18 44 60
13 47 33
10 65 4
13 47 4
99 34 8
13 47 0
50 74 21
98 97 11
34 18 74
58 96 79
69 66 37
74 65 28
49 70 56
88 96 85
89 99 35
47 73 80
38 40 97
84 18 59
4 18 74
4 93 62
12 70 26
66 7 38
58 48 31
58 58 85
84 47 88
12 70 35
75 96 79
21 58 79
4 1 9
34 65 15
4 18 85
59 7 19
89 39 19
13 66 28
58 40 20
84 65 28
74 23 28
2 43 78
99 74 89
59 47 28
38 56 64
30 23 74
19 30 9
62 55 89
4 93 74
98 34 45
34 74 21
4 30 62
59 7 35
18 70 35
18 43 9
39 67 90
8 30 62
0 40 90
34 47 59
89 7 76
31 40 90
19 18 55
39 44 97
0 40 64
12 29 35
0 67 60
93 84 85
13 97 23
2 15 45
18 44 64
99 0 21
58 48 20
65 0 77
11 1 85
46 60 51
69 22 16
10 7 33
99 7 8
19 84 85
13 34 45
69 4 80
68 34 14
64 15 11
46 60 48
11 18 55
62 70 35
46 29 51
21 16 68
19 30 74
85 22 16
55 60 9
98 97 45
58 58 68
11 1 62
31 67 97
32 66 34
32 22 37
59 99 76
68 34 11
55 24 48
89 99 56
2 18 11
13 7 33
55 29 26
62 22 34
34 23 15
59 7 56
98 15 45
66 47 38
88 16 79
69 66 94
50 0 97
39 99 19
93 30 74
10 65 33
59 47 0
13 24 48
84 18 88
68 18 23
68 15 11
74 47 88
34 34 8
12 70 48
18 62 97
13 18 11
75 48 85
12 43 26
38 67 58
84 47 28
69 65 34
66 7 28
32 4 80
62 0 8
49 71 56
99 55 77
34 0 89
59 65 38
62 66 34
89 7 19
0 44 58
66 23 59
64 15 23
75 48 20
34 7 97
59 92 28
47 22 94
99 34 21
21 48 31
10 47 28
49 99 4
13 43 11
4 1 74
13 43 78
34 55 89
19 93 74
65 0 97
31 67 64
79 47 28
11 30 62
13 43 9
75 48 31
66 47 74
8 30 55
39 7 76
8 18 85
13 15 45
18 56 90
0 40 58
80 58 85
46 60 35
65 74 8
62 7 35
39 62 90
66 23 74
30 18 88
79 7 33
