57 40 48
61 22 49
43 48 94
12 43 17
59 53 92
72 6 90
15 61 79
43 17 59
41 91 85
21 23 94
42 34 79
79 23 76
2 66 60
17 7 60
45 22 32
91 98 93
93 40 62
34 26 24
48 47 79
41 61 48
92 45 7
92 40 62
32 44 30
91 17 8
32 18 96
78 47 79
70 61 58
61 43 87
25 89 32
25 43 87
50 98 93
23 80 39
34 24 49
48 38 20
34 66 60
50 57 36
93 45 35
17 7 74
72 6 94
5 20 20
43 17 76
41 80 48
2 96 60
38 25 93
90 7 49
15 99 48
32 98 30
14 25 32
89 80 58
38 98 96
34 66 74
36 5 7
45 43 49
98 45 66
98 5 35
17 57 49
89 80 49
25 25 93
42 26 45
61 22 85
50 57 32
78 61 25
36 93 35
90 61 58
27 7 74
18 53 92
45 22 85
41 91 32
50 25 84
45 43 87
32 98 93
2 7 25
2 24 60
14 45 66
30 20 24
34 96 60
50 44 93
75 34 93
75 92 24
27 24 60
90 80 48
14 6 17
92 7 60
23 7 49
42 34 93
78 99 29
48 61 25
75 10 85
48 65 96
18 53 17
6 22 87
92 37 80
14 57 17
15 47 48
40 34 24
91 17 60
25 25 30
41 43 85
41 39 85
78 61 48
70 61 48
92 96 60
2 24 25
50 44 96
57 47 79
43 6 8
48 47 29
48 43 66
17 7 49
92 93 66
89 80 39
14 93 35
76 41 20
25 39 87
38 25 60
6 39 85
25 91 87
42 10 24
18 57 92
43 67 59
48 99 48
97 99 48
6 39 69
75 92 85
48 41 96
23 80 49
15 99 66
40 34 79
91 98 84
25 22 87
75 10 79
41 43 87
61 89 32
72 6 59
34 20 79
14 25 36
38 44 60
34 92 93
14 40 35
90 41 58
75 34 85
17 57 74
66 65 20
78 99 79
5 65 49
70 7 49
14 93 62
93 5 62
25 18 30
27 7 17
50 98 96
25 17 93
61 91 69
5 65 96
59 57 17
32 25 30
48 65 20
97 99 25
32 17 96
14 6 32
34 96 74
36 40 80
38 44 84
66 38 96
48 47 66
78 99 25
34 20 45
41 39 49
14 6 92
91 25 93
66 20 68
18 53 32
92 24 17
91 23 94
79 6 90
61 89 49
72 17 94
97 40 79
97 61 29
45 39 85
61 43 69
98 45 7
76 65 49
6 43 49
25 91 49
27 96 74
6 39 49
25 43 49
98 40 7
90 41 39
34 92 79
5 38 49
91 67 76
41 89 69
90 41 48
6 91 32
89 89 48
40 20 79
92 40 7
21 17 76
41 43 69
48 38 68
42 10 85
45 91 87
40 20 24
36 37 80
23 89 49
42 10 79
91 18 84
91 6 90
23 41 48
43 67 8
12 53 17
6 22 32
59 43 92
30 92 79
75 92 79
18 25 92
32 25 96
43 17 90
92 45 66
50 17 96
42 20 45
50 43 30
72 48 59
30 92 45
2 7 60
48 43 29
72 23 94
48 38 49
41 7 49
5 20 68
76 65 26
38 18 93
90 7 59
30 20 93
50 18 93
89 7 48
98 37 35
78 40 66
41 89 49
2 96 17
23 89 58
45 89 69
45 43 69
98 45 62
43 67 76
15 43 25
93 45 66
78 43 25
17 96 25
71 38 20
50 44 60
21 6 76
50 98 60
34 34 93
15 40 25
2 66 25
59 53 17
98 93 35
41 7 59
14 93 80
98 93 66
92 66 74
18 43 32
70 89 48
27 57 25
5 57 68
91 23 8
61 39 87
71 57 49
43 17 94
92 96 49
92 37 35
72 67 59
70 41 48
92 40 80
34 66 49
98 40 35
23 7 39
12 57 32
59 53 32
14 37 66
76 20 20
57 61 48
78 47 48
17 24 74
50 25 96
25 44 84
57 40 79
91 67 59
59 57 36
27 66 25
27 24 17
92 45 35
76 38 68
61 39 32
15 99 29
5 38 68
92 57 17
5 41 49
41 89 32
32 18 60
93 5 66
17 96 74
21 17 90
66 57 26
92 24 74
97 47 79
93 93 7
32 17 84
71 65 96
41 61 39
41 43 49
12 53 32
17 66 49
50 6 92
75 10 24
23 89 59
27 7 25
6 39 87
12 6 36
42 34 24
71 65 49
14 43 17
98 5 7
41 41 59
92 93 62
42 26 24
76 41 49
41 22 49
14 25 92
79 17 8
36 40 7
91 17 93
45 22 87
42 92 79
17 66 25
42 26 85
79 48 90
72 17 8
66 57 49
15 61 48
40 26 85
25 18 96
17 96 17
89 61 58
18 25 36
79 6 8
45 89 87
50 25 60
79 23 94
90 61 39
18 57 32
27 57 74
21 67 94
45 39 49
34 66 17
27 24 74
12 43 92
25 22 85
32 44 60
25 22 32
61 91 87
93 5 7
92 96 74
72 67 76
12 6 32
14 45 62
2 57 74
72 23 76
32 98 60
57 40 25
66 41 26
18 25 17
43 6 76
30 10 45
38 17 96
14 57 36
2 7 49
14 40 7
23 80 59
93 40 66
6 91 69
42 20 85
97 61 48
90 89 59
71 57 68
45 91 49
43 17 8
34 26 93
48 20 49
30 34 85
48 40 29
71 41 20
14 25 30
41 89 85
40 10 79
59 25 32
92 57 60
66 57 68
18 57 30
71 20 68
76 38 49
34 92 85
71 38 26
91 48 90
98 93 7
61 43 32
89 61 39
15 47 25
17 24 49
98 40 80
48 99 79
93 37 66
14 5 66
59 43 36
14 37 80
59 6 32
18 6 30
90 61 59
15 61 29
70 89 59
76 65 20
50 17 30
91 25 30
48 57 49
90 7 48
21 17 59
41 80 39
90 80 49
12 43 32
36 40 62
21 6 8
92 57 49
36 5 35
66 38 20
50 6 17
61 39 69
50 43 36
5 20 49
32 44 84
41 22 85
76 38 26
91 48 8
92 40 35
91 48 94
92 45 80
50 25 17
71 20 26
34 7 49
2 66 49
18 43 17
6 89 69
12 25 36
92 7 25
38 18 84
21 23 90
25 98 60
15 61 66
75 92 45
36 93 62
50 6 32
92 7 74
2 57 60
21 23 8
76 57 26
18 43 92
34 66 25
92 93 35
25 25 96
93 37 62
18 6 36
71 38 96
92 96 25
17 66 17
5 38 26
30 20 45
48 65 68
50 25 92
34 34 79
75 34 24
92 5 80
72 48 8
50 44 30
38 18 30
76 41 96
14 93 7
40 92 93
18 57 17
89 41 48
48 43 48
78 99 48
41 80 59
90 7 39
23 61 58
66 65 49
57 47 25
75 10 93
78 43 66
38 98 84
89 80 59
2 7 74
14 93 66
6 91 87
6 22 69
78 40 48
21 48 59
90 61 49
50 25 32
43 67 94
76 65 96
50 17 93
78 47 29
75 10 45
79 6 76
5 57 96
40 34 93
48 61 79
57 61 66
15 40 66
50 18 30
12 6 92
71 65 68
25 91 32
79 48 94
50 17 60
92 5 7
6 91 49
14 53 92
79 67 94
30 92 24
98 37 62
30 20 85
92 57 25
41 7 58
14 43 30
70 80 49
34 7 74
38 25 30
17 57 17
14 6 30
2 24 17
27 96 60
97 40 25
70 41 49
14 25 17
57 99 79
14 43 36
25 43 32
98 40 66
57 40 29
89 7 39
41 39 32
34 57 49
14 40 66
34 20 93
91 17 94
98 37 7
12 25 92
59 25 30
71 41 96
59 6 30
66 65 96
40 26 93
21 67 59
32 44 93
12 25 17
34 26 45
23 61 39
38 17 60
5 65 26
76 57 49
25 91 69
12 6 30
59 53 30
91 48 76
14 5 62
15 40 79
50 43 92
14 45 80
14 40 80
48 57 20
91 67 90
89 61 59
40 92 24
70 80 59
48 61 66
40 92 79
57 99 48
27 57 49
27 66 60
30 26 45
25 98 96
12 43 30
17 24 17
17 66 74
25 25 84
32 18 84
27 24 25
32 17 93
45 43 32
21 48 8
34 10 93
50 57 30
48 43 79
5 41 96
92 5 62
38 17 93
6 89 85
40 26 24
48 38 96
75 26 79
14 6 36
59 43 32
48 40 25
27 66 17
48 40 79
21 67 76
6 89 87
79 17 90
89 89 58
27 57 60
71 57 26
38 98 60
97 43 79
66 65 68
5 20 96
25 44 60
70 80 48
41 61 59
93 5 80
76 41 68
59 6 36
79 48 76
40 26 45
61 22 87
92 37 62
12 57 17
70 61 59
15 99 79
32 25 93
36 37 66
92 93 7
34 57 60
21 6 90
66 20 26
21 48 76
48 65 49
34 10 24
89 61 49
25 89 85
5 38 20
40 34 45
91 17 59
32 44 96
97 40 66
59 43 17
92 96 17
70 80 39
6 43 85
71 38 68
30 10 85
50 53 17
98 40 62
50 98 84
91 48 59
23 61 59
75 34 79
36 93 7
78 61 79
45 89 32
5 57 49
90 89 39
14 37 35
66 41 49
17 96 49
14 5 80
48 40 48
91 23 90
75 26 85
38 44 96
2 57 17
66 38 49
48 57 68
57 61 79
15 40 29
48 20 26
78 40 25
43 23 90
92 7 17
21 17 8
2 24 74
50 44 84
25 91 85
41 22 87
25 44 93
92 24 25
91 98 30
50 43 17
2 24 49
76 57 68
72 48 94
12 53 36
71 57 20
93 93 66
34 20 24
50 53 30
30 34 93
97 43 48
79 67 59
40 92 85
70 41 59
71 41 49
12 53 92
79 67 76
34 57 17
98 5 66
92 66 60
48 20 20
15 43 66
70 89 49
50 53 32
72 48 90
72 67 94
98 93 62
25 39 32
41 7 39
5 65 68
6 22 85
61 89 85
38 98 30
21 17 94
89 7 49
41 91 87
30 26 85
21 6 94
66 41 20
71 20 20
32 25 60
40 20 45
93 45 80
72 23 8
25 89 87
89 7 59
18 25 32
92 93 80
21 67 8
38 18 60
93 40 80
92 66 25
91 44 84
30 34 24
97 61 66
45 22 49
93 37 80
38 18 96
25 98 30
32 18 30
40 10 45
92 5 35
66 57 20
78 43 79
25 17 84
5 41 26
40 92 45
78 61 66
79 48 8
14 53 30
45 89 49
2 66 74
5 41 68
91 67 8
18 6 92
12 25 32
89 61 48
34 96 49
14 57 92
38 25 96
18 6 32
57 61 29
90 89 58
93 5 35
50 17 84
91 6 76
57 99 29
34 34 85
91 18 60
48 47 25
97 47 29
66 38 68
30 26 79
2 96 74
59 57 92
38 44 30
25 39 85
75 26 24
97 40 29
43 23 94
61 43 85
14 5 35
15 43 29
91 44 96
40 10 85
91 98 96
41 43 32
91 23 76
76 20 68
14 57 30
45 91 32
48 61 48
23 41 49
41 91 69
61 39 85
98 37 80
36 5 66
61 89 87
38 44 93
79 17 59
70 61 49
92 66 17
76 57 96
91 98 60
71 65 26
34 96 25
71 38 49
14 53 36
97 43 29
34 26 85
91 25 84
92 40 66
36 37 62
23 61 48
6 39 32
43 48 59
40 10 24
21 23 76
48 20 68
91 25 96
36 45 62
48 41 49
27 96 25
45 39 87
18 25 30
70 7 39
97 47 48
2 57 49
42 92 45
79 17 94
91 18 93
48 41 68
89 41 49
30 26 24
15 40 48
6 43 32
48 57 26
42 10 93
48 99 66
42 20 93
25 39 49
57 43 25
34 34 45
93 93 35
45 91 85
32 17 30
25 89 49
91 6 94
12 57 36
75 26 93
14 53 17
41 41 58
27 66 49
32 17 60
76 38 96
41 61 49
70 7 59
72 48 76
48 41 20
41 89 48
30 10 79
36 45 80
34 24 74
90 89 49
97 61 79
98 45 80
48 47 48
90 80 58
89 89 49
70 7 58
79 23 59
98 93 80
79 67 90
23 41 39
30 10 93
97 61 25
27 96 49
57 43 48
14 43 32
41 80 49
2 57 25
25 98 93
23 89 39
57 43 79
79 6 94
92 7 49
92 45 62
25 39 69
98 5 80
21 6 59
12 6 17
41 80 58
57 99 66
6 43 87
34 96 17
5 57 20
14 37 62
57 47 66
89 89 59
72 17 90
48 20 96
97 47 25
42 20 24
43 6 59
30 34 45
38 25 84
61 39 49
72 67 8
79 6 59
30 20 79
45 89 85
18 53 30
78 61 29
90 80 39
14 53 32
30 92 93
25 25 60
91 25 60
34 10 85
61 91 32
70 89 39
57 47 48
23 7 59
78 40 29
50 98 30
41 89 59
2 66 17
78 47 66
50 53 92
27 24 49
70 89 58
5 65 20
34 24 60
27 96 17
50 57 92
25 17 60
42 34 85
91 18 96
98 45 35
50 53 36
32 18 93
91 18 30
89 41 58
32 98 96
78 40 79
25 18 84
66 20 20
34 92 45
71 41 68
15 47 79
93 45 62
17 66 60
23 61 49
43 67 90
70 41 39
92 66 49
59 53 36
17 24 25
41 22 69
72 67 90
90 89 48
25 17 30
30 26 93
97 99 29
40 20 93
12 25 30
5 20 26
14 45 35
79 48 59
14 43 92
42 26 79
34 26 79
25 18 60
14 37 7
66 20 49
27 57 17
48 57 96
18 53 36
32 25 84
93 37 35
92 37 7
