17 57 49
90 7 39
93 93 62
40 34 85
30 10 85
18 57 17
90 7 59
38 25 84
50 25 30
2 96 25
21 48 59
50 43 32
6 89 32
15 99 79
2 66 49
90 7 48
32 25 84
23 61 49
32 44 60
12 43 17
41 41 39
59 25 17
14 93 66
25 39 85
25 18 30
21 48 90
91 48 94
41 41 49
43 23 94
34 92 85
92 57 49
91 18 84
48 57 20
36 40 7
61 39 85
42 34 93
97 61 66
89 89 59
75 26 24
21 67 94
92 37 35
57 40 66
59 25 32
23 89 59
25 39 87
91 17 30
17 96 60
38 18 84
41 41 59
14 5 80
2 66 17
61 39 32
59 57 30
23 7 39
6 39 85
98 40 80
25 91 69
57 61 25
25 18 60
38 18 30
75 10 85
92 96 49
93 5 35
79 23 59
89 61 48
48 40 66
40 26 45
5 20 20
41 61 39
57 40 79
40 26 79
61 22 85
75 26 93
15 40 66
92 66 60
90 61 48
2 24 49
41 61 59
34 7 60
32 44 96
17 66 74
76 38 96
34 24 49
93 5 80
34 57 17
36 45 7
5 57 49
25 18 84
70 89 39
2 57 25
72 23 59
2 57 60
41 91 85
50 25 32
12 43 32
30 10 79
90 89 39
92 93 35
98 45 66
50 17 60
50 57 92
17 7 60
25 89 32
79 17 94
27 57 60
45 43 32
12 57 92
71 57 49
40 92 24
15 47 25
40 34 79
70 89 49
5 41 49
12 25 36
32 17 96
27 7 49
50 53 32
15 40 29
71 41 20
79 67 59
79 6 59
36 40 62
14 45 62
23 89 39
76 57 26
75 10 93
98 37 35
5 38 96
23 41 59
98 45 35
98 5 66
36 45 80
70 41 48
92 93 80
25 89 69
18 43 36
92 7 74
66 41 68
48 65 26
79 6 90
71 20 26
45 39 32
36 40 35
25 98 60
41 43 49
30 26 93
97 40 79
41 89 32
50 25 96
2 57 17
72 6 8
27 57 74
5 65 68
71 57 26
61 39 87
43 17 94
18 6 30
12 57 36
43 67 59
61 89 69
91 98 84
72 17 94
93 37 7
59 25 36
17 66 49
91 25 96
14 43 36
97 61 25
34 26 85
89 80 48
91 67 90
2 7 17
75 34 79
34 7 25
45 39 69
70 7 59
59 43 92
14 45 66
14 43 17
18 25 17
41 7 48
32 18 84
71 38 49
15 47 29
70 7 49
27 24 74
36 37 35
25 44 93
59 6 36
57 40 48
18 25 30
48 40 25
14 53 36
71 38 26
17 96 25
75 20 24
15 99 66
78 61 66
41 43 32
21 17 90
75 10 24
93 37 80
41 89 49
14 5 62
89 80 59
89 41 58
72 67 59
89 7 58
41 22 69
91 17 8
91 23 90
43 6 59
76 57 68
41 91 87
14 5 7
21 67 59
36 45 35
59 6 92
41 91 69
50 17 30
48 38 20
32 17 84
34 26 24
30 92 24
92 45 80
45 89 85
97 43 79
72 23 76
2 57 49
78 40 29
25 17 30
78 40 48
23 41 48
48 20 26
38 25 93
90 41 39
2 24 17
92 45 62
42 20 85
76 65 49
98 37 7
90 80 39
92 96 17
72 17 59
98 37 62
21 17 76
61 91 69
61 22 87
93 45 35
92 5 66
70 61 49
27 57 17
25 17 84
97 47 79
66 57 96
18 53 36
14 57 92
43 67 94
92 24 74
92 37 62
34 96 60
79 67 94
59 57 92
25 98 84
27 96 25
48 38 68
59 53 32
25 39 69
76 38 20
34 24 74
90 89 49
14 45 80
17 24 49
21 23 76
14 6 30
48 43 66
66 38 49
48 38 96
14 40 7
72 48 90
17 57 25
70 80 39
17 96 17
76 65 68
97 99 48
21 6 8
78 61 48
18 57 36
71 41 96
71 20 68
71 57 20
18 6 36
91 44 96
98 37 66
15 43 79
5 38 49
59 53 17
30 92 85
91 17 94
48 47 66
93 5 66
42 92 45
17 7 25
34 20 93
21 6 76
76 65 96
91 67 59
61 22 32
6 22 85
40 10 45
34 7 49
42 92 93
48 41 96
41 61 48
45 91 32
92 40 80
45 43 49
30 92 79
45 89 69
92 24 60
48 20 68
17 7 74
30 34 45
23 7 48
14 57 32
40 20 24
61 43 69
40 26 85
91 6 59
97 47 25
23 89 48
43 6 94
61 91 32
27 66 17
92 57 17
17 96 49
75 92 93
72 17 90
91 17 59
79 6 76
38 17 60
92 37 80
25 22 69
21 6 94
27 66 60
23 61 48
48 65 49
71 57 68
32 25 30
6 39 49
66 20 49
66 41 20
34 66 60
34 10 93
15 99 29
50 43 92
76 41 26
91 6 94
41 89 48
12 53 36
92 7 17
98 45 80
75 10 45
97 99 79
43 23 59
89 41 49
41 22 49
34 10 24
89 61 49
30 10 45
57 47 25
78 47 79
93 93 7
43 17 90
2 24 74
38 98 93
32 98 30
42 34 24
42 92 79
71 41 26
70 41 58
14 43 32
25 25 84
50 44 84
36 45 62
18 6 92
45 43 87
40 26 24
91 48 90
48 99 25
2 66 25
42 10 45
93 93 35
66 41 26
14 45 7
38 25 60
5 65 26
6 43 87
30 20 79
14 57 17
98 40 7
41 61 58
15 43 29
12 6 36
34 66 17
59 25 92
78 61 29
34 34 45
40 34 45
98 5 35
97 47 29
21 23 94
89 80 49
93 40 66
91 23 76
21 17 59
75 20 85
17 66 60
98 40 35
6 22 49
78 43 25
61 89 49
78 43 29
48 65 20
38 18 96
34 26 79
6 39 69
36 40 80
41 39 32
50 18 30
57 47 29
36 37 7
30 92 93
97 43 29
89 89 39
2 24 25
23 80 58
48 41 68
40 34 24
45 91 49
92 5 62
43 17 8
23 41 58
14 93 62
75 20 45
91 17 84
34 92 45
71 65 49
90 61 59
97 61 79
41 39 49
92 45 66
91 98 30
72 6 94
18 43 17
90 89 58
89 89 48
92 96 25
71 57 96
17 24 25
98 93 35
97 40 66
89 41 59
34 66 74
61 91 85
59 6 17
76 41 96
50 25 17
45 22 85
23 61 58
50 53 30
71 38 68
32 25 60
70 7 48
72 67 94
71 65 20
57 61 79
41 7 39
57 47 79
48 41 49
42 10 93
34 24 25
66 38 68
93 45 62
36 45 66
14 40 35
57 43 48
45 39 49
34 57 74
15 47 48
89 7 59
30 34 93
12 6 32
25 39 32
41 7 49
98 93 80
36 5 7
90 41 48
45 91 87
14 40 80
14 25 92
43 23 8
34 26 93
2 96 17
66 20 96
78 43 79
59 43 30
79 23 94
25 89 87
12 6 30
38 25 96
2 7 49
36 5 66
27 66 25
70 80 59
38 98 30
34 34 24
70 80 49
6 91 69
34 10 85
50 18 96
5 38 20
78 61 25
48 41 20
91 17 90
32 18 96
78 47 48
72 6 59
50 44 93
15 61 48
6 89 85
92 93 62
43 6 8
61 43 87
57 40 29
27 24 49
27 96 74
50 98 96
41 39 69
78 99 25
70 41 59
90 61 49
89 61 58
50 53 36
71 65 68
48 20 96
75 92 45
89 7 48
41 89 87
50 57 17
15 43 66
42 26 79
75 10 79
91 48 59
92 66 17
45 91 85
15 99 48
48 65 96
34 57 60
14 40 62
25 39 49
18 53 17
76 38 49
5 65 20
48 57 49
38 17 30
70 89 59
17 96 74
25 22 85
18 53 30
66 57 20
18 43 32
5 20 26
41 80 49
38 17 93
12 25 32
50 18 84
45 43 69
25 25 93
48 20 20
21 23 59
41 80 48
18 43 30
18 25 92
21 67 90
6 22 32
41 22 85
57 99 66
71 41 68
50 57 36
72 23 90
34 10 45
6 22 87
25 43 87
6 39 87
14 43 30
76 41 68
89 61 59
36 5 80
61 43 49
89 7 39
61 89 87
14 43 92
48 43 25
25 25 30
32 98 96
48 47 29
91 17 60
66 20 68
34 57 25
38 17 96
91 17 93
5 57 26
27 24 17
43 67 8
76 65 20
72 17 8
72 6 90
38 25 30
97 47 48
97 43 48
27 7 74
78 47 66
48 43 29
42 10 85
57 61 29
78 43 66
25 43 49
79 23 76
70 61 59
97 99 66
40 20 85
30 10 93
71 20 20
72 67 76
89 7 49
41 80 59
32 98 93
75 26 45
41 61 49
98 5 80
78 99 48
6 91 87
5 20 49
50 44 96
36 93 66
17 57 74
27 7 25
23 41 49
76 20 20
92 5 7
79 17 76
79 48 8
5 57 96
23 80 49
25 44 96
40 10 79
59 57 36
45 22 32
43 48 76
25 44 30
21 17 94
57 47 48
66 20 20
48 61 29
59 43 17
38 44 84
70 61 39
34 92 79
98 93 7
17 24 60
89 89 58
59 57 32
40 10 93
25 43 69
92 57 74
91 67 8
91 98 96
78 40 66
50 25 92
75 20 79
30 26 79
43 6 76
12 43 30
25 91 49
48 99 66
79 17 8
48 47 79
36 40 66
90 80 49
66 38 26
48 61 66
61 22 49
78 47 25
18 57 30
50 6 92
90 80 59
32 18 30
66 65 96
21 23 8
93 5 62
42 10 24
32 17 30
91 44 93
41 22 32
23 61 39
70 7 39
15 40 25
23 41 39
70 80 58
79 48 94
76 20 96
50 6 17
59 25 30
50 44 60
18 25 32
91 23 59
97 40 48
36 93 35
89 61 39
61 22 69
92 7 49
41 89 69
45 89 49
76 20 49
15 61 79
72 6 76
92 7 60
57 43 29
72 48 59
32 17 93
92 96 74
45 39 85
70 89 58
34 26 45
12 53 32
59 6 32
18 6 32
14 37 80
91 18 93
14 37 62
41 7 58
21 67 8
14 93 80
79 48 59
91 44 60
14 37 35
2 66 74
36 5 35
48 99 79
57 47 66
71 20 49
17 24 74
27 96 49
48 61 25
40 92 85
5 65 96
34 57 49
76 20 68
14 53 32
50 57 30
25 18 93
41 89 58
14 6 92
79 6 94
43 23 76
2 96 49
57 40 25
34 34 79
5 38 26
91 48 8
41 43 69
50 98 93
91 18 60
41 41 48
30 34 79
42 10 79
32 98 60
23 7 59
50 25 93
72 67 90
15 43 25
70 61 58
48 61 79
34 20 79
50 17 93
71 20 96
98 37 80
91 17 96
2 7 74
76 57 49
17 7 17
15 40 48
89 89 49
25 22 49
5 38 68
97 99 29
2 24 60
25 25 96
40 20 45
78 47 29
98 5 7
6 91 85
27 66 49
93 45 66
5 41 96
21 48 8
25 17 96
23 7 49
21 48 76
75 92 85
79 67 8
91 48 76
97 40 29
43 48 94
97 43 66
57 61 48
75 92 79
34 10 79
43 48 90
50 6 32
91 23 94
48 47 48
40 92 79
5 41 26
79 17 59
41 89 85
42 26 93
15 47 79
34 96 17
93 37 62
36 93 7
61 43 85
34 96 49
98 45 62
61 39 69
23 80 59
78 99 66
6 89 69
25 89 85
50 53 17
92 66 74
5 41 68
14 93 7
91 18 96
66 65 49
12 53 30
14 25 32
18 43 92
25 43 85
70 80 48
92 5 35
2 96 74
66 38 96
12 57 17
93 40 80
48 40 29
25 91 85
79 6 8
12 53 92
75 34 24
50 98 30
12 43 36
72 67 8
48 57 96
79 23 90
50 17 84
32 18 93
42 26 24
34 34 93
91 67 94
43 67 90
18 57 92
25 22 87
5 41 20
98 93 66
70 41 49
75 34 85
78 40 25
92 5 80
50 44 30
23 80 39
59 53 92
12 25 92
76 20 26
48 38 49
27 7 17
25 91 32
92 37 66
45 22 69
40 20 79
66 65 68
79 48 76
6 43 32
93 5 7
48 47 25
30 20 85
30 34 85
30 26 85
25 25 60
14 5 66
27 57 25
90 41 59
50 25 60
57 43 79
93 93 66
57 43 66
2 66 60
90 80 58
42 20 24
50 6 30
57 99 48
97 40 25
6 89 87
2 7 25
41 39 85
93 37 66
36 37 66
79 48 90
23 61 59
5 65 49
41 91 32
32 98 84
27 66 74
97 99 25
34 92 24
30 92 45
93 40 62
23 89 49
27 7 60
41 80 58
34 20 85
92 93 7
42 92 24
14 37 7
41 89 39
38 98 96
45 89 32
79 67 90
17 57 60
66 57 49
12 25 17
90 80 48
21 48 94
50 18 60
98 93 62
41 39 87
17 66 25
91 98 60
50 98 84
79 17 90
43 6 90
34 66 49
42 20 93
23 7 58
15 40 79
61 89 85
90 89 59
78 43 48
32 25 93
6 43 69
71 41 49
38 17 84
38 44 96
14 25 30
2 57 74
34 7 17
91 67 76
5 57 20
78 99 29
14 37 66
42 34 79
57 99 25
71 38 96
91 6 8
40 10 24
92 40 62
97 61 29
38 44 93
48 99 29
50 25 36
66 65 26
17 24 17
66 41 49
93 40 7
90 89 48
25 22 32
48 41 26
34 96 25
21 6 90
40 34 93
42 92 85
89 41 39
71 65 96
34 20 24
92 45 35
14 57 36
61 89 32
6 22 69
41 91 49
