21 67 90
40 26 93
50 17 96
12 6 92
61 22 85
41 89 87
98 45 35
38 46 38
97 61 29
6 89 69
79 17 94
97 43 25
14 37 80
92 45 80
75 34 93
15 43 48
5 38 26
70 80 48
30 34 24
71 41 26
57 47 29
97 40 79
18 25 92
71 38 26
71 41 68
50 25 84
34 34 79
40 10 79
34 7 74
27 7 17
70 61 48
76 41 49
59 43 32
91 60 78
23 61 58
91 44 30
16 42 11
72 17 59
92 66 74
89 3 33
14 53 32
38 17 93
92 5 35
17 66 17
23 89 58
89 61 58
98 97 22
61 89 85
40 26 79
10 22 19
43 48 90
84 58 40
89 8 22
14 93 7
78 61 29
38 98 30
30 26 93
11 90 72
18 6 92
42 10 85
74 88 0
17 24 74
91 23 76
23 89 59
79 48 94
25 91 32
32 98 30
71 5 49
97 40 66
15 61 79
40 10 93
92 24 25
15 47 79
17 96 17
97 40 25
92 7 25
98 93 80
30 20 45
83 48 98
6 89 49
12 43 36
6 43 49
41 39 32
5 20 26
87 17 11
79 67 90
34 20 45
93 37 80
66 20 49
90 89 49
80 60 20
97 55 88
76 41 26
69 71 40
89 89 48
59 43 36
44 62 10
71 38 49
91 67 76
64 68 9
41 39 69
14 37 62
50 44 84
79 23 94
99 93 89
76 67 84
12 43 92
42 10 79
17 24 60
48 43 25
78 99 79
30 26 24
50 25 36
93 45 7
43 48 94
35 16 9
45 91 87
71 57 96
57 43 79
17 63 57
36 52 93
76 75 93
36 40 62
78 99 29
27 4 56
78 92 30
41 22 49
91 6 59
93 93 35
85 60 48
91 43 59
30 60 23
2 96 25
41 80 39
30 10 85
94 12 54
14 6 36
89 89 49
42 10 93
78 61 66
62 51 6
3 90 3
49 19 31
61 22 87
23 61 49
41 61 58
88 92 88
28 81 53
88 25 82
41 39 87
30 34 45
56 5 38
49 64 58
59 57 30
46 65 57
43 67 8
43 6 59
34 34 45
50 98 30
91 18 60
32 25 60
94 91 11
21 67 94
23 80 48
18 43 30
17 57 25
43 6 76
32 17 84
65 70 73
70 76 98
66 60 76
5 41 26
91 67 8
30 92 79
92 5 7
9 63 9
77 83 99
79 6 8
82 28 90
90 61 49
5 65 96
70 89 39
1 76 18
38 98 93
71 65 96
41 89 58
55 72 35
89 80 39
45 91 49
24 94 70
1 4 62
43 6 90
13 41 3
30 34 79
41 67 4
7 9 1
25 25 60
78 61 48
37 55 51
6 39 32
35 21 39
34 58 89
25 81 82
79 62 42
23 41 49
25 19 82
57 99 25
90 80 59
48 83 65
4 46 69
65 45 80
72 67 59
54 85 52
78 15 90
25 98 93
50 99 34
2 24 25
95 98 82
23 61 48
39 20 84
52 57 37
35 78 5
75 30 12
92 24 60
73 54 54
48 43 29
45 85 6
32 29 54
75 42 78
59 53 30
25 46 53
23 91 96
89 7 48
93 84 77
59 43 30
57 40 66
6 89 85
93 37 66
89 80 59
32 26 47
41 7 49
98 60 81
91 17 94
38 18 30
91 6 90
13 79 28
59 25 17
66 38 96
75 41 17
91 44 93
3 65 81
70 61 59
76 38 26
48 40 79
8 69 58
23 1 18
86 46 28
53 0 57
39 28 28
55 87 75
80 86 96
20 16 11
48 6 36
69 61 76
76 50 89
14 43 30
80 65 40
72 81 82
41 18 0
3 95 94
34 66 51
36 85 31
82 49 3
77 66 84
23 41 59
20 93 94
12 17 54
74 96 94
97 43 79
94 92 83
2 51 84
85 3 45
93 9 25
5 38 49
45 94 90
97 43 29
50 25 30
57 38 40
41 28 54
25 39 87
50 94 97
26 76 12
48 40 66
57 40 29
37 69 55
40 20 85
30 10 79
13 17 47
86 25 55
26 66 19
28 38 4
62 43 72
32 4 96
30 10 93
50 99 85
45 92 97
69 35 64
98 17 52
59 6 92
1 31 64
2 7 74
50 73 57
12 57 17
0 71 57
72 48 76
61 90 50
89 89 39
59 57 17
61 43 32
16 83 68
54 4 34
21 64 34
66 20 68
72 99 73
98 5 80
23 39 51
27 32 25
48 41 68
36 48 96
92 57 17
93 47 39
27 66 17
71 57 49
97 85 59
27 69 69
38 95 56
71 49 22
23 80 59
48 5 96
61 86 65
18 63 67
50 5 65
98 15 20
9 5 4
83 68 70
25 27 69
97 24 30
91 25 60
25 13 76
43 67 90
15 69 7
62 31 77
71 31 51
96 78 33
66 65 26
10 76 98
55 24 61
13 6 34
98 93 66
31 46 33
28 95 17
68 60 31
6 23 93
76 99 30
3 63 84
1 28 86
98 93 7
56 28 72
29 61 44
73 84 15
79 61 69
83 13 43
73 55 24
83 81 1
36 5 62
12 53 86
48 43 66
76 83 37
5 57 96
32 21 5
4 56 42
93 37 7
22 25 1
11 57 13
83 82 89
59 86 1
42 41 85
0 90 79
64 95 16
92 96 49
45 77 45
2 3 60
74 6 9
46 34 11
92 37 62
86 47 84
66 19 5
89 66 54
34 7 64
40 20 79
86 91 24
86 41 58
75 62 96
56 69 7
61 54 91
50 57 36
51 78 55
91 47 97
10 36 23
47 73 53
79 23 8
21 26 39
31 79 45
92 37 66
72 23 94
90 25 77
15 34 37
90 10 86
48 94 28
8 86 24
56 7 84
59 25 92
97 22 89
15 86 20
98 40 7
67 89 15
21 98 77
28 29 70
45 22 32
23 80 39
75 90 72
75 92 85
32 98 84
43 76 47
34 78 44
17 9 88
69 36 13
60 50 36
92 7 17
98 13 58
57 99 66
2 24 17
50 82 28
64 11 52
23 76 3
20 42 94
65 27 48
99 27 69
45 7 60
27 85 19
33 58 96
16 96 1
24 98 83
18 53 30
30 26 85
35 46 84
97 99 29
35 36 83
61 95 10
13 81 32
69 44 21
59 88 35
43 17 94
30 21 85
52 99 45
32 98 96
47 81 14
77 61 69
4 36 28
3 36 63
66 57 26
37 91 91
78 20 0
35 33 83
36 5 80
95 54 31
1 83 74
83 16 21
66 57 49
41 56 31
38 50 16
75 26 93
69 37 45
72 86 27
12 62 17
26 81 24
32 17 60
23 52 59
14 53 30
9 82 35
34 34 85
15 0 0
2 96 49
70 57 27
31 15 18
15 97 72
97 47 29
5 20 20
50 43 32
34 26 85
4 63 54
45 91 85
73 53 62
72 17 76
43 28 52
84 37 15
49 79 93
75 20 24
72 31 1
89 61 59
47 8 9
18 43 32
33 95 97
75 31 61
45 80 41
94 39 42
15 91 46
62 74 25
57 72 48
5 76 3
11 83 26
76 20 26
21 83 64
40 50 24
52 0 29
9 21 81
79 6 94
16 91 90
4 73 8
90 81 16
54 13 23
76 96 68
5 55 14
85 47 69
18 25 36
77 76 33
44 22 35
57 29 13
89 99 8
91 12 5
38 44 60
54 82 48
67 2 63
29 59 92
73 10 97
5 49 38
34 30 89
40 54 27
93 86 72
99 74 12
14 96 3
30 11 19
10 68 5
39 30 2
61 43 69
69 75 25
41 91 49
78 25 91
76 75 77
42 34 93
91 57 86
80 89 22
68 59 10
72 81 67
97 90 23
67 96 68
21 17 68
91 16 9
66 98 69
37 79 45
47 93 0
14 41 47
1 79 76
92 37 80
16 9 51
33 30 39
42 43 96
99 59 2
98 42 90
48 65 68
32 62 53
90 89 39
90 51 54
19 73 52
9 90 63
78 47 66
2 24 60
70 98 33
23 80 49
93 5 35
26 70 42
91 6 76
14 45 62
4 33 63
47 65 38
36 5 66
21 30 97
43 67 94
72 6 59
76 97 27
76 75 45
51 26 70
71 69 23
57 88 10
98 86 83
3 65 92
34 57 60
17 19 77
50 53 17
39 72 71
14 53 17
34 98 61
97 58 73
36 37 62
82 98 4
50 22 12
40 5 6
76 4 67
63 8 98
56 55 99
5 32 55
30 64 74
43 96 58
78 47 79
54 96 80
36 26 3
62 57 72
38 75 78
91 44 84
27 55 49
80 82 27
63 46 62
36 37 66
50 98 96
1 9 86
90 39 13
6 91 17
5 41 49
43 86 72
48 40 48
21 71 13
33 52 55
64 74 88
87 49 85
77 63 69
90 6 42
11 22 36
57 43 25
52 75 99
91 11 70
31 3 0
40 42 48
7 64 25
69 30 8
76 29 79
48 47 48
43 23 8
26 59 72
60 59 51
34 10 85
89 97 49
37 36 82
14 97 84
29 79 95
50 53 36
25 7 86
73 55 85
21 50 54
71 87 30
99 38 18
76 35 72
45 89 49
48 40 25
36 13 67
78 61 25
88 5 75
12 64 64
59 25 36
52 59 16
8 25 93
25 31 78
71 51 24
88 2 88
90 68 27
18 10 67
41 41 58
57 4 89
62 94 86
13 38 53
13 43 58
91 42 27
63 82 61
12 21 24
26 54 65
97 2 62
70 75 5
58 15 3
17 79 97
43 84 85
10 47 57
20 34 39
37 23 7
83 33 76
95 57 2
86 51 98
22 8 9
25 39 49
18 6 30
36 79 24
23 97 41
63 96 84
93 78 43
52 34 92
66 65 44
25 22 69
36 40 80
85 6 16
71 43 6
91 48 90
45 67 99
35 38 81
40 54 9
89 30 13
34 92 79
89 77 27
66 78 16
32 6 67
7 10 17
7 3 24
57 61 66
7 82 7
0 44 42
35 65 10
92 24 17
41 91 69
68 15 19
98 40 44
58 22 98
79 6 59
61 66 75
17 15 48
93 4 80
51 23 42
36 28 69
70 72 83
63 18 68
24 21 32
60 61 98
18 6 17
30 17 81
87 26 21
54 31 38
75 92 93
76 90 0
45 99 93
41 62 96
4 21 83
69 43 71
94 75 92
38 76 36
79 7 90
54 45 74
89 16 31
65 81 77
37 13 87
41 89 32
47 36 63
47 62 63
42 92 45
2 32 54
20 32 72
6 22 69
84 32 92
58 98 81
67 94 89
69 47 25
59 19 57
50 31 6
27 26 58
53 29 45
9 52 67
37 71 9
47 95 74
3 96 48
58 54 11
3 84 9
37 81 94
75 83 9
91 90 33
99 74 64
89 78 97
46 61 18
6 17 77
96 47 26
34 96 49
59 4 42
21 60 97
12 38 49
43 55 17
18 43 92
40 13 47
63 61 59
92 93 62
56 2 25
4 74 24
25 80 76
73 12 59
81 16 5
19 99 97
71 77 47
94 35 79
78 40 29
90 7 58
65 5 92
50 22 8
69 12 68
50 80 8
2 53 78
10 78 17
42 97 35
50 6 32
82 25 70
50 43 30
44 24 14
16 8 97
20 89 72
42 10 45
75 43 91
94 4 41
98 15 7
86 70 71
99 68 72
15 2 46
55 11 73
86 43 41
94 65 92
32 30 39
25 73 25
3 71 46
2 51 60
61 72 71
55 13 8
53 67 33
80 15 2
8 81 17
73 6 69
33 74 50
70 29 95
72 6 8
61 49 27
15 47 29
0 64 42
35 1 64
11 24 78
25 17 93
78 55 35
69 73 75
32 18 60
85 27 66
44 13 63
51 40 20
55 12 3
25 20 9
75 17 2
12 56 94
52 31 16
92 82 84
55 36 55
14 64 72
28 69 40
43 84 65
42 82 6
8 12 9
94 89 74
17 42 36
78 27 5
13 34 62
5 11 7
68 75 84
27 54 14
70 7 59
55 69 9
70 65 92
1 27 99
54 3 40
44 6 77
85 44 57
42 69 39
23 46 87
94 18 85
32 47 72
5 20 68
76 65 96
69 85 43
16 66 74
25 76 70
49 75 52
18 57 32
39 31 59
44 49 12
66 50 15
14 40 62
24 22 89
36 66 60
29 32 32
75 16 33
14 25 30
13 37 84
21 15 50
4 96 77
32 18 84
35 99 54
22 80 89
18 39 94
27 61 98
2 46 99
11 9 60
51 1 24
19 3 70
9 72 13
38 27 73
85 9 2
2 37 81
64 63 99
18 76 78
86 29 9
61 20 73
27 64 91
20 60 46
77 84 90
38 62 29
68 55 7
22 72 22
58 37 4
25 58 98
17 52 67
24 24 71
46 23 20
67 0 66
66 57 96
88 24 10
52 16 66
52 50 10
12 80 16
34 65 66
48 41 20
4 36 1
45 0 30
44 4 28
94 43 21
48 38 26
76 46 87
79 39 80
4 9 67
53 1 86
6 15 42
35 78 70
83 56 24
51 3 84
15 17 40
66 71 73
46 81 17
40 1 0
93 40 62
77 93 2
4 74 80
16 56 24
43 6 17
81 21 25
98 82 80
96 26 73
70 45 7
79 31 60
86 16 89
45 64 52
84 38 53
1 17 53
75 34 45
76 67 29
25 25 84
95 47 47
31 73 32
95 9 76
82 29 63
57 20 67
86 96 79
41 11 63
99 18 81
50 84 11
81 76 35
60 65 89
12 5 1
39 89 7
34 66 25
58 23 46
31 15 0
56 73 56
6 79 29
38 43 44
91 14 78
