38 18 96
18 53 36
41 89 58
57 61 48
59 25 17
78 47 48
38 17 84
50 43 17
32 44 93
14 6 17
71 38 96
36 5 80
12 57 30
90 61 48
57 43 66
43 48 76
57 99 25
14 40 35
21 67 59
2 96 17
90 89 39
40 10 93
57 99 66
15 47 79
27 7 74
89 80 48
25 22 87
61 43 87
97 61 66
27 24 74
79 48 8
89 89 59
36 37 80
78 61 79
42 34 45
41 41 58
25 25 84
12 6 17
91 17 90
2 66 17
36 93 35
41 89 39
72 6 76
97 99 48
66 41 26
34 57 49
50 6 36
70 80 39
79 48 59
34 34 24
50 25 36
14 43 30
41 22 32
92 7 49
38 98 84
57 99 29
50 6 92
18 53 30
59 57 17
14 45 66
48 99 25
91 17 84
48 20 26
6 89 32
98 37 80
36 45 80
42 20 24
48 38 20
17 57 17
14 57 32
79 23 94
97 47 66
40 92 93
91 18 96
5 38 96
48 20 68
25 25 60
43 67 94
91 98 60
43 67 8
14 53 17
72 67 94
50 17 93
76 20 96
89 89 48
91 67 94
21 67 8
97 47 48
34 20 45
91 25 96
25 17 93
42 26 93
42 26 24
72 48 59
32 25 93
90 89 58
97 40 79
34 92 85
61 91 69
76 57 68
38 25 60
14 45 35
59 43 17
25 91 32
59 53 32
78 43 25
30 20 85
45 91 49
25 22 85
98 45 35
92 66 60
21 6 94
78 40 29
5 20 20
17 66 25
50 57 30
91 6 8
21 48 94
92 5 80
38 98 30
23 7 48
92 37 80
79 67 76
40 34 85
12 43 30
78 40 48
76 65 68
12 53 92
90 41 49
38 17 93
72 23 94
14 37 7
50 25 84
41 43 49
42 10 93
43 17 90
59 57 32
32 18 60
5 41 26
12 53 30
41 7 48
97 99 79
91 17 94
71 41 20
70 41 49
89 7 59
21 23 8
18 57 30
15 99 48
41 22 49
72 6 8
14 45 62
17 7 25
40 26 45
72 67 59
43 17 59
98 45 66
50 57 32
66 20 49
40 34 24
34 7 74
40 92 85
66 65 20
25 43 87
14 45 80
14 5 62
66 20 20
71 65 26
76 57 26
15 43 79
17 66 74
71 20 49
57 43 25
90 7 48
32 98 84
25 22 49
36 37 7
6 89 87
38 44 60
25 18 60
36 45 66
12 6 36
14 53 32
75 20 24
61 89 87
48 41 49
79 67 59
14 25 32
48 41 68
38 25 30
12 53 36
23 89 49
61 43 32
34 96 74
92 45 35
76 20 20
90 80 59
89 89 49
12 25 30
42 26 85
14 40 62
48 61 66
27 57 74
14 53 30
76 57 49
92 24 17
43 23 76
92 24 74
27 96 49
25 91 85
40 26 93
30 26 93
91 98 84
25 25 93
38 18 84
15 99 29
38 17 60
92 40 66
61 22 69
21 67 90
14 5 80
23 41 49
57 61 25
45 43 32
45 22 69
6 91 49
45 89 69
71 57 96
21 17 59
93 37 80
32 25 96
79 67 90
12 25 36
76 41 26
32 25 60
92 93 35
59 6 32
18 53 92
91 98 93
59 25 92
23 41 59
36 37 62
25 89 69
23 41 39
48 57 20
30 34 45
91 6 59
45 39 87
50 18 60
97 61 29
75 10 85
89 7 58
98 45 62
50 6 30
57 40 48
50 57 36
23 61 58
48 57 96
21 6 59
25 43 49
98 5 35
36 5 66
48 43 25
34 24 74
2 24 60
25 44 30
50 44 84
5 65 26
25 25 96
70 89 39
30 26 24
75 26 85
50 18 84
98 5 62
90 61 58
45 91 32
27 7 60
14 57 36
78 40 25
42 26 79
91 48 90
89 7 48
34 26 24
45 39 69
43 48 8
61 39 49
40 10 45
23 80 59
38 98 93
91 6 94
93 45 62
6 39 85
18 57 36
92 66 49
70 80 59
3 33 21
76 20 68
72 67 90
41 39 69
93 5 62
97 43 79
57 47 48
72 23 8
12 6 32
50 25 96
5 65 20
93 5 80
18 6 92
41 43 85
59 6 17
38 25 84
14 57 17
89 61 58
25 17 60
75 92 24
41 61 58
45 89 87
25 25 30
70 80 49
2 24 74
61 39 32
50 17 84
14 37 62
42 10 45
92 57 17
17 96 25
97 43 25
27 57 17
66 65 49
50 53 17
25 89 87
89 80 39
23 61 39
92 96 17
15 43 25
78 99 66
6 89 69
25 18 96
25 44 96
41 80 48
6 22 87
2 7 60
43 17 94
98 37 62
48 65 26
48 41 26
66 20 96
48 40 25
34 96 25
34 96 60
6 91 87
93 93 35
30 10 85
83 14 15
27 66 49
43 48 94
41 43 87
42 34 93
17 57 25
57 61 79
15 61 29
23 61 49
61 91 32
50 98 60
36 5 7
18 57 32
14 5 7
71 20 96
50 44 96
89 89 58
71 41 49
23 89 58
72 6 94
70 7 49
25 18 93
72 6 90
17 57 49
92 57 74
15 47 25
43 17 8
42 20 93
93 93 7
40 20 24
23 61 59
72 48 8
21 23 59
12 43 17
27 96 17
93 37 35
93 45 35
75 20 85
38 44 30
21 17 8
34 24 25
34 7 17
75 92 79
70 41 48
25 98 60
59 25 32
18 6 30
79 23 90
93 40 80
61 43 49
91 25 30
47 3 11
41 89 85
36 40 80
70 61 49
5 57 49
41 39 87
59 43 92
17 96 49
93 40 66
21 17 76
41 22 85
23 89 48
34 34 45
43 48 59
48 20 49
93 37 7
71 41 68
25 89 49
92 5 62
76 79 15
78 47 25
48 40 29
91 25 60
30 10 79
5 57 68
43 48 90
38 44 93
40 20 93
14 40 7
34 66 25
98 45 7
91 44 60
27 24 25
66 57 20
2 24 49
91 25 84
21 6 90
5 38 68
17 96 74
21 48 90
48 99 29
45 22 32
32 44 30
57 47 66
41 41 49
79 17 90
79 17 76
15 40 25
48 99 48
23 89 39
40 26 85
42 10 79
21 17 90
91 17 60
36 45 35
23 41 48
61 22 87
92 7 17
48 36 54
97 99 29
30 10 24
90 7 58
54 61 61
50 44 60
41 7 59
41 91 87
97 40 25
27 15 75
78 99 48
40 34 45
17 57 74
48 57 49
36 93 7
17 24 17
30 20 79
78 61 48
91 23 76
48 41 96
34 66 74
42 34 85
25 91 49
57 47 29
17 24 60
48 65 49
50 43 36
2 66 49
41 80 49
51 55 12
91 6 90
72 17 59
30 26 45
97 43 66
90 61 49
48 47 79
41 61 49
21 17 94
89 41 59
76 65 49
23 80 49
76 57 96
79 16 72
89 61 49
72 17 94
12 25 17
59 43 36
92 96 60
79 17 8
5 20 49
97 40 66
66 65 68
89 61 39
48 47 48
98 40 7
34 20 79
14 6 36
89 41 49
36 37 35
91 97 27
5 20 68
89 80 59
85 60 99
63 17 21
92 37 62
27 66 74
91 17 93
91 17 30
12 57 36
92 96 74
55 10 93
18 6 32
91 18 30
23 7 59
50 17 96
17 24 49
43 6 8
14 55 95
5 57 96
76 38 68
27 96 60
43 67 59
2 96 60
12 53 17
97 47 29
30 92 79
34 26 45
89 80 58
90 7 39
25 91 69
61 39 85
5 45 88
42 26 45
18 57 92
66 41 49
83 7 42
61 22 85
78 47 66
92 7 25
78 40 66
11 43 78
49 34 30
71 41 96
57 40 79
30 26 79
21 48 59
76 65 96
50 43 30
5 65 14
75 26 93
70 80 58
43 23 90
40 10 79
15 40 79
91 44 30
91 98 67
43 17 76
97 61 48
38 18 93
66 38 20
5 65 96
40 10 24
14 5 35
59 6 92
30 34 24
41 91 85
5 65 49
75 10 79
36 40 7
59 25 30
78 99 79
37 17 67
34 92 79
38 18 60
76 41 68
97 93 33
27 96 74
40 20 45
66 57 96
76 41 96
2 24 17
36 5 35
92 57 60
47 23 11
5 41 96
14 37 35
39 11 28
5 41 68
15 98 67
32 98 96
42 92 24
91 17 96
48 99 79
91 6 76
18 43 17
93 5 66
97 47 25
42 10 85
78 43 48
66 20 26
50 17 30
32 44 96
78 99 25
30 34 85
61 91 85
79 23 76
30 20 93
36 5 62
48 47 25
31 37 6
10 37 0
15 47 66
61 39 69
14 45 7
75 20 45
89 89 39
43 67 76
40 37 24
6 43 49
32 17 84
46 74 48
15 43 66
75 10 45
23 80 39
5 38 26
91 44 96
32 17 30
6 91 32
40 81 5
23 80 48
32 25 30
14 53 92
10 4 73
5 20 26
61 43 85
27 98 23
76 57 20
76 20 49
59 57 30
50 57 17
75 76 80
34 10 85
48 61 29
98 40 62
90 35 28
17 66 49
6 89 85
72 17 8
59 53 30
30 10 93
45 22 85
17 24 74
6 43 87
41 27 61
41 89 48
48 38 68
97 61 25
16 98 81
25 39 32
42 92 85
70 80 48
16 6 93
15 40 48
50 53 30
70 89 58
44 70 91
7 33 63
48 47 29
97 6 16
17 7 60
10 34 2
2 5 63
14 57 30
45 43 87
91 98 30
38 25 96
34 66 17
41 61 39
5 38 20
87 37 97
80 48 16
18 25 92
17 66 60
92 91 73
90 89 49
25 43 69
89 61 59
36 45 7
25 43 32
52 65 43
50 18 93
48 43 66
29 15 76
60 32 36
81 34 6
23 80 58
91 17 76
27 66 60
8 86 24
36 45 62
10 42 11
32 25 84
6 43 32
18 60 65
97 43 29
72 67 76
90 41 58
93 5 35
32 17 96
71 20 20
21 58 25
54 63 99
42 20 45
38 48 5
72 17 90
34 24 17
14 37 66
85 43 46
18 25 17
7 61 64
96 52 29
23 89 59
92 40 62
87 97 84
27 24 17
48 61 48
21 14 40
25 89 85
35 3 63
14 93 80
27 96 25
27 57 25
61 51 4
48 61 79
90 61 39
71 65 96
41 41 59
21 73 7
55 28 63
89 41 58
18 2 3
67 61 85
40 34 93
25 39 85
14 6 92
42 92 45
17 66 17
78 64 97
34 12 70
91 23 94
41 7 58
23 12 9
60 0 85
11 28 15
0 86 15
94 79 29
70 41 59
91 23 59
25 44 84
50 6 17
79 6 59
36 93 62
72 48 94
50 53 36
61 89 85
42 34 79
11 57 30
74 72 27
34 20 85
39 43 11
42 20 85
90 24 91
93 45 80
51 65 40
15 40 66
14 93 7
30 20 24
66 57 49
57 99 48
91 75 59
96 32 2
5 81 75
34 96 17
98 93 66
24 64 72
8 11 68
79 6 76
76 65 26
6 89 49
97 99 66
75 43 56
30 92 93
50 48 90
76 29 68
4 83 14
68 80 31
90 89 48
33 6 2
66 41 68
48 38 49
9 97 51
45 39 85
50 33 87
91 98 96
79 17 94
68 8 8
79 6 90
49 30 64
14 43 17
59 53 92
36 80 63
91 67 90
2 78 8
14 43 36
94 37 7
33 65 81
17 63 10
98 37 60
82 71 71
37 13 34
67 80 10
7 67 69
28 95 56
45 79 51
82 7 19
33 36 5
0 5 42
99 62 39
78 40 79
38 44 84
25 18 84
15 61 66
66 41 20
2 7 74
61 89 69
71 57 49
5 38 49
46 39 91
78 58 14
75 26 45
36 93 66
66 38 96
72 23 59
48 97 54
44 73 71
34 24 60
25 17 96
51 41 55
35 78 94
23 41 58
92 57 49
91 25 93
48 57 26
79 6 94
70 96 3
98 93 62
90 89 59
13 12 11
91 67 8
32 63 15
21 48 76
91 18 60
65 18 32
29 74 32
25 44 60
42 54 59
45 22 87
23 7 49
56 32 19
72 11 26
46 31 54
66 41 96
43 6 59
4 66 96
95 44 36
50 98 30
98 42 96
98 40 66
68 18 0
14 37 80
74 30 59
12 56 74
96 47 83
49 24 13
98 45 80
48 38 96
79 37 20
34 50 53
83 96 15
89 45 74
95 95 11
18 97 8
41 80 39
65 69 6
38 17 96
75 10 64
0 42 36
9 34 86
40 80 12
25 91 87
22 8 16
54 10 75
12 6 92
59 46 10
32 11 58
39 22 51
49 88 33
66 20 68
36 1 63
6 34 87
38 25 93
41 61 48
14 6 32
25 39 87
14 1 92
88 44 35
93 75 22
79 17 59
45 63 56
34 34 93
61 76 2
21 23 90
57 61 66
41 7 39
5 78 61
55 17 46
85 3 9
91 17 59
80 68 16
22 34 23
5 65 68
64 99 9
85 28 81
62 55 39
23 23 73
93 45 7
21 48 8
91 18 84
41 80 58
48 32 82
38 97 16
34 7 60
92 66 25
48 41 20
93 5 7
55 99 82
37 50 77
78 99 29
35 0 0
71 20 68
7 65 4
36 76 84
85 62 70
73 30 0
57 40 25
34 94 42
86 2 43
22 98 32
68 6 51
45 78 70
82 28 49
48 53 17
50 25 32
75 36 38
14 5 66
1 91 47
57 96 58
38 38 50
48 43 48
31 55 40
56 79 26
91 18 16
23 67 86
67 91 4
35 91 0
93 12 20
38 1 53
9 85 79
