6 39 32
34 66 49
62 6 55
31 5 73
21 67 94
31 93 58
24 40 59
32 71 73
50 3 59
74 91 61
24 27 44
79 50 98
63 98 45
7 15 40
57 99 66
68 70 2
83 94 24
52 35 1
34 24 25
92 37 7
14 83 15
13 56 94
76 57 49
2 24 11
97 24 55
0 37 76
0 23 77
6 91 69
75 34 79
36 32 71
37 6 56
60 36 29
57 50 7
83 46 9
41 98 67
59 76 5
59 43 36
35 81 50
22 76 96
63 8 74
17 7 74
90 82 32
19 42 14
18 30 43
17 25 46
91 6 76
99 0 70
42 15 79
69 35 65
65 19 81
79 81 65
93 92 12
91 83 19
15 21 29
60 87 83
86 81 91
82 71 8
25 7 75
70 99 64
54 29 80
97 23 80
79 55 12
36 45 66
30 69 1
72 17 8
26 26 43
29 20 20
4 89 24
53 19 16
60 54 22
72 52 24
49 70 8
66 6 3
4 59 28
0 5 19
55 56 2
98 81 31
4 35 92
58 81 13
4 72 37
31 70 17
76 20 49
41 88 10
35 62 43
26 16 29
66 65 96
12 25 17
63 71 38
71 38 26
40 87 98
74 64 46
47 78 91
53 36 4
53 92 16
2 78 98
90 86 35
81 6 75
29 96 62
67 53 25
45 15 66
57 12 11
5 72 64
12 14 10
25 98 96
89 68 67
8 52 18
70 41 49
10 80 18
48 98 13
51 56 91
91 35 59
48 43 79
90 88 54
44 12 33
76 26 74
77 53 93
31 56 4
54 19 79
1 78 44
93 87 33
35 63 53
8 13 12
13 9 26
37 43 86
95 66 46
49 35 46
13 92 55
43 15 40
61 12 62
2 77 98
84 61 22
47 33 18
44 7 17
17 88 99
30 13 73
50 17 30
20 70 69
69 71 63
5 57 26
47 26 96
5 4 50
17 7 9
82 73 73
49 10 46
59 19 61
51 49 17
8 90 80
99 95 71
91 17 59
60 82 59
19 77 89
14 90 46
4 68 3
32 59 59
67 46 12
28 32 96
75 92 93
74 50 47
51 83 95
51 21 41
87 96 22
55 81 56
38 16 64
98 45 7
45 80 35
73 78 23
78 34 16
98 37 80
36 79 12
69 13 98
39 75 35
47 47 40
17 26 21
29 95 31
80 92 2
3 60 4
0 37 66
41 49 23
70 14 30
25 98 93
54 79 35
16 36 77
52 67 88
12 53 32
56 71 65
38 55 54
33 95 77
11 71 64
15 61 66
73 48 44
41 61 4
78 56 87
11 19 69
72 48 8
91 18 20
8 25 8
31 17 88
77 29 4
61 39 85
10 96 92
77 68 68
8 81 38
14 58 0
6 93 98
40 34 85
75 35 58
85 12 43
64 80 33
55 39 4
17 87 69
93 42 79
44 37 31
50 69 88
7 55 25
88 34 69
90 16 52
47 39 53
86 20 93
13 13 32
94 21 35
19 68 99
29 41 31
15 90 58
36 93 35
83 81 5
60 16 1
16 11 47
91 88 71
30 89 93
25 0 95
69 25 69
42 20 45
34 0 21
78 32 31
95 3 59
21 57 90
61 66 98
14 25 36
73 82 24
87 95 52
98 72 22
30 78 90
68 86 39
71 91 58
19 58 24
87 36 26
31 42 10
5 1 26
72 32 64
46 11 36
2 45 8
96 20 66
63 76 97
62 35 10
3 50 20
61 56 38
67 53 92
73 89 0
87 24 27
75 68 21
96 42 36
89 58 70
85 45 40
93 84 8
58 57 28
53 33 40
32 34 37
45 63 60
40 10 85
5 23 70
37 70 2
54 97 22
95 34 3
63 67 56
61 74 48
91 76 3
1 71 30
36 37 80
19 87 68
8 54 4
90 82 56
11 42 4
48 64 95
26 52 21
46 88 80
98 21 10
59 45 65
27 15 3
22 1 7
38 87 44
39 91 16
35 15 76
62 6 89
49 22 64
70 19 92
72 19 34
38 19 63
88 34 43
99 7 34
67 13 46
67 20 12
13 60 21
98 37 7
4 75 35
91 44 93
11 72 18
57 39 74
69 33 74
37 34 61
41 80 49
93 97 91
3 11 7
54 71 11
23 43 93
52 4 50
44 5 34
35 37 87
3 36 26
70 66 75
60 58 69
74 97 29
14 37 66
98 37 62
90 46 65
44 64 68
72 45 45
63 17 70
8 88 14
42 98 2
67 97 41
63 66 71
8 83 4
50 14 57
94 65 27
81 10 35
34 10 79
90 69 71
34 7 49
10 17 57
85 99 48
11 30 57
45 62 31
1 72 99
21 18 42
70 8 16
14 85 39
90 53 81
72 92 30
6 25 5
65 23 41
81 98 10
31 38 50
68 97 4
40 2 16
24 36 73
85 94 47
85 46 54
22 41 0
32 80 49
47 82 83
17 77 22
87 30 67
90 61 48
76 38 26
61 28 82
18 55 83
35 7 90
15 14 18
34 89 79
59 26 98
28 2 33
54 83 0
34 80 70
59 3 19
76 82 48
54 81 46
35 49 55
49 30 66
17 22 68
15 3 60
9 34 8
23 67 40
59 6 2
65 51 13
74 52 51
70 61 39
73 17 80
34 3 37
0 6 19
2 96 60
15 63 45
6 58 39
68 66 5
16 93 22
22 7 1
70 38 79
92 87 13
59 23 92
12 19 94
36 28 4
2 96 33
22 61 42
8 11 5
48 23 98
39 32 29
96 10 59
54 23 44
21 11 81
82 35 64
17 3 97
89 61 99
29 45 29
89 80 39
9 94 77
72 48 33
55 77 9
84 55 56
4 57 21
2 80 84
43 48 8
68 21 60
30 20 93
97 59 75
51 9 39
76 14 95
18 23 88
42 23 37
26 36 99
98 5 44
53 17 39
74 28 86
5 3 8
66 20 68
30 89 59
64 55 35
56 27 1
63 97 44
7 96 45
64 17 33
64 55 51
48 32 24
49 60 30
59 82 75
19 20 13
16 54 89
10 67 15
15 3 50
41 39 85
53 97 81
17 25 44
40 68 39
85 2 34
9 71 83
46 11 14
79 9 79
26 66 25
92 94 3
13 95 43
36 21 51
53 91 60
60 48 6
32 44 73
0 28 24
69 48 7
50 18 93
73 93 64
36 51 33
56 22 63
34 40 37
4 86 54
59 67 24
28 49 29
82 38 33
70 22 66
25 35 55
91 25 66
52 53 45
76 38 96
35 84 67
45 11 51
37 49 57
57 72 74
36 2 18
34 44 29
92 89 42
37 87 57
57 96 47
53 92 50
19 60 28
93 81 23
61 43 18
3 64 44
61 98 21
34 75 80
4 6 70
98 8 78
16 83 25
90 21 46
74 29 94
34 57 60
2 50 73
13 90 9
80 54 52
85 92 59
40 91 59
19 18 10
16 57 28
80 11 85
84 14 66
92 66 17
3 22 13
28 62 18
27 33 62
28 42 48
10 21 9
10 6 46
46 46 72
30 55 40
29 88 65
89 62 94
27 16 10
24 31 0
38 35 14
50 56 21
44 26 45
73 85 79
89 83 56
4 4 41
12 57 17
56 82 27
3 58 12
4 86 13
53 97 54
96 25 70
60 94 83
76 58 40
47 50 72
64 55 63
86 98 69
34 76 47
91 77 71
2 88 83
2 75 89
23 74 78
33 71 26
93 0 16
13 65 51
62 49 53
94 82 34
53 88 62
71 18 66
26 55 86
77 45 55
34 59 29
54 62 92
95 23 29
28 10 36
15 20 20
59 29 90
57 86 56
53 93 92
32 5 64
38 72 96
17 81 6
23 12 51
72 55 50
50 10 31
70 75 15
21 17 71
25 44 25
3 86 63
16 71 8
59 15 31
96 69 55
86 25 79
18 99 32
58 73 55
73 94 17
14 97 85
78 14 67
98 40 43
52 21 20
87 73 38
43 67 2
88 40 55
82 96 49
20 24 35
4 34 51
43 35 55
60 31 29
80 2 54
14 4 69
98 27 86
43 17 90
97 56 11
5 2 44
20 98 61
9 26 19
31 20 42
72 77 46
46 21 22
40 86 57
92 0 84
19 23 58
4 83 61
40 34 21
85 14 59
34 31 15
10 16 33
52 55 19
37 65 68
16 44 2
40 33 95
91 76 35
30 39 60
67 82 75
11 32 37
9 42 59
2 36 60
22 50 49
40 15 11
34 71 15
85 11 65
26 98 45
86 34 62
84 55 29
96 28 26
21 79 95
0 33 15
42 93 62
25 1 34
15 46 47
23 11 80
93 26 79
72 2 10
52 30 0
84 0 54
92 54 36
76 40 5
41 44 5
88 52 2
91 93 22
93 45 80
88 97 48
48 89 20
23 80 49
24 57 45
9 95 94
23 26 7
45 67 20
66 73 60
21 67 90
64 59 13
47 67 47
67 44 92
32 26 44
16 44 53
53 92 51
57 99 29
11 73 90
34 39 10
14 5 41
56 54 43
94 5 71
9 53 85
46 28 5
1 74 7
93 15 63
13 78 76
69 81 69
73 44 7
4 63 35
72 22 89
79 86 2
90 73 16
62 32 42
58 30 87
44 15 89
49 48 75
84 37 39
67 8 63
18 58 43
98 69 42
49 54 1
40 33 96
40 38 14
29 93 54
47 33 86
10 4 47
82 45 8
43 58 25
80 0 22
77 41 43
97 47 25
48 16 80
45 42 8
84 57 50
2 20 86
23 37 58
18 91 81
39 28 79
13 66 19
88 63 84
12 85 94
90 20 36
67 79 8
75 98 26
75 73 10
46 84 55
65 23 43
17 24 25
38 29 92
92 71 37
48 16 68
81 38 85
40 68 45
35 70 87
4 73 79
0 78 27
56 56 48
45 65 15
46 23 72
53 66 45
26 85 29
56 15 19
13 36 6
78 56 18
36 23 2
75 50 42
89 83 6
21 33 19
4 1 33
13 33 72
46 72 1
51 44 80
86 38 37
98 90 21
17 28 64
5 91 29
35 68 57
32 98 60
44 72 85
11 16 64
76 97 90
83 1 56
13 41 35
7 21 3
39 21 51
98 63 31
46 69 49
18 57 8
44 28 77
10 39 83
82 3 50
32 32 8
51 10 23
14 49 20
35 59 94
82 40 20
69 47 34
70 64 63
74 67 45
70 29 58
55 70 39
69 46 26
87 38 87
37 49 79
27 96 49
33 34 80
6 30 79
42 12 24
19 19 55
93 1 72
45 94 54
93 80 37
7 52 18
41 24 93
4 45 66
84 56 59
81 12 17
46 25 79
66 46 48
74 35 10
95 13 14
24 65 85
54 48 50
92 58 2
86 37 44
51 76 67
8 17 80
21 16 12
35 30 60
87 71 83
6 92 39
17 88 75
5 64 67
92 5 62
65 14 95
34 1 32
16 94 87
23 84 49
33 46 74
50 90 36
49 29 28
94 85 70
53 38 84
1 28 94
71 99 48
92 51 32
22 16 86
62 85 54
61 34 8
45 54 89
52 19 43
19 32 88
34 57 17
72 42 69
44 40 37
56 20 90
39 16 81
75 92 24
40 22 99
43 62 0
44 95 30
30 5 78
93 18 94
52 76 34
91 39 25
48 62 5
14 68 35
60 57 21
74 60 18
36 89 47
42 11 37
33 47 71
79 89 44
31 64 34
67 77 59
91 93 84
81 0 31
50 48 53
39 94 52
70 90 6
41 50 93
68 80 78
90 76 94
98 38 21
84 97 93
83 95 62
72 67 90
7 42 82
37 89 85
50 38 31
30 41 74
44 94 33
60 55 1
34 87 4
53 95 38
84 38 89
24 49 59
97 57 92
99 43 52
46 40 62
11 36 32
31 18 3
15 39 31
12 86 26
77 3 39
26 18 24
94 9 44
15 0 16
76 29 85
31 14 47
57 40 79
85 88 33
70 80 26
66 85 70
32 54 41
24 2 59
6 91 32
2 41 57
93 50 55
93 85 35
87 91 57
57 61 84
73 47 65
67 13 88
44 95 19
32 30 16
81 18 19
64 59 5
43 93 86
39 59 66
41 53 64
15 11 22
1 90 66
34 67 69
99 47 11
51 40 93
61 39 21
34 7 2
5 2 68
37 74 8
95 11 71
34 31 12
99 62 2
40 84 47
11 75 29
25 48 39
7 47 49
11 3 46
1 52 32
54 46 96
85 89 98
93 33 59
75 85 64
25 67 10
45 53 71
27 6 21
12 25 60
72 17 18
74 12 80
2 16 64
2 91 98
52 97 25
75 75 66
99 40 93
19 54 57
35 47 72
56 2 93
21 34 15
90 62 77
99 8 65
18 63 36
69 52 27
45 1 59
95 15 18
20 5 72
78 8 64
83 85 44
34 12 88
75 55 85
22 61 92
93 21 11
56 65 25
27 23 65
56 66 37
74 52 75
24 41 11
12 40 23
61 90 8
71 20 68
37 63 23
74 28 82
84 58 53
90 7 49
61 64 70
13 13 87
24 8 1
51 81 44
39 38 49
24 28 4
99 17 92
87 39 18
31 59 9
44 73 30
78 16 11
91 22 11
70 11 42
78 76 61
13 89 8
32 92 88
36 62 67
8 44 30
3 10 36
6 57 88
35 57 21
35 25 49
37 3 91
50 10 4
29 32 88
69 10 67
53 2 5
35 38 55
7 5 6
56 99 51
28 15 5
78 52 14
87 94 75
62 78 19
36 5 62
49 81 97
56 26 93
20 55 39
22 28 69
58 26 67
40 24 66
41 41 46
25 85 68
23 23 20
