63 50 99
79 11 26
82 70 79
60 93 4
27 11 15
54 79 63
56 93 80
37 11 15
0 38 99
47 83 77
78 92 27
96 25 70
89 30 80
19 25 94
78 48 38
86 87 73
96 38 58
0 87 99
13 83 62
54 68 28
13 83 99
89 38 83
48 48 47
70 46 60
60 72 10
89 30 83
71 94 80
57 94 56
37 11 26
54 71 21
59 52 75
54 73 58
82 3 62
43 93 10
43 72 34
54 66 28
3 6 70
48 50 60
48 53 47
77 77 41
2 6 70
5 68 22
78 41 38
5 53 38
14 26 88
35 50 62
5 66 29
78 11 88
5 3 62
59 72 4
5 70 29
71 46 80
12 71 63
47 13 36
34 42 14
14 11 15
27 87 26
14 77 10
29 91 58
37 70 89
90 94 9
55 30 4
43 52 80
13 50 62
0 33 99
29 54 63
60 72 75
55 38 83
76 70 79
5 42 49
35 83 99
54 68 22
71 41 5
96 6 41
78 70 88
57 41 89
71 46 9
19 33 70
56 52 10
49 94 5
60 51 75
56 51 75
78 90 49
37 43 9
70 77 41
60 77 10
71 46 5
35 50 99
73 93 60
86 8 73
54 81 62
38 54 58
5 90 47
73 93 57
37 92 26
63 33 62
12 73 21
79 70 55
27 87 15
37 87 80
63 13 77
3 38 94
57 70 56
49 94 56
71 43 5
2 33 5
47 50 99
19 42 47
48 50 80
52 66 28
89 33 80
14 26 15
71 94 9
71 43 56
78 53 38
19 90 38
86 30 4
78 70 55
2 6 41
56 51 80
89 30 4
35 33 5
14 92 88
2 25 5
34 48 47
73 77 60
57 43 5
5 48 38
96 40 41
89 30 73
3 40 5
14 87 15
82 81 29
13 13 77
19 33 94
63 63 5
60 52 34
86 38 99
14 70 55
46 83 36
76 3 29
29 71 58
73 93 59
46 33 62
37 41 89
19 38 5
78 26 88
2 73 21
78 11 26
37 87 15
37 70 56
3 38 5
86 33 83
43 51 34
59 77 4
52 70 62
48 77 60
57 70 89
52 68 28
54 81 22
27 26 55
57 41 56
70 84 80
37 46 80
35 13 5
90 43 56
78 70 27
19 38 58
56 93 34
5 68 28
2 40 41
96 25 41
59 77 75
37 70 9
54 91 58
38 71 64
54 79 21
29 73 58
2 79 63
12 73 64
73 50 41
55 38 99
13 13 36
5 90 49
73 50 80
43 52 75
47 63 99
3 6 5
13 33 99
90 94 89
38 79 63
78 90 14
10 38 70
46 83 99
5 48 27
78 11 15
47 33 77
46 33 77
47 50 36
56 72 4
48 48 38
13 13 5
54 54 21
37 46 9
60 72 4
35 83 62
43 77 10
76 66 28
37 26 27
86 8 83
47 63 62
78 11 55
0 33 80
54 91 63
3 38 70
10 38 5
46 83 77
14 72 34
14 51 4
57 70 9
14 52 75
19 53 49
79 46 59
57 46 9
89 8 99
29 79 58
47 50 62
35 83 36
96 33 94
60 93 10
59 72 34
52 70 29
77 84 60
10 6 41
78 92 15
63 50 5
54 79 66
19 42 14
5 48 47
35 13 99
79 11 27
78 87 27
59 51 75
10 25 5
56 52 4
52 81 79
77 50 80
2 73 64
76 3 28
52 81 29
55 8 99
63 50 36
56 51 34
35 83 5
48 41 14
5 68 29
47 83 36
37 33 83
12 79 66
14 77 75
60 77 4
56 51 4
3 33 58
37 70 27
71 70 80
34 48 27
5 70 79
59 93 34
89 33 99
48 46 80
46 50 62
70 50 41
19 25 58
49 46 56
57 46 80
47 13 77
79 26 88
63 83 36
60 51 80
19 25 41
0 30 4
13 33 77
90 41 9
71 94 5
90 70 9
78 90 27
12 73 63
3 25 41
79 50 80
14 70 88
90 41 89
12 91 66
37 87 55
90 46 9
86 38 4
37 38 73
76 81 29
14 70 15
2 25 94
13 63 5
63 63 62
56 52 80
34 90 27
0 87 73
37 94 89
5 41 27
0 30 80
70 93 59
29 79 64
19 6 58
48 53 38
96 6 5
48 77 41
10 40 5
57 46 5
78 48 14
55 30 99
14 26 27
57 43 80
27 26 15
79 92 27
2 6 94
54 3 22
35 50 77
82 68 29
35 33 62
76 68 28
55 30 80
79 87 15
29 91 63
0 87 4
79 84 41
63 13 62
13 13 62
49 94 89
89 38 80
27 26 27
78 26 15
77 84 41
37 87 27
19 90 47
90 43 9
48 93 80
19 42 38
96 6 94
73 50 60
35 63 36
0 8 73
79 92 26
2 38 41
90 46 56
27 11 26
38 54 64
52 3 28
38 73 66
35 13 62
43 52 34
86 87 99
5 3 28
76 3 22
14 51 34
96 33 5
2 79 66
70 50 59
43 52 10
59 77 10
46 33 99
38 54 63
57 94 5
47 83 62
77 77 59
78 53 14
34 90 47
77 46 59
2 6 58
14 52 80
56 77 10
78 42 27
89 87 80
37 26 88
77 93 41
96 33 41
27 11 27
77 93 57
29 71 21
59 52 4
48 48 14
37 43 5
96 38 70
79 87 26
29 73 66
43 72 10
55 38 73
14 87 27
35 33 77
78 87 55
14 72 4
0 38 4
43 93 34
49 43 56
96 40 58
37 11 27
73 84 57
19 48 14
48 84 80
5 70 22
14 93 34
79 93 59
0 33 4
70 50 80
12 54 58
96 40 70
3 40 94
48 90 49
2 73 63
14 52 4
47 33 5
5 41 38
89 38 4
76 3 62
37 30 4
46 50 77
56 72 10
56 77 80
27 92 27
49 70 56
73 84 41
48 46 41
71 43 89
37 87 83
78 26 55
38 71 66
73 84 60
34 41 47
14 92 26
49 43 5
96 38 94
54 68 29
54 91 21
79 46 80
43 51 4
47 13 5
37 11 88
55 87 4
70 46 80
47 33 99
79 46 60
2 54 64
29 91 66
79 84 57
89 8 83
63 33 77
55 33 73
29 91 64
52 70 28
12 54 66
5 3 79
70 84 41
34 90 14
19 42 49
5 53 49
56 77 34
54 54 66
55 33 4
0 38 83
76 66 29
73 77 59
55 87 80
35 50 5
27 70 26
5 66 79
48 50 41
19 90 14
57 43 9
59 77 80
12 54 21
76 66 22
47 13 62
71 46 56
54 71 63
48 53 27
29 54 21
43 51 10
77 46 57
63 33 36
79 50 41
49 70 89
14 87 26
35 63 77
27 92 26
12 79 63
3 6 41
78 53 27
19 33 41
55 38 4
76 68 22
34 53 27
73 84 59
37 70 80
27 11 55
2 40 94
90 70 56
2 54 66
37 87 73
14 51 10
37 30 99
13 33 5
54 66 62
56 93 10
5 66 28
59 93 80
86 38 73
47 63 77
19 6 70
10 38 41
60 51 4
2 38 58
86 30 80
2 54 58
27 70 88
82 66 22
43 93 4
34 53 14
34 41 14
37 26 15
19 41 27
59 52 34
86 30 99
12 91 63
79 70 27
78 87 15
37 33 73
73 77 57
3 33 5
56 72 80
12 54 64
63 33 5
73 46 41
2 40 70
60 52 4
43 72 75
10 33 5
37 43 80
52 3 79
2 54 63
2 91 21
78 42 47
14 72 10
77 84 80
34 41 38
70 46 59
35 63 62
54 66 79
86 87 83
52 66 29
54 91 66
54 81 28
14 93 80
63 63 99
71 41 89
76 81 62
34 48 14
3 40 41
37 26 26
19 38 41
70 84 59
48 93 59
70 46 41
78 92 88
89 87 99
2 71 21
19 6 41
37 41 56
77 50 60
70 93 80
70 77 57
63 50 77
96 40 94
37 92 88
54 68 79
43 51 75
35 13 77
60 51 10
78 90 38
54 54 58
82 70 22
37 92 55
73 46 57
60 51 34
46 50 36
48 41 47
79 93 57
3 25 58
48 93 60
96 38 41
37 94 80
38 54 21
0 30 99
70 77 59
0 8 4
37 41 80
96 25 58
13 83 36
71 70 5
2 79 58
34 53 38
38 71 21
3 33 70
70 93 57
63 13 36
48 48 49
46 13 62
86 87 4
78 48 27
78 42 38
86 87 80
37 33 99
10 25 58
79 50 57
77 93 80
37 70 88
54 66 29
79 87 55
19 38 70
56 93 75
34 53 49
37 38 99
29 71 64
57 46 56
46 63 36
46 33 36
79 26 26
54 70 29
76 66 79
90 70 5
78 11 27
5 53 27
10 6 94
77 50 59
57 70 80
3 38 41
79 50 60
73 93 41
90 43 5
3 33 94
37 11 55
14 26 55
52 68 22
27 92 88
19 48 49
79 26 15
90 94 56
37 33 4
52 81 28
2 79 64
27 26 26
13 83 77
47 83 5
19 48 47
78 42 49
48 42 27
29 73 63
27 26 88
54 70 28
82 66 29
34 42 49
90 70 89
2 40 58
89 87 83
76 3 79
35 13 36
49 94 9
14 51 75
90 70 80
5 81 62
55 87 73
37 87 88
5 42 47
37 43 56
52 68 79
38 91 21
55 33 80
77 46 60
90 41 56
19 6 94
2 40 5
35 50 36
0 30 73
71 41 56
2 25 70
55 8 83
79 93 60
5 90 27
37 26 55
59 51 4
60 72 34
73 77 80
10 33 94
5 42 14
34 41 49
5 81 22
10 33 70
27 70 15
96 33 70
43 77 4
49 70 80
37 70 26
71 94 89
71 70 89
5 41 14
76 70 62
10 33 41
76 68 62
43 77 75
56 93 4
78 48 47
54 3 28
78 41 49
82 3 29
73 46 60
79 77 41
14 52 34
27 11 88
49 46 9
96 33 58
10 40 41
2 38 5
78 70 26
10 40 58
71 94 56
76 70 28
78 26 26
49 46 80
37 46 5
19 53 38
13 50 99
90 43 89
89 38 99
3 40 70
48 77 80
59 93 75
48 77 59
78 87 88
19 40 94
48 90 38
82 3 79
38 73 58
49 41 80
37 33 80
0 8 99
14 26 26
79 93 41
57 43 56
14 77 4
49 41 89
89 30 99
37 70 5
14 92 55
14 93 10
63 63 36
38 79 64
59 72 75
14 93 4
10 38 94
48 46 57
56 77 75
13 50 36
76 81 22
89 33 4
86 33 80
82 70 29
60 77 80
82 66 28
59 51 10
82 3 28
12 91 64
38 79 21
5 53 14
55 8 73
54 71 58
54 71 64
79 77 60
2 71 66
29 54 66
52 66 62
2 33 70
48 93 57
48 93 41
34 48 49
37 8 73
86 38 83
37 94 56
46 63 5
48 90 27
55 8 4
34 48 38
34 41 27
27 92 55
79 26 27
70 77 80
54 73 66
19 48 27
2 71 64
34 42 47
19 42 27
37 8 83
49 41 9
78 42 14
38 91 64
13 63 99
54 79 64
82 68 79
38 73 63
48 42 14
37 8 80
54 66 22
43 93 75
10 6 58
13 33 62
38 54 66
5 90 14
38 91 58
38 71 58
59 93 10
14 72 75
54 73 63
34 42 38
2 91 64
27 70 55
54 81 29
56 72 75
37 30 83
37 8 4
47 50 77
5 66 22
19 53 14
29 71 66
48 50 57
79 70 15
70 46 57
49 70 5
59 51 80
37 46 56
86 8 80
2 79 21
59 52 10
90 94 5
79 26 55
34 53 47
12 79 58
13 63 36
19 33 58
37 92 27
57 94 89
70 50 57
89 8 80
57 46 89
49 70 9
5 3 29
89 38 73
12 71 58
13 33 36
35 33 99
5 41 47
29 73 21
46 83 62
71 70 9
48 42 47
89 33 73
54 73 64
60 93 80
27 87 55
86 8 99
2 71 58
10 40 94
54 71 66
49 43 89
59 52 80
2 6 5
10 38 58
14 51 80
60 77 34
29 79 63
48 90 14
52 66 79
5 90 38
60 93 34
54 68 62
12 71 66
54 79 58
37 87 26
71 70 56
54 54 63
52 81 22
82 68 22
77 84 59
55 87 99
54 3 29
90 46 80
86 33 99
52 3 22
14 70 26
77 77 60
63 83 77
35 63 5
29 73 64
60 52 10
46 33 5
63 83 62
57 41 5
57 70 5
96 38 5
71 43 80
38 73 21
10 25 41
13 63 77
47 83 99
49 46 89
79 84 60
73 46 59
37 94 5
54 3 62
43 77 34
12 73 58
76 68 29
77 50 57
5 53 47
79 11 15
47 50 5
29 54 64
55 33 99
34 90 38
78 92 26
79 46 57
73 50 57
77 50 41
48 90 47
5 68 79
63 63 77
5 70 28
2 33 41
60 52 80
2 38 94
5 81 29
56 52 34
48 84 41
5 41 49
47 63 36
19 33 5
43 72 80
78 26 27
55 87 83
49 43 9
82 3 22
82 68 28
27 87 27
19 41 14
59 51 34
96 40 5
86 33 73
34 90 49
3 6 58
49 94 80
0 8 80
79 46 41
5 66 62
38 91 66
19 40 41
77 84 57
37 87 99
3 25 94
63 33 99
78 41 47
3 25 70
54 54 64
70 84 60
3 38 58
63 83 99
82 70 62
14 92 15
52 66 22
82 81 79
90 41 80
47 63 5
76 81 28
52 68 62
54 81 79
10 40 70
14 11 55
35 83 77
43 52 4
71 41 80
46 13 99
19 25 5
37 46 89
78 48 49
5 70 62
14 87 88
82 70 28
2 91 63
