2 40 58
47 33 77
19 90 14
2 54 21
59 93 75
37 11 15
3 38 58
96 40 58
90 94 89
38 73 66
48 48 14
19 42 38
3 25 94
82 68 79
70 93 80
57 43 9
82 3 28
27 26 15
89 8 80
35 13 36
2 6 5
37 43 9
48 50 60
49 94 56
78 87 15
55 87 80
14 11 27
54 70 29
3 40 58
37 70 80
79 92 55
79 77 57
79 92 26
56 52 75
54 73 58
34 42 49
2 73 58
37 26 88
57 46 89
27 11 26
19 42 49
48 48 27
71 94 80
55 33 99
12 73 63
43 52 34
27 11 88
43 72 75
70 77 59
12 79 58
79 93 57
48 50 41
19 38 58
48 46 80
34 90 47
55 33 83
0 8 4
19 25 70
37 43 89
38 71 21
54 81 62
43 51 4
37 46 9
19 48 27
37 92 26
86 38 99
57 94 89
54 66 22
57 43 5
78 92 15
19 25 94
48 90 49
14 92 27
89 38 73
90 46 5
79 92 15
43 72 34
2 91 58
48 84 80
14 26 55
56 77 10
3 38 94
37 26 26
5 90 14
34 42 47
37 30 83
13 33 62
79 46 59
12 71 58
79 70 15
78 90 38
13 50 99
0 87 80
54 66 29
52 81 28
54 81 29
71 46 89
60 52 34
5 68 62
70 46 80
52 66 28
27 70 27
14 87 15
59 51 80
10 6 41
43 72 4
5 3 79
48 41 47
2 40 5
37 11 27
56 93 4
76 3 79
63 33 62
63 13 5
89 38 80
38 79 58
10 40 5
19 42 27
90 41 80
10 40 70
73 84 59
2 71 64
77 93 41
5 3 62
55 33 4
27 92 15
90 43 9
37 41 89
59 72 10
90 94 56
48 84 59
73 50 57
14 77 4
60 93 80
54 54 63
96 38 5
29 54 63
48 77 57
14 52 10
54 71 63
90 46 80
57 46 80
14 26 15
78 26 27
47 33 5
47 63 77
38 71 58
59 51 4
19 38 41
71 41 56
14 93 10
37 70 5
2 38 5
19 90 47
2 6 70
89 30 80
34 53 38
46 83 62
48 46 60
48 42 38
19 41 14
37 33 83
79 11 88
60 51 34
63 63 77
49 94 5
2 73 66
19 41 49
34 90 38
19 41 47
14 92 88
71 43 80
70 84 57
82 70 29
70 77 60
71 70 56
10 6 94
59 51 34
34 48 47
29 79 64
0 8 80
0 8 83
10 33 94
13 33 36
46 50 5
14 92 55
37 30 80
54 81 22
27 70 55
38 91 66
43 51 10
57 70 5
47 83 77
55 38 80
55 38 83
38 71 64
14 72 10
79 11 27
10 25 5
5 3 28
77 84 41
27 92 88
55 38 4
0 38 80
37 70 56
54 91 64
38 79 66
12 71 21
3 38 5
19 38 5
37 33 80
89 8 99
48 53 49
78 92 55
79 84 80
35 63 77
78 48 49
0 30 99
19 41 27
79 87 55
13 50 77
56 51 4
46 13 77
49 70 9
27 92 55
70 46 57
52 81 22
56 52 4
56 77 75
37 33 73
54 66 79
76 3 28
90 41 5
37 94 89
48 41 14
56 52 34
78 87 55
2 33 58
76 68 29
77 93 60
96 25 41
37 92 55
3 33 41
54 68 62
19 90 27
12 73 58
63 63 62
5 81 28
14 77 80
2 54 58
19 90 38
70 50 59
96 25 58
46 50 77
78 42 27
60 52 75
78 11 26
78 11 55
37 92 27
47 83 62
49 43 89
56 93 80
56 51 75
82 81 29
2 91 66
52 66 79
52 3 62
52 81 79
59 72 75
34 53 47
54 79 21
49 94 89
73 46 60
0 87 83
96 25 94
10 40 41
5 42 47
77 50 60
79 92 88
2 71 63
79 84 41
76 81 62
5 66 62
78 42 49
54 54 58
49 43 9
3 6 41
10 25 70
3 33 70
96 6 70
37 92 15
34 41 47
19 6 58
13 83 36
2 6 94
35 13 5
38 54 64
60 77 75
29 79 63
54 73 64
63 83 36
79 11 15
37 41 80
34 53 27
90 70 80
2 38 58
0 8 99
70 84 60
14 11 26
73 93 57
49 70 56
43 77 34
73 93 59
2 71 58
78 87 26
13 63 99
0 30 4
60 52 80
37 30 73
77 46 57
79 93 41
54 71 58
71 70 9
37 87 73
48 90 27
29 79 21
48 41 27
47 13 5
78 53 27
47 63 5
63 33 77
37 46 56
2 38 94
70 93 60
19 6 70
2 79 58
35 63 62
5 42 49
0 87 73
57 94 80
49 46 5
34 41 27
3 25 5
37 92 88
5 48 14
86 33 80
49 94 80
78 48 47
57 70 56
54 91 21
82 3 79
49 41 80
73 46 41
76 81 79
77 93 57
60 52 4
2 91 64
38 73 21
0 30 73
14 93 80
19 33 41
60 72 10
43 77 10
48 53 38
5 68 29
49 70 5
77 77 57
90 46 56
12 54 58
78 26 26
54 3 29
14 11 55
96 40 94
5 90 47
48 77 41
96 25 70
35 13 99
57 46 56
60 51 80
71 94 9
0 33 80
14 26 27
79 70 88
52 81 29
76 3 62
63 83 62
5 53 14
59 52 80
5 68 79
57 43 89
14 77 34
12 54 64
52 68 22
46 33 5
77 77 59
48 50 59
2 54 66
89 30 99
14 70 88
82 66 28
43 52 10
2 25 70
19 6 94
2 79 66
43 93 80
29 73 21
54 3 22
48 42 47
43 77 75
3 40 94
59 77 10
78 42 14
19 38 94
77 84 80
54 68 79
34 42 38
63 33 5
57 41 89
48 42 14
29 73 64
19 48 49
54 54 21
27 87 15
54 79 64
38 79 21
73 84 41
90 43 80
35 13 77
55 87 4
37 70 89
3 6 5
2 25 94
49 41 9
82 81 28
10 33 70
79 26 26
55 38 73
35 33 99
86 38 4
0 33 83
70 77 57
73 84 57
43 52 75
54 91 58
35 50 36
79 46 60
56 93 34
77 46 60
86 8 99
86 30 99
13 50 5
71 41 80
10 25 41
38 54 58
10 38 94
37 41 9
38 91 63
13 83 99
54 73 21
70 46 41
47 33 36
37 38 99
5 42 27
10 25 94
34 90 27
34 42 27
90 94 9
55 8 73
56 52 80
59 77 4
63 50 62
54 68 29
10 6 70
63 50 77
79 50 57
12 79 66
90 70 9
54 3 79
5 70 28
13 83 77
70 93 57
90 46 9
86 87 83
3 6 58
60 93 34
38 73 64
48 42 27
71 46 9
78 90 14
43 93 4
48 93 60
57 94 9
96 6 58
29 54 64
49 94 9
77 50 59
3 33 5
78 26 15
3 25 41
78 90 49
35 50 5
82 81 79
14 52 80
37 33 4
76 68 62
14 51 10
38 73 63
54 68 22
54 3 62
5 48 47
47 83 99
43 93 10
0 87 99
78 42 38
86 30 73
78 92 88
43 77 80
37 26 55
54 79 58
14 51 4
55 8 4
49 41 89
5 81 62
37 43 5
37 8 4
77 93 80
38 79 64
79 46 80
86 8 73
89 8 4
19 33 5
73 84 60
82 66 22
37 38 4
86 87 99
19 25 58
54 73 66
48 53 47
59 51 10
37 43 80
2 91 63
77 77 60
63 83 77
14 70 55
71 46 80
35 50 77
77 77 80
38 54 63
47 50 36
79 87 27
48 93 59
63 13 99
12 73 66
63 33 36
5 48 27
90 70 89
76 66 79
12 73 21
48 93 41
52 68 79
54 70 79
73 50 60
37 70 15
78 87 88
77 50 57
37 70 55
13 83 62
82 68 62
29 71 63
70 50 57
5 48 38
71 70 5
76 70 29
3 40 5
34 41 14
43 51 75
46 63 36
19 41 38
77 93 59
89 8 83
73 46 59
96 33 58
90 41 56
48 93 57
47 13 62
79 84 57
54 71 21
29 73 63
79 46 41
10 33 58
13 63 36
10 38 41
77 46 80
82 66 62
96 38 70
79 70 27
56 72 10
54 81 28
70 84 41
14 52 4
35 63 99
63 63 36
35 50 62
56 51 10
57 41 5
2 71 21
46 13 36
14 87 55
27 70 15
47 50 77
73 46 57
96 40 41
19 53 27
49 46 56
71 41 9
90 70 5
54 70 62
54 68 28
90 46 89
57 43 56
82 68 28
96 40 70
3 38 41
54 70 28
46 83 36
73 77 41
59 72 80
79 70 26
14 70 27
14 51 75
76 68 22
43 52 80
63 83 99
78 11 15
76 3 29
37 46 80
5 90 49
34 90 14
46 50 62
73 46 80
27 11 15
76 70 28
70 46 59
29 91 63
48 42 49
5 3 29
37 70 88
73 84 80
73 50 41
5 41 49
13 50 62
82 3 22
35 33 5
57 70 9
2 25 58
77 84 57
37 38 80
14 51 80
96 38 41
2 91 21
5 42 38
37 26 27
86 30 4
38 71 66
73 93 80
89 38 99
59 52 34
13 13 99
59 72 4
52 68 28
48 48 49
13 33 99
52 81 62
70 46 60
89 87 80
55 8 99
52 3 22
43 72 10
71 70 89
5 81 22
5 53 47
47 63 36
79 87 26
12 91 58
47 50 99
37 8 83
37 8 80
29 91 66
37 94 80
43 77 4
27 11 55
37 41 5
52 68 62
2 6 41
2 79 21
19 40 41
37 70 9
10 38 58
12 91 21
96 25 5
2 33 94
47 13 77
60 72 80
79 46 57
63 13 62
56 72 80
76 70 62
19 53 38
52 68 29
48 84 41
5 90 38
48 46 57
76 3 22
86 30 83
79 70 55
48 77 59
82 70 79
78 70 88
71 94 89
2 38 41
79 50 59
37 87 99
37 87 26
38 71 63
82 3 29
19 53 47
5 66 79
89 87 99
14 72 75
79 93 59
13 83 5
14 11 88
43 93 34
35 63 5
14 72 4
52 70 62
19 48 38
12 79 21
71 41 89
77 77 41
47 33 99
0 38 4
52 66 22
96 33 94
12 91 63
37 43 56
13 63 5
86 87 80
19 6 5
38 54 66
14 51 34
2 40 70
82 70 28
3 33 58
19 42 14
35 33 36
46 50 99
46 63 5
12 91 64
78 90 27
54 70 22
5 81 29
71 43 56
90 41 9
13 50 36
29 91 58
48 90 38
10 6 58
0 33 73
73 77 60
57 41 9
27 92 26
12 71 63
54 79 63
55 87 99
82 70 22
77 84 59
55 30 99
37 30 99
34 48 27
47 13 99
73 93 41
59 77 80
12 54 21
37 46 89
35 83 62
76 68 79
86 33 99
27 92 27
47 83 5
79 50 41
10 25 58
5 42 14
59 93 34
46 83 5
76 81 29
96 38 58
19 40 58
52 66 29
12 71 66
10 40 94
54 54 64
12 54 63
59 77 34
86 33 73
47 33 62
35 83 36
34 90 49
27 26 88
77 84 60
5 90 27
96 40 5
2 54 63
2 71 66
76 66 22
5 68 22
55 33 73
63 13 36
78 26 55
78 70 15
14 70 15
86 33 4
34 48 14
5 66 22
27 87 26
0 38 73
27 87 27
38 54 21
12 79 63
35 83 77
5 81 79
43 51 34
63 13 77
46 83 99
12 91 66
63 63 5
71 41 5
54 91 66
47 50 5
2 6 58
55 87 83
54 91 63
60 72 34
29 73 66
37 11 26
2 40 41
3 40 70
70 93 41
78 48 38
82 66 29
79 26 88
70 50 41
0 87 4
90 41 89
56 93 75
56 77 4
5 70 29
78 53 14
55 33 80
14 70 26
52 70 28
13 63 77
0 30 80
89 33 4
19 6 41
57 70 89
56 51 34
27 26 27
14 87 27
48 77 80
70 50 60
3 25 58
2 73 64
37 41 56
49 46 89
43 52 4
46 33 77
48 46 41
79 77 41
37 87 27
60 77 80
34 41 49
54 79 66
48 41 49
0 33 99
86 38 83
34 42 14
59 77 75
56 72 4
37 94 9
70 84 59
86 8 80
3 40 41
82 3 62
96 33 70
89 87 73
76 66 28
78 92 27
19 90 49
78 42 47
29 91 21
14 26 26
79 50 80
48 46 59
13 13 36
38 91 58
19 33 70
14 26 88
35 33 62
27 26 26
19 33 94
96 33 5
27 87 88
52 3 28
5 68 28
43 93 75
63 50 36
54 3 28
96 33 41
63 83 5
60 72 4
71 70 80
5 66 28
19 40 5
19 38 70
13 33 5
34 53 49
52 70 29
37 87 15
48 84 57
2 40 94
49 70 80
19 48 14
79 84 59
90 94 5
49 46 9
27 70 26
19 25 41
47 13 36
5 70 62
14 87 88
35 33 77
90 43 56
78 53 38
2 33 70
54 66 62
48 50 57
55 30 80
63 33 99
60 51 4
78 48 27
5 41 47
79 93 80
49 41 56
71 43 5
38 79 63
35 63 36
29 54 58
86 87 73
60 93 10
86 8 4
0 8 73
79 84 60
5 53 49
77 46 59
35 83 99
46 13 99
38 73 58
2 73 63
5 53 38
29 73 58
48 48 38
71 94 56
37 26 15
10 40 58
96 6 41
86 87 4
46 33 99
73 77 59
37 87 88
10 6 5
59 51 75
89 30 4
49 43 80
59 72 34
76 66 29
47 63 99
37 33 99
19 48 47
82 68 29
12 73 64
89 33 83
52 3 79
73 77 57
29 71 58
56 72 75
14 92 26
71 43 9
86 38 80
37 87 83
