76 66 29
96 38 70
3 25 58
43 52 75
78 87 27
46 50 5
54 79 63
63 33 36
52 68 28
54 73 63
52 68 79
5 66 28
19 38 58
13 83 5
78 26 55
78 26 26
29 91 64
38 91 21
63 13 5
35 50 99
29 54 58
19 90 49
78 90 38
59 77 34
19 41 38
48 48 47
86 8 83
54 66 28
34 90 49
2 79 63
14 87 26
70 93 41
63 83 5
76 3 28
60 52 80
38 71 63
90 94 5
35 83 99
89 87 4
48 53 49
38 71 58
77 93 60
46 13 5
0 30 4
48 93 57
10 25 94
56 93 4
43 51 4
86 33 80
46 83 62
90 94 9
79 46 59
49 70 5
54 3 79
54 81 79
55 87 99
82 81 29
57 70 5
47 13 77
19 90 47
86 8 80
3 25 70
48 41 47
90 70 9
49 70 56
60 93 34
47 63 36
54 79 64
90 41 56
70 46 80
73 50 41
14 70 15
29 54 21
19 48 14
54 71 66
48 42 14
52 81 79
52 81 62
59 52 34
49 70 80
59 51 75
14 93 80
48 41 38
13 83 36
38 91 64
13 63 36
63 63 77
37 94 9
63 33 99
63 13 77
56 52 80
34 42 49
37 26 27
79 70 55
86 38 80
0 33 80
54 81 28
0 87 83
54 66 62
79 70 26
37 8 4
14 51 80
37 94 89
37 43 9
76 66 62
86 87 83
82 81 22
90 41 9
96 6 58
19 48 27
5 3 22
63 13 36
43 93 80
71 41 9
73 84 57
90 43 5
2 38 58
77 93 57
2 54 63
48 50 57
47 83 5
73 77 57
13 50 77
82 70 79
73 46 59
54 73 21
49 94 80
55 38 80
96 38 58
89 87 80
14 70 26
56 52 4
2 25 94
70 93 59
54 70 79
55 33 99
73 84 60
48 42 49
79 87 15
59 52 80
55 30 80
35 13 5
14 93 75
55 33 4
35 33 77
79 87 88
52 66 62
2 25 58
52 66 22
49 41 80
37 92 88
82 66 22
78 92 26
27 87 27
49 41 9
47 13 5
19 33 70
19 48 38
14 52 34
86 30 73
57 43 89
46 63 99
76 3 79
43 93 10
10 38 70
96 33 5
82 68 22
60 93 80
55 8 83
76 70 79
55 87 4
96 6 5
89 38 80
86 30 83
5 66 29
19 53 49
34 41 49
56 93 10
14 72 80
12 79 21
52 68 62
37 87 88
60 77 4
14 92 26
86 8 73
70 77 60
3 38 41
12 54 66
78 41 47
14 70 27
52 66 28
79 93 60
79 70 27
37 38 80
60 51 34
60 52 4
96 6 41
12 71 21
37 87 27
19 33 58
57 43 9
37 33 80
57 41 5
34 42 47
37 92 55
37 46 89
2 40 41
0 33 73
46 33 5
56 51 80
2 33 41
77 84 59
52 70 62
56 77 80
14 52 80
76 70 22
29 71 63
56 72 80
0 30 73
2 71 63
37 94 56
73 93 80
5 81 22
3 38 70
52 3 62
19 38 94
49 43 56
35 50 77
19 6 70
78 53 38
12 79 64
78 92 15
37 38 73
79 84 60
59 51 4
37 8 73
57 94 89
96 33 70
10 33 58
71 94 5
48 42 27
63 50 62
96 33 58
5 41 49
60 51 75
34 90 27
57 43 5
13 13 99
55 8 80
86 38 99
34 53 27
77 84 41
47 63 62
14 93 4
19 42 27
52 66 29
2 79 21
46 33 77
5 53 14
70 50 41
78 26 27
55 8 73
0 30 99
29 71 58
3 25 94
14 51 75
48 77 59
2 6 94
56 77 75
14 92 27
13 33 77
73 46 60
43 72 80
71 43 56
35 13 36
86 33 4
27 26 27
78 11 15
82 3 79
54 81 62
29 79 21
47 63 77
37 26 55
37 41 56
3 6 41
71 41 89
55 87 73
60 51 4
29 79 66
70 93 60
98 14 66
54 66 79
89 33 80
89 8 99
0 33 99
82 3 29
13 13 5
0 8 80
38 73 63
59 72 10
12 71 64
47 50 77
37 30 73
19 40 94
60 52 75
47 13 62
34 90 14
54 54 64
12 71 58
55 87 80
87 99 39
37 38 4
5 53 27
54 70 22
63 63 5
14 72 75
19 53 38
37 70 9
19 41 47
59 72 75
82 66 62
5 3 79
47 13 99
56 77 34
35 50 62
96 33 41
0 30 83
48 93 60
56 93 75
14 11 27
78 90 27
82 81 79
73 50 57
96 25 70
5 68 29
79 50 41
29 73 64
56 51 34
19 25 41
34 42 14
78 41 27
78 53 14
13 50 99
35 33 5
46 63 5
5 66 22
35 63 36
27 87 55
79 26 55
35 63 99
29 73 21
12 73 64
37 38 99
54 54 58
59 77 10
56 72 10
77 93 80
76 81 79
27 70 27
13 13 36
34 53 49
2 6 58
71 94 80
35 83 36
56 51 4
19 40 5
13 33 5
96 38 94
76 81 29
60 77 34
77 50 59
5 70 22
77 46 59
79 93 59
49 70 89
54 91 21
0 8 83
10 38 5
79 77 60
37 94 80
73 50 60
12 71 63
52 81 28
5 90 14
78 70 15
73 93 41
79 92 15
57 94 56
35 50 5
77 46 41
56 77 10
29 91 66
27 70 15
38 54 63
90 41 80
71 70 89
10 25 41
70 77 57
90 43 56
2 79 58
38 54 58
29 91 21
78 48 49
73 84 80
96 38 5
79 26 27
77 93 59
76 68 79
46 50 62
89 87 73
77 50 60
49 41 5
77 84 57
71 41 5
77 77 59
49 46 89
10 6 58
76 70 62
5 81 79
76 3 62
43 93 4
12 73 21
13 63 5
90 94 89
82 81 62
48 77 80
37 87 55
56 72 4
77 84 80
37 87 15
56 72 34
48 53 47
34 48 38
19 41 27
27 11 55
70 93 80
19 6 58
47 50 99
54 79 66
63 63 99
55 38 99
48 90 14
70 77 59
37 26 15
48 93 41
35 13 77
13 13 62
5 41 47
73 50 80
5 41 38
14 87 88
47 13 36
63 50 99
63 83 62
89 8 80
0 8 99
96 40 94
37 70 88
48 90 38
48 84 57
3 6 94
34 41 38
78 48 38
37 43 80
48 93 80
73 84 59
69 21 81
55 33 80
12 79 58
10 25 70
42 17 5
70 84 41
48 53 38
12 73 66
48 77 41
35 83 62
48 48 49
96 38 41
77 77 80
71 70 56
43 93 34
29 73 58
46 83 5
71 94 9
37 70 26
75 3 74
38 73 66
2 79 66
15 24 42
49 46 9
57 94 9
19 42 49
19 33 41
79 77 59
76 66 22
13 83 77
43 77 75
29 54 63
27 87 88
37 87 99
56 51 75
5 42 14
5 42 49
34 42 38
46 33 36
63 83 36
29 54 66
96 25 41
89 30 99
89 30 80
29 91 58
3 33 58
35 50 36
79 46 60
50 9 54
86 30 99
78 53 47
37 8 99
48 41 49
57 41 89
43 77 80
54 91 64
70 77 80
52 3 28
56 72 75
10 40 5
38 91 66
79 92 88
78 87 88
54 54 63
14 26 88
5 88 49
19 48 49
52 68 29
44 65 67
3 33 41
5 90 27
60 80 25
78 41 14
13 33 99
25 86 25
60 51 10
75 2 7
72 47 13
27 94 36
55 33 83
79 30 25
59 51 34
49 46 80
71 70 80
27 70 26
56 52 75
3 6 70
14 92 88
5 90 47
60 77 75
19 40 58
46 63 36
54 91 58
34 93 34
57 41 56
29 71 21
98 54 74
37 4 12
2 73 63
38 79 21
12 54 58
79 93 80
38 73 21
82 68 28
66 41 54
13 63 62
14 77 34
60 93 10
57 43 56
10 40 58
2 40 58
19 40 70
38 91 63
87 60 90
10 33 70
59 51 80
57 41 80
37 26 88
90 41 89
63 13 62
67 62 90
71 43 80
79 87 55
2 71 58
78 42 47
54 73 64
5 81 29
27 92 88
35 63 77
82 66 29
13 50 5
37 70 55
37 43 56
55 8 99
73 93 60
38 71 66
3 53 80
63 33 62
37 33 73
0 33 83
63 33 5
63 50 77
37 18 35
77 86 22
55 30 4
46 13 62
47 33 5
78 90 49
13 33 36
89 30 4
3 38 58
12 91 58
79 70 15
71 46 89
95 76 24
84 15 48
5 48 49
10 38 58
86 30 4
52 3 29
45 15 67
82 68 29
52 81 29
5 53 38
55 38 73
55 30 73
78 42 49
38 54 64
27 87 26
52 70 79
40 51 0
47 33 36
14 52 10
4 38 70
14 72 10
48 50 59
34 53 14
52 68 22
55 87 83
78 11 26
49 10 83
89 38 99
54 68 62
66 10 79
78 11 88
27 70 88
19 38 41
79 11 27
43 52 80
70 50 57
54 68 28
0 87 4
46 40 0
67 7 29
60 18 49
89 33 4
77 46 60
46 13 36
79 26 26
78 53 27
54 3 22
79 87 26
82 70 62
34 41 27
53 46 32
37 46 80
3 40 58
89 38 83
83 29 4
77 46 80
79 92 26
10 33 94
71 41 80
73 46 57
2 91 58
29 91 63
32 99 63
37 87 83
67 86 69
66 90 74
43 72 10
78 11 27
79 11 88
78 11 55
2 33 70
19 38 5
32 95 78
81 51 99
86 67 76
45 49 16
0 8 4
54 91 63
46 38 95
40 26 87
78 42 27
71 46 80
79 84 80
89 77 22
37 8 80
38 91 58
43 52 34
60 36 69
38 79 64
54 71 63
86 33 99
19 33 5
0 38 80
48 48 38
59 72 34
61 79 23
48 50 80
46 83 99
78 42 38
14 26 26
37 46 5
14 93 34
73 77 59
48 84 80
27 11 26
82 70 22
58 30 91
90 43 9
37 11 55
12 91 21
47 83 99
83 76 72
43 51 10
73 84 41
71 46 9
29 26 33
10 33 5
2 33 5
90 94 80
71 84 58
55 30 99
96 33 94
59 77 4
7 36 90
43 3 1
54 54 66
95 43 23
37 30 83
70 84 59
19 25 70
99 0 42
5 48 27
84 52 26
78 92 55
78 70 26
93 52 46
54 71 64
73 47 48
47 89 27
96 40 58
78 48 27
55 12 27
47 63 5
14 11 26
16 80 72
94 17 44
79 46 57
55 25 96
46 61 59
86 38 83
77 84 60
57 70 9
19 91 72
36 62 10
82 68 62
19 38 70
89 8 83
8 81 91
76 81 62
42 42 97
19 67 98
89 38 4
5 68 28
73 50 59
28 64 8
5 90 49
70 15 39
38 73 58
5 53 47
19 42 47
59 25 0
5 66 79
76 5 53
34 48 27
34 82 62
29 90 53
77 50 41
77 35 63
31 52 13
35 25 99
2 42 96
8 5 38
73 93 57
66 9 66
34 48 49
73 77 60
67 90 65
13 83 99
51 22 99
79 93 41
10 38 41
73 77 80
37 33 4
3 97 52
71 64 80
52 5 0
9 62 18
41 67 53
27 63 14
58 68 15
29 79 58
25 41 46
46 33 99
71 43 89
61 97 56
58 38 23
67 93 96
90 11 14
2 41 29
3 33 5
65 70 33
34 90 47
10 70 7
82 65 38
2 38 94
90 27 99
47 69 82
27 11 88
92 69 44
43 52 4
81 90 38
89 30 83
37 33 99
25 51 29
86 54 1
63 83 77
63 21 18
87 48 26
12 95 66
60 87 60
19 48 47
94 42 44
27 39 32
46 33 62
78 11 5
76 66 28
31 6 32
75 28 39
5 70 79
41 18 55
48 79 59
38 73 96
49 70 78
71 93 86
62 65 69
96 6 70
47 2 62
60 51 80
46 83 36
98 63 34
49 70 9
11 64 44
70 34 16
95 68 7
76 68 28
14 78 27
71 41 71
84 42 85
83 13 27
71 94 56
76 78 89
90 43 89
63 20 19
68 42 74
2 37 1
41 14 21
87 64 20
30 12 45
57 27 85
2 54 66
77 70 86
70 77 41
98 25 21
62 45 23
35 33 99
48 90 49
78 92 88
0 13 43
82 66 79
41 29 84
24 40 52
86 78 39
63 73 76
90 46 9
56 9 13
63 33 77
86 38 4
30 37 0
30 4 68
56 52 10
2 54 21
38 73 64
56 92 92
61 58 33
47 50 62
37 41 9
96 25 58
43 52 10
37 38 83
60 52 10
86 30 80
52 34 83
98 69 16
48 50 41
60 11 27
52 31 40
12 91 64
37 87 26
61 92 64
13 63 99
19 63 69
82 51 21
56 51 10
2 81 52
79 46 41
96 40 41
14 77 75
57 70 80
37 11 27
37 87 73
10 33 41
49 41 89
54 73 66
19 25 58
52 21 48
74 87 53
10 14 48
63 50 5
77 77 60
49 43 9
12 54 64
64 24 49
63 19 89
52 9 82
79 26 15
37 43 5
59 77 75
82 30 31
13 59 81
90 74 16
40 1 82
31 93 58
18 86 6
80 58 43
21 78 10
70 18 43
48 71 67
76 3 22
49 43 80
62 63 35
2 28 83
79 52 64
51 67 93
86 33 83
79 92 55
82 3 22
29 33 78
62 92 53
32 48 20
48 77 57
34 35 4
49 64 21
93 55 17
70 10 55
72 43 76
47 83 36
5 68 34
99 26 77
82 66 28
66 62 1
79 11 26
1 76 18
98 66 8
3 40 5
37 92 15
60 43 21
37 30 4
0 21 53
94 34 67
82 31 96
