63 63 77
62 77 60
46 63 62
90 20 5
36 96 29
2 27 3
19 23 64
69 2 35
87 37 56
10 65 30
63 33 36
14 26 27
90 66 6
67 87 73
31 98 23
73 12 47
70 9 36
60 76 96
48 80 72
5 42 47
51 32 61
26 21 78
48 37 40
49 60 57
54 3 29
66 86 32
73 91 32
82 3 79
26 43 68
38 32 61
40 82 89
10 66 14
67 15 88
72 0 34
5 85 89
0 93 93
98 77 41
14 77 10
86 8 99
46 50 77
9 54 22
38 73 58
7 2 93
37 41 5
38 25 83
59 90 8
17 14 49
56 93 34
10 59 33
76 3 79
53 17 79
48 53 47
87 92 38
0 15 80
14 87 88
98 29 5
5 78 20
60 52 80
96 47 10
34 53 47
81 30 44
47 60 10
0 80 70
38 70 9
75 47 92
4 78 9
71 41 80
5 58 87
94 66 34
95 87 96
13 33 5
37 41 89
77 78 21
95 79 26
89 91 15
37 19 62
46 6 21
29 72 18
72 57 1
92 15 37
58 5 98
54 89 37
43 72 10
46 82 38
0 81 27
70 8 91
0 50 34
61 45 48
42 78 81
64 3 42
94 35 52
99 72 16
75 13 51
19 92 34
41 59 81
10 58 99
5 10 80
59 66 69
42 50 95
44 16 61
28 48 58
85 46 35
25 75 0
7 41 5
52 67 92
39 52 27
52 77 94
59 51 10
79 96 71
82 26 52
46 21 58
60 78 20
17 35 97
22 0 0
73 77 80
96 25 5
70 46 70
57 27 70
69 14 46
74 44 67
82 66 80
44 78 10
57 77 14
83 71 11
53 81 2
28 73 24
95 24 7
16 15 80
73 3 74
80 96 58
75 9 86
84 96 76
32 21 87
32 67 69
57 97 37
66 69 12
17 89 27
36 71 84
41 90 57
52 4 12
37 17 9
16 49 46
67 18 91
54 79 58
47 50 36
2 79 66
19 23 86
14 30 0
95 47 8
45 71 31
12 79 64
97 4 45
88 67 22
35 24 20
73 81 49
75 17 40
30 6 56
70 29 57
34 86 13
56 48 42
20 85 39
78 26 88
64 99 59
15 49 80
65 26 35
67 40 19
43 68 99
81 8 7
81 64 3
14 96 12
17 33 32
35 48 76
57 13 94
67 18 2
35 73 12
57 96 39
69 55 80
32 58 57
93 69 0
0 61 64
21 67 91
56 19 99
2 6 70
26 13 51
68 38 87
61 81 51
90 44 2
56 17 23
22 5 86
91 69 38
76 77 73
79 46 41
92 33 79
26 46 57
48 50 41
6 12 17
40 8 83
80 79 60
22 68 23
92 82 71
12 73 66
95 54 45
59 0 80
30 44 20
45 32 49
11 28 40
70 1 35
89 63 37
46 44 11
96 1 32
92 64 48
56 7 19
86 92 25
47 23 55
11 25 37
60 59 83
99 1 17
88 81 0
7 6 15
46 95 75
32 96 39
80 88 14
99 24 68
21 67 77
23 22 52
21 31 61
86 16 44
82 46 26
99 24 81
38 33 26
24 65 98
27 20 95
45 85 84
94 59 25
98 49 13
57 18 15
87 58 93
69 8 21
48 11 88
28 98 26
10 7 5
51 54 74
0 82 39
3 25 41
42 53 77
37 96 97
75 38 78
85 9 34
16 20 94
89 33 83
12 54 66
57 11 13
47 23 68
88 49 51
25 61 59
31 12 87
37 70 5
79 8 30
15 24 69
45 80 24
9 75 45
36 17 31
5 68 6
14 60 97
91 47 51
50 80 8
84 22 27
13 83 5
69 60 15
78 68 23
36 83 46
58 46 11
95 10 13
34 41 38
24 95 73
18 74 99
17 37 27
4 43 11
57 32 89
22 51 31
8 69 43
15 67 95
16 83 54
43 57 84
35 67 92
74 97 32
59 70 83
23 39 78
41 65 61
77 42 87
92 57 83
63 27 41
17 8 13
23 48 76
53 71 69
24 86 52
64 23 41
69 65 12
89 73 90
30 79 64
86 64 7
1 21 31
70 65 79
91 18 0
33 18 26
19 98 89
94 75 88
57 89 60
71 66 26
61 73 93
64 67 17
15 60 61
64 8 82
90 17 39
66 44 55
95 91 39
88 18 91
71 86 78
77 58 54
71 33 25
10 16 10
57 20 65
27 21 53
52 67 32
10 79 67
45 71 59
49 53 89
47 86 3
87 5 92
62 37 75
54 66 29
75 92 29
17 39 68
92 38 59
69 52 31
4 13 27
25 99 9
24 82 51
66 68 89
19 99 66
62 67 37
33 32 34
51 16 64
31 34 75
29 86 43
81 43 1
37 82 2
85 71 10
39 12 67
99 26 5
57 15 12
84 69 35
16 8 38
41 90 4
71 70 56
44 91 26
56 99 32
68 63 24
34 10 94
30 7 91
3 83 93
32 32 92
64 92 58
21 30 46
16 20 59
39 36 32
5 90 47
59 27 57
22 62 45
87 89 81
48 86 32
1 53 84
62 10 56
97 24 25
21 71 38
94 93 62
56 23 17
34 90 38
93 76 81
63 64 51
13 50 36
37 37 74
25 49 3
25 52 84
26 80 5
21 54 72
93 29 84
28 65 42
64 30 24
60 85 99
25 33 87
28 51 27
74 11 29
56 36 6
7 66 47
45 88 18
75 4 80
14 68 34
92 40 86
73 37 61
44 27 27
85 91 84
99 24 34
3 60 52
30 36 35
65 21 79
47 3 74
0 49 78
34 93 44
35 23 61
57 61 78
22 19 42
12 73 82
30 74 67
29 89 47
83 26 52
24 51 14
44 42 64
11 92 69
53 90 30
58 27 99
82 24 27
71 56 12
89 95 90
69 25 63
58 94 81
21 12 66
81 25 52
74 43 59
86 22 63
49 11 33
15 13 10
65 71 17
98 59 9
9 97 82
43 77 4
60 8 88
95 79 21
78 6 15
1 43 73
97 21 93
74 22 26
24 43 27
49 76 14
57 4 39
69 30 31
9 70 12
30 47 29
47 63 81
53 3 47
67 41 61
26 84 1
95 54 70
9 40 84
82 81 39
10 67 21
13 91 81
28 93 0
97 65 89
45 1 77
33 44 74
71 8 7
17 59 18
48 17 46
13 7 89
27 60 2
48 6 64
97 69 39
96 92 37
20 27 81
61 84 31
1 19 47
96 42 52
4 39 86
2 87 61
13 83 99
18 70 94
73 19 95
53 55 41
98 70 91
69 20 52
8 66 11
72 26 35
36 94 62
58 4 43
80 29 84
48 17 4
34 73 31
40 3 35
72 48 47
26 76 31
71 77 26
17 40 25
87 33 45
86 72 31
3 32 13
44 48 59
48 98 25
48 39 35
94 73 8
43 75 36
81 46 86
45 48 55
33 84 89
90 32 20
1 41 70
58 34 90
50 76 41
77 91 12
56 32 1
90 36 88
6 5 78
35 93 78
91 44 3
76 70 62
86 8 80
31 20 86
8 27 41
38 14 14
70 84 59
73 6 84
21 59 4
94 97 13
84 68 84
39 87 61
94 92 70
21 38 70
47 98 30
84 21 2
17 79 66
32 46 42
13 50 77
23 0 84
64 9 23
74 67 79
67 87 16
47 16 16
49 16 54
16 0 56
51 26 57
65 66 55
22 82 72
35 45 75
46 36 94
48 2 6
46 23 42
7 68 63
84 92 56
5 84 89
67 97 82
88 29 88
58 60 33
29 10 95
12 56 38
75 8 42
52 80 62
27 18 50
59 69 59
12 19 1
60 80 91
39 12 90
48 38 95
74 66 48
7 75 81
52 57 20
78 60 62
3 42 44
12 84 30
80 6 57
83 80 53
27 57 38
77 22 31
74 96 41
46 83 5
67 58 86
2 8 77
94 37 58
22 28 14
5 8 56
25 79 73
44 39 83
9 79 51
52 67 53
75 56 69
20 48 7
56 26 23
79 73 98
7 18 54
79 11 26
79 50 60
10 75 54
14 49 91
5 60 14
39 73 44
28 73 79
31 75 95
87 56 92
85 57 94
87 95 51
89 40 99
55 73 11
97 4 54
53 1 81
25 38 44
58 45 94
80 70 5
11 17 39
12 55 46
25 7 24
24 23 27
40 2 92
5 50 58
49 4 55
92 86 9
67 89 92
58 28 47
95 72 99
19 46 50
6 15 34
4 7 80
79 26 26
84 51 62
16 56 0
11 96 41
66 36 64
69 6 12
78 99 84
68 4 51
52 67 95
62 45 31
39 14 82
60 8 20
79 12 38
22 87 6
7 0 52
47 78 32
53 43 51
73 46 50
14 51 29
67 41 13
56 13 2
1 81 22
97 97 11
49 82 81
91 43 12
80 37 83
27 92 92
98 67 64
20 36 82
84 2 95
33 50 10
31 46 34
33 41 62
46 65 48
25 99 25
96 85 34
15 74 71
81 93 70
73 27 11
36 64 61
82 21 7
15 25 72
18 22 1
36 85 92
9 33 19
16 15 94
0 56 5
86 87 80
73 93 71
79 6 86
74 87 74
31 31 65
11 39 72
17 34 47
88 3 19
39 9 8
54 42 67
55 17 30
61 12 48
1 47 14
19 48 12
94 76 61
42 18 18
76 79 62
46 57 14
93 17 42
43 62 56
86 69 82
32 74 72
74 14 35
62 67 88
44 88 28
62 20 61
95 2 8
11 21 75
19 50 82
69 52 72
10 4 53
21 25 51
9 24 97
76 70 79
70 33 31
91 3 63
3 20 7
91 21 26
78 26 78
9 40 0
76 54 95
2 87 73
0 79 94
62 17 33
4 58 71
17 65 70
52 61 76
71 24 89
72 83 1
76 92 92
3 33 34
46 43 70
71 2 40
19 36 69
73 20 12
79 64 50
7 87 89
38 97 81
22 91 61
92 93 55
64 27 13
3 52 35
59 5 24
86 55 42
47 33 99
41 61 19
46 83 36
65 2 59
39 96 34
3 7 24
27 15 38
3 51 54
72 42 28
13 43 45
40 34 75
55 83 31
28 58 17
42 81 0
50 94 29
5 31 34
68 76 11
88 8 17
56 76 76
46 13 36
54 96 3
36 16 43
7 20 27
46 63 17
59 93 34
41 12 70
47 93 71
49 46 65
84 55 40
83 8 72
91 90 96
3 98 19
10 45 57
90 84 57
63 13 77
57 91 63
32 26 5
22 8 88
63 47 74
98 73 45
71 46 9
89 21 58
54 83 70
54 3 22
72 2 27
61 17 65
71 43 80
4 95 78
31 76 5
55 28 53
88 28 81
52 12 65
37 55 60
63 52 42
42 39 60
15 93 59
25 32 34
58 41 4
39 97 97
43 69 27
7 66 87
32 32 44
79 51 73
26 93 40
81 99 28
42 96 28
52 9 42
69 12 43
98 8 39
6 80 36
50 79 48
48 8 23
3 30 81
51 27 0
89 71 20
28 60 47
89 77 23
26 56 27
49 96 77
24 30 67
65 94 87
45 45 30
29 77 12
2 54 66
82 23 41
73 7 89
67 13 38
64 23 72
14 73 17
90 19 29
65 64 82
7 43 56
73 16 62
43 70 63
78 70 88
8 44 96
29 30 72
2 74 80
46 83 22
55 94 61
65 43 66
35 50 5
32 87 67
24 28 44
3 5 0
9 72 53
49 99 87
96 56 43
88 90 12
20 99 38
68 67 2
71 69 63
11 46 10
45 10 30
26 41 67
18 88 53
45 27 99
87 92 42
67 85 91
57 2 54
57 92 89
42 78 64
39 55 13
79 64 31
76 73 89
81 85 94
64 36 66
26 87 36
0 85 62
31 57 25
82 41 57
39 25 62
11 6 58
14 21 92
86 80 16
53 89 25
32 86 68
21 85 1
92 54 4
73 84 59
64 29 60
18 87 86
28 78 22
5 27 69
55 58 60
5 48 67
28 69 5
55 88 68
86 25 87
46 6 19
13 35 64
20 21 18
8 4 45
24 28 91
85 51 50
14 99 99
27 3 24
35 66 12
83 63 93
66 28 99
86 70 91
19 54 73
50 16 74
38 57 33
33 88 93
42 98 49
71 7 8
60 55 69
73 70 52
54 22 61
30 54 93
4 22 63
52 99 51
80 23 42
30 78 46
25 91 44
72 48 59
12 20 28
86 88 30
49 41 5
69 28 25
42 54 76
22 71 84
4 98 26
96 29 48
35 45 93
86 95 98
29 98 21
86 8 83
38 91 63
7 55 91
16 97 56
71 20 73
27 67 70
65 33 0
22 2 54
64 29 2
26 8 22
85 58 90
39 74 43
20 19 16
78 53 16
93 6 83
72 61 15
73 51 73
63 46 65
43 4 84
88 61 0
47 95 96
49 18 34
77 47 40
69 43 85
50 24 71
70 1 68
20 70 46
61 8 67
93 89 66
89 54 74
89 70 1
7 76 30
63 44 56
47 7 8
62 56 84
55 30 73
92 47 64
0 93 39
68 50 35
64 72 10
96 87 64
76 66 62
58 0 28
8 87 56
37 85 42
68 54 6
15 77 44
72 83 42
49 35 34
20 76 48
45 7 68
49 59 7
76 6 93
82 41 3
47 26 7
55 31 46
5 12 23
86 33 4
76 85 24
58 6 78
8 24 88
58 89 43
22 49 28
90 94 30
77 46 57
39 2 95
42 73 88
94 88 5
54 66 28
49 14 2
86 80 4
93 30 41
43 5 24
95 27 98
20 79 35
17 24 8
78 33 34
82 62 7
19 97 24
51 23 2
43 50 40
