59 77 80
37 30 4
59 77 10
34 53 49
48 50 41
71 94 56
12 91 58
47 13 62
14 52 80
5 53 38
2 73 66
27 11 26
35 63 36
78 90 14
12 79 58
3 38 58
89 33 99
70 84 41
0 38 80
54 91 66
37 70 9
57 94 80
77 50 57
19 90 14
3 40 41
35 33 77
13 33 99
96 25 70
26 85 55
88 27 18
59 93 80
54 3 29
76 81 28
68 73 54
96 25 5
3 33 94
12 79 64
43 72 34
54 70 79
46 50 99
79 11 55
73 46 57
38 13 59
78 77 57
46 13 5
54 71 64
71 70 9
46 13 62
21 46 18
13 33 77
19 42 14
49 41 56
14 87 15
63 33 62
89 38 4
78 48 38
70 84 57
54 54 66
22 74 11
73 93 57
84 48 35
73 46 41
79 84 60
49 43 9
13 32 95
48 77 59
37 41 56
79 84 80
2 91 58
29 54 63
79 50 80
77 50 80
2 10 32
52 3 79
88 6 63
70 39 27
47 50 36
56 77 80
82 66 62
57 70 5
2 25 41
59 52 34
43 77 10
90 43 5
60 72 80
82 81 79
56 56 26
14 26 27
63 83 99
63 63 36
34 43 38
0 33 4
30 98 33
73 77 80
48 48 38
5 3 22
5 81 79
79 87 88
27 69 63
46 33 77
66 39 72
2 73 63
96 38 5
82 3 79
34 41 27
70 46 80
13 63 62
10 34 34
14 51 34
37 41 5
46 33 99
54 79 63
70 93 57
83 42 58
60 51 34
14 48 58
37 94 56
0 38 83
34 48 49
71 70 5
87 49 96
55 38 83
14 72 80
52 81 22
47 13 36
27 26 15
57 11 78
66 17 71
90 94 9
10 4 1
48 42 94
10 87 22
19 6 94
66 20 85
17 22 7
12 78 51
93 88 4
32 17 3
19 41 49
19 65 92
11 26 50
31 12 37
20 95 1
0 11 3
82 68 22
7 35 33
14 51 10
66 13 99
79 70 26
45 56 96
42 64 76
96 19 99
27 92 55
87 25 31
93 8 3
68 74 67
78 87 88
0 30 80
71 70 67
34 48 47
51 38 19
89 57 71
65 79 18
65 40 49
39 27 96
38 19 40
2 86 44
35 62 36
99 13 42
82 3 28
77 13 9
37 87 80
29 71 63
5 48 27
14 52 75
5 48 14
0 30 99
70 59 45
14 70 15
77 97 8
50 94 89
90 41 56
19 38 70
57 43 5
0 8 99
68 61 39
34 34 78
38 79 58
40 50 58
96 70 79
94 68 59
39 20 52
3 56 57
52 51 99
41 64 3
40 14 18
23 48 29
51 32 89
80 76 18
63 13 99
36 96 30
78 92 27
10 42 66
2 25 5
56 72 34
67 7 58
57 8 85
96 40 5
79 11 26
9 89 77
52 12 99
48 46 41
76 12 82
57 55 30
89 30 4
76 81 29
55 48 89
9 0 53
79 69 40
61 23 40
70 93 60
70 12 64
60 77 34
17 38 30
49 94 5
13 70 65
76 33 47
45 42 8
1 59 8
76 81 22
62 48 95
2 10 50
86 30 4
53 80 34
5 88 77
86 38 99
78 53 14
75 81 25
37 94 80
6 31 6
34 48 14
14 77 75
24 18 3
44 33 54
39 41 82
35 67 50
37 87 73
35 63 99
79 26 27
54 18 82
99 30 9
93 31 63
46 63 36
33 94 62
30 35 61
71 41 80
14 87 26
29 60 13
89 87 83
37 26 55
59 22 6
69 53 31
0 30 83
68 44 52
38 37 65
57 89 50
84 46 34
38 93 69
37 33 99
74 46 18
13 48 95
55 13 65
27 9 47
26 58 33
91 2 95
73 84 80
48 96 28
71 94 80
78 53 38
57 43 89
60 92 39
1 20 23
49 43 56
16 46 76
64 23 23
78 1 98
46 47 84
48 84 41
2 19 16
29 68 21
36 22 23
16 33 51
26 86 36
60 52 4
12 31 95
37 58 70
34 90 47
71 43 9
43 51 4
29 54 64
2 33 94
21 15 57
41 1 78
58 81 28
34 53 14
45 19 64
63 25 75
91 65 35
10 91 3
86 10 69
31 20 1
48 21 35
18 21 88
22 54 10
38 16 35
59 52 4
1 90 37
7 3 74
1 71 63
0 18 0
95 40 39
91 92 16
89 95 13
11 84 19
61 5 17
79 87 27
2 25 94
96 6 41
89 8 90
61 57 6
48 42 49
76 96 98
59 10 37
90 94 89
14 72 4
56 52 80
55 33 26
5 3 79
14 94 10
37 26 27
86 33 73
95 79 82
70 62 45
53 78 58
96 25 43
57 66 0
14 63 15
43 8 20
38 91 19
15 66 66
72 57 16
21 95 9
58 42 49
78 67 99
86 41 57
36 29 49
53 56 57
85 18 50
54 22 59
41 56 75
28 33 31
78 41 38
40 99 84
77 45 33
18 78 18
12 44 54
49 86 31
29 55 46
16 69 16
51 43 15
0 87 80
40 71 39
82 37 98
96 81 1
10 20 19
94 3 50
10 38 5
90 70 89
55 23 28
47 26 63
38 80 55
42 66 46
37 30 99
79 78 85
5 47 86
84 47 35
18 19 73
3 30 72
71 46 9
82 93 94
13 13 5
90 79 2
51 22 6
89 62 74
18 49 38
58 86 69
48 50 57
18 7 81
3 38 41
79 25 68
37 90 31
47 2 60
82 74 11
85 69 5
76 38 92
76 66 22
22 58 57
37 46 80
53 60 79
57 41 56
13 44 77
56 59 98
84 92 18
18 40 93
82 3 22
75 33 88
89 33 14
65 77 89
89 30 73
15 10 15
34 0 18
49 70 80
20 54 34
47 83 5
37 87 55
89 50 74
48 93 57
92 10 98
83 93 32
7 89 85
54 42 94
28 1 50
48 77 41
14 70 26
57 70 89
0 38 99
51 63 81
5 68 22
34 32 45
53 16 65
48 39 14
25 90 0
52 42 66
63 14 31
25 39 16
82 68 79
80 63 36
60 46 0
15 52 90
68 48 44
24 68 76
2 54 66
80 3 67
0 50 39
89 5 47
72 30 12
70 50 59
15 23 48
44 28 10
90 70 5
41 4 26
86 72 78
63 96 96
22 65 92
52 26 20
47 0 72
31 49 19
50 82 6
83 24 72
24 93 35
74 76 69
26 88 97
9 34 44
48 11 23
78 53 27
38 64 76
46 56 21
76 3 28
24 29 29
52 84 31
55 8 73
47 83 99
37 46 89
53 33 21
82 70 6
30 47 63
79 37 48
56 13 69
79 93 80
46 21 95
58 92 61
59 93 34
53 98 49
59 51 34
87 36 49
63 73 46
63 50 36
95 99 12
29 59 55
81 39 65
72 27 28
96 33 41
3 38 5
60 43 78
5 48 38
64 23 73
81 8 26
61 12 28
89 37 17
36 80 34
49 17 72
73 73 86
68 24 68
28 97 62
23 88 86
79 55 92
19 5 84
71 57 0
71 94 89
34 53 52
25 3 91
59 77 4
49 80 83
21 21 20
51 47 50
19 40 70
36 65 10
23 7 61
65 64 91
65 50 89
54 31 20
50 19 84
5 53 47
41 2 7
76 6 25
68 11 97
29 91 63
28 46 11
43 52 4
34 20 66
45 78 96
8 84 46
19 37 9
10 40 41
59 66 66
25 7 33
50 30 41
5 36 77
13 50 36
98 42 23
45 85 48
19 12 15
64 86 66
29 91 21
98 26 34
63 62 65
99 25 94
95 64 68
35 93 95
89 8 73
53 63 79
76 83 73
34 53 47
24 24 22
13 83 8
27 26 88
0 52 14
13 13 50
49 49 19
73 84 60
0 68 53
24 4 97
12 26 91
23 32 68
85 20 72
45 99 13
60 12 62
57 43 26
10 62 93
99 98 95
93 63 55
3 3 34
65 29 85
32 23 81
29 83 73
84 42 46
21 30 95
71 41 5
31 13 67
75 98 98
93 11 91
74 87 54
59 41 87
3 55 38
39 3 53
27 16 43
28 94 85
57 62 11
3 33 41
88 31 38
92 95 81
88 55 38
3 36 44
29 25 67
59 4 55
12 59 44
18 94 48
53 11 80
90 98 0
71 94 9
16 70 20
64 23 96
43 74 58
0 49 97
56 24 79
93 63 13
42 6 89
23 21 7
23 38 11
29 62 57
2 54 64
96 38 58
2 92 7
72 74 11
38 72 32
69 40 78
72 95 99
42 98 25
82 18 92
76 88 8
24 82 61
43 90 93
31 60 54
25 1 34
5 39 34
55 36 97
3 41 7
78 48 27
37 8 80
63 43 20
29 95 43
35 96 60
73 61 83
45 4 26
40 38 95
71 43 56
10 3 68
56 77 75
83 73 4
84 3 96
1 51 83
54 83 66
61 14 15
86 47 30
37 70 27
15 54 13
33 63 16
63 69 14
91 87 25
61 23 47
2 89 3
90 70 9
12 30 3
32 25 79
1 16 41
76 1 60
8 69 92
79 77 57
60 3 54
38 74 24
60 41 89
63 73 72
58 50 96
4 6 44
73 21 97
52 40 14
11 94 79
72 10 55
84 78 53
90 94 5
88 25 6
10 43 68
26 34 31
36 78 59
57 15 55
29 79 63
38 69 8
11 17 48
57 6 73
68 28 59
49 88 26
8 40 86
22 64 80
71 70 80
38 26 55
40 80 66
3 14 20
73 72 43
37 26 95
23 32 89
46 50 62
54 54 63
78 87 55
48 93 41
56 81 90
37 46 9
24 47 93
39 33 37
14 77 34
83 58 89
16 9 69
18 46 16
93 66 18
63 63 62
10 76 1
4 19 40
29 90 10
4 42 69
14 74 98
93 73 62
16 33 83
10 42 34
86 99 20
16 5 34
5 0 19
56 48 30
52 3 29
33 18 28
25 68 40
79 62 39
0 3 20
91 22 8
29 52 9
36 28 96
81 75 25
71 35 33
30 84 78
47 63 62
2 92 15
78 52 72
20 28 42
29 91 66
98 78 11
10 6 94
13 84 31
70 84 65
2 6 41
32 73 3
35 22 61
37 11 26
29 95 88
26 87 26
78 11 88
97 32 55
55 38 80
84 0 17
71 16 81
27 70 15
88 3 93
3 55 34
72 16 13
29 91 58
73 12 90
98 89 5
60 32 73
57 86 66
29 6 34
67 19 54
69 6 84
51 91 69
44 41 5
21 46 62
90 90 63
68 72 24
65 5 94
99 89 29
54 38 42
81 39 29
1 97 47
10 47 14
10 52 99
99 94 19
79 45 65
35 50 77
19 27 26
67 43 71
44 23 28
91 23 41
70 46 59
21 70 54
77 60 44
73 89 55
19 90 38
98 19 13
16 40 63
44 8 69
36 49 62
8 26 8
59 34 36
23 85 56
60 72 10
18 81 24
29 88 35
41 24 77
64 30 24
39 23 38
57 38 11
13 52 20
1 46 20
9 77 54
96 80 20
87 70 53
73 45 11
82 30 75
69 10 58
40 18 83
58 88 54
51 33 76
23 2 39
15 11 16
61 5 54
41 54 90
62 16 34
15 52 91
4 30 93
73 84 59
19 6 43
93 79 59
76 70 79
85 30 70
54 73 58
84 25 51
13 13 36
84 79 51
75 33 46
57 71 69
65 97 75
82 22 11
36 64 86
14 88 43
94 48 65
38 45 91
3 25 49
33 53 94
11 4 42
35 12 15
58 30 53
60 89 63
86 49 77
84 19 7
41 47 7
88 40 12
84 56 42
66 93 2
38 79 38
92 33 76
47 79 40
99 96 22
49 77 86
11 78 56
49 94 56
47 33 31
51 21 69
37 56 85
37 70 88
5 68 28
89 85 91
89 13 54
80 74 78
17 90 34
19 53 9
34 41 88
33 74 56
21 56 69
0 16 51
71 31 48
30 6 40
20 97 64
87 37 18
12 37 84
67 0 58
48 49 51
91 66 19
85 63 17
27 92 15
66 61 34
71 44 46
68 87 28
85 25 56
64 95 70
89 37 54
99 96 28
34 0 64
39 82 68
84 0 21
70 97 47
54 3 62
3 25 94
57 94 89
55 73 29
89 34 56
59 93 10
62 50 16
64 76 58
47 48 57
57 43 9
61 59 4
27 9 94
60 52 10
75 53 94
14 51 4
9 80 70
67 87 93
42 67 57
58 64 39
77 77 60
38 5 17
2 71 66
89 4 96
13 13 99
10 24 63
14 24 74
90 46 80
26 66 38
36 23 90
98 36 95
35 77 66
78 42 14
87 18 0
30 78 96
39 44 33
37 45 18
37 5 5
44 53 20
14 26 88
0 8 83
81 62 10
14 16 55
95 13 11
5 89 42
80 44 91
69 80 84
89 16 55
45 83 43
55 34 89
94 55 63
4 63 61
85 28 36
60 32 17
86 30 83
36 22 90
2 3 49
90 35 28
27 26 55
85 55 7
6 1 67
7 59 73
68 47 66
30 68 91
41 31 76
12 1 11
52 42 50
20 23 53
96 75 61
78 92 88
50 61 65
91 41 51
56 6 41
41 78 29
3 17 39
38 52 57
19 16 24
97 72 30
26 35 42
49 29 2
11 86 86
89 38 99
71 5 76
39 50 9
22 77 91
37 10 49
76 9 72
55 38 73
96 20 97
5 88 65
56 11 74
45 26 90
43 62 4
58 31 9
12 44 46
82 85 58
59 21 28
41 48 98
66 19 64
2 91 66
66 41 13
79 79 65
28 19 58
47 61 21
12 70 80
