22 79 39
0 1 21
1 12 14
5 64 80
20 10 56
8 21 8
32 4 42
94 4 42
33 6 74
20 62 81
23 11 9
70 71 31
22 61 77
80 9 67
0 5 21
9 65 99
0 65 64
27 96 6
33 89 38
20 82 56
79 13 74
8 72 6
8 93 90
72 76 21
94 79 80
23 84 11
91 79 7
0 5 99
49 5 21
89 82 81
21 11 23
2 96 6
38 45 6
48 79 7
69 12 7
69 19 9
33 93 27
21 19 9
86 94 27
98 11 42
98 4 63
14 10 20
80 1 93
86 46 91
77 68 25
29 47 28
2 45 14
89 51 56
20 72 76
21 11 21
14 12 23
1 32 90
77 68 76
94 34 76
1 6 7
72 65 79
69 84 21
71 87 58
32 32 80
17 88 18
79 76 21
50 38 28
8 32 27
48 79 31
20 62 56
24 54 36
8 21 77
86 6 63
27 96 84
38 26 84
8 32 8
0 1 5
41 72 1
74 16 57
96 79 6
69 12 80
72 99 57
71 64 98
89 82 56
0 47 29
66 26 62
85 12 35
72 1 58
17 36 61
13 55 96
69 12 21
27 89 14
16 37 27
50 36 58
20 10 20
29 38 28
52 47 41
94 4 80
17 47 28
50 87 18
8 72 76
12 21 24
26 61 30
94 32 63
79 72 50
15 6 24
22 4 80
14 51 21
79 1 99
20 33 67
32 5 94
1 79 6
69 12 15
58 35 31
27 45 68
23 12 15
29 81 88
48 87 96
22 37 69
85 63 24
57 84 11
17 88 96
72 26 68
91 93 31
82 32 69
29 88 58
91 6 7
84 13 34
46 46 50
59 30 85
31 79 31
6 32 4
50 19 20
38 89 6
36 95 59
56 73 31
91 6 6
26 62 80
8 27 54
91 64 31
80 4 9
67 37 4
17 16 82
40 16 21
88 24 62
98 4 39
14 84 11
22 46 80
79 89 8
31 43 66
17 87 28
23 84 23
99 10 10
96 81 99
75 17 20
79 5 79
57 11 15
79 38 82
98 32 42
5 60 83
14 98 23
80 68 76
8 55 92
95 76 19
32 79 63
48 64 7
87 92 55
56 77 4
22 11 39
75 68 14
29 77 94
62 59 33
48 36 18
25 41 33
42 74 52
80 25 32
49 35 2
71 15 22
34 62 15
62 52 81
89 29 82
50 47 61
98 79 31
58 75 71
34 68 92
8 21 69
72 1 64
2 34 61
17 38 61
87 6 11
12 21 38
55 79 25
89 39 59
5 6 14
49 5 99
51 27 74
89 6 8
31 92 14
92 87 41
61 59 58
2 92 84
14 94 56
29 94 81
33 89 8
72 72 58
48 6 31
92 84 96
94 4 31
44 74 48
1 81 10
69 98 11
32 4 80
93 65 52
16 65 47
74 92 62
50 36 18
54 42 19
21 86 80
72 65 58
4 65 17
23 77 70
20 9 67
94 32 80
39 40 74
42 5 23
31 89 6
71 88 58
84 99 17
69 11 9
5 61 17
21 83 67
94 48 26
77 71 10
22 21 27
73 83 91
49 50 28
35 40 43
97 99 70
14 84 23
59 27 69
7 40 5
95 67 36
14 50 82
29 36 58
22 61 69
60 33 95
89 82 27
10 58 44
94 76 28
92 59 32
89 37 52
73 52 33
87 34 52
76 92 99
54 31 75
36 56 39
9 65 79
21 84 11
94 79 63
61 67 48
56 71 91
17 48 40
84 23 88
32 7 48
8 97 43
33 6 38
86 51 27
33 34 74
51 80 30
98 4 31
84 64 16
2 26 84
1 19 56
10 37 24
71 88 28
9 5 99
53 56 60
57 12 9
57 66 2
49 76 79
95 70 16
8 32 90
82 16 88
71 38 58
79 13 24
28 6 18
1 79 14
89 11 17
23 98 9
47 4 39
78 75 0
75 62 42
54 0 96
11 79 23
4 66 93
8 72 86
79 6 24
94 72 86
14 58 81
50 8 37
13 70 3
36 49 14
84 89 34
71 47 96
29 47 27
29 38 18
5 64 14
27 92 6
28 17 39
84 44 43
67 18 3
22 4 42
9 72 29
7 29 46
4 64 46
74 42 49
11 72 45
92 81 80
13 26 64
92 14 77
53 19 58
27 89 5
22 47 44
82 39 92
12 6 8
57 93 75
66 11 49
67 55 46
54 34 61
17 55 32
29 51 56
98 35 39
25 32 50
68 41 28
90 43 61
67 7 58
85 38 60
86 47 76
85 62 59
20 86 14
28 30 41
25 17 63
7 31 84
68 55 71
25 53 68
57 8 10
72 72 79
80 34 43
0 65 99
90 55 15
24 12 59
23 12 21
13 71 68
11 21 49
87 31 42
87 38 22
24 93 44
48 99 99
89 62 81
81 57 46
41 17 27
89 16 34
93 24 77
80 11 99
83 59 62
50 36 61
7 45 76
98 84 77
99 45 73
44 37 56
74 61 3
79 5 64
77 45 6
49 1 79
11 81 96
63 5 92
94 54 83
59 5 42
24 29 2
69 64 7
72 74 29
32 6 56
44 69 40
58 61 64
60 38 79
68 59 13
3 66 51
12 21 34
69 12 14
38 92 84
81 94 26
89 10 81
60 12 28
69 86 57
41 81 21
71 36 58
12 21 74
19 18 0
95 20 84
12 75 78
41 81 87
22 32 42
47 24 46
49 8 12
1 15 15
14 77 57
64 53 23
48 7 8
94 35 74
44 57 74
9 20 73
53 87 34
14 19 21
96 89 54
91 93 7
99 42 24
0 98 77
99 62 42
56 34 79
54 61 7
13 84 84
29 82 27
33 93 77
84 13 38
46 50 78
94 4 63
72 76 58
76 0 31
14 64 8
90 83 67
23 33 46
84 26 0
1 32 8
71 33 66
86 23 41
36 29 19
40 38 69
19 60 70
45 30 14
32 88 93
99 48 98
52 22 23
8 82 92
80 34 25
8 61 90
49 35 10
29 82 81
29 94 21
31 96 68
69 84 83
32 46 80
29 87 96
61 4 30
57 11 9
60 21 57
64 19 67
18 52 0
20 22 76
37 29 68
61 77 49
23 2 77
56 73 47
31 11 80
59 65 70
51 73 48
55 89 14
89 69 50
0 85 68
98 11 80
40 15 78
35 53 55
61 36 28
86 87 85
35 84 44
41 22 10
1 84 77
46 30 90
71 36 18
27 63 20
55 18 82
81 66 7
36 22 78
66 85 5
84 92 63
22 4 63
62 15 92
43 88 91
15 46 27
7 17 26
69 38 19
51 48 32
13 74 65
4 23 16
76 83 9
40 26 43
23 19 21
79 56 96
29 87 58
73 95 2
14 10 21
23 19 11
84 43 20
44 36 49
8 72 67
82 93 27
65 0 61
62 11 79
10 96 52
37 59 88
43 19 64
22 3 17
84 15 87
99 14 58
36 73 22
94 57 19
12 54 42
43 55 58
3 2 75
31 4 80
56 90 76
76 33 11
89 34 11
8 93 27
1 12 7
21 62 37
31 32 31
79 6 38
79 44 11
74 10 17
20 96 58
93 51 33
15 80 67
32 98 0
86 65 85
76 24 25
83 2 78
82 67 32
87 44 35
76 96 63
17 63 55
13 22 3
2 7 12
86 82 56
3 7 93
39 12 80
38 44 33
79 16 31
82 37 90
23 19 15
2 35 86
24 57 10
49 61 41
79 65 21
98 72 18
7 38 75
74 56 71
1 32 69
72 1 43
45 50 46
10 12 53
94 46 80
99 36 95
19 26 61
45 37 61
12 0 91
40 27 5
54 82 9
76 98 48
0 65 21
20 72 25
4 86 39
4 10 79
69 44 58
69 84 11
89 36 32
62 95 43
98 32 39
14 23 31
44 69 24
51 5 34
54 85 36
8 9 76
19 80 49
93 5 47
83 18 78
32 4 39
25 60 38
29 65 59
78 99 98
72 92 5
31 96 14
18 39 31
15 51 51
67 12 80
39 44 16
51 91 19
29 62 81
81 13 74
59 39 36
84 89 74
91 79 6
63 55 1
63 51 69
15 9 77
97 27 96
65 49 98
48 36 28
2 7 24
61 16 80
8 61 8
80 79 95
83 24 37
93 48 81
65 44 55
78 40 46
66 82 35
62 0 80
71 47 61
8 20 28
16 63 96
72 77 24
57 16 42
24 35 89
69 23 45
37 37 29
77 56 21
21 4 79
42 67 50
10 32 34
83 32 46
7 18 92
6 58 12
53 53 94
58 2 93
75 89 71
82 10 2
95 39 91
22 90 10
6 52 78
10 39 83
30 74 41
8 34 6
38 35 37
89 25 49
97 52 46
62 28 97
33 61 77
8 87 9
18 9 84
19 62 92
26 42 51
63 20 72
41 35 39
28 20 20
7 94 43
18 58 9
14 12 15
89 0 11
29 44 69
58 85 6
14 30 6
10 63 8
42 51 56
35 67 21
68 75 22
14 82 21
1 58 12
78 74 7
22 3 48
87 30 20
77 72 76
35 75 64
70 5 14
44 91 2
63 38 64
91 11 39
54 60 49
17 72 59
42 90 25
22 6 69
32 23 15
70 20 71
80 9 76
60 21 5
48 13 12
72 72 64
32 37 20
8 22 6
96 54 1
32 93 55
91 27 51
33 92 73
7 23 86
68 63 85
35 78 70
79 5 99
66 50 99
33 21 69
38 49 36
80 53 23
15 44 97
45 50 3
12 16 84
80 72 25
83 60 90
33 6 24
39 67 2
44 7 15
77 53 25
37 20 15
31 47 46
77 63 31
62 91 35
33 32 69
57 84 15
34 48 44
18 15 39
68 62 63
76 53 81
72 92 6
34 41 28
67 32 68
99 60 24
57 19 9
80 51 40
87 48 96
33 13 34
56 82 25
66 42 75
51 79 73
35 72 83
14 4 61
76 12 75
62 71 94
49 72 99
40 93 81
90 36 10
73 97 54
72 26 5
62 53 1
78 17 52
80 68 25
88 63 50
53 28 7
0 50 50
91 66 91
14 81 15
24 57 98
11 89 89
96 93 47
70 9 71
34 81 38
35 99 62
54 86 95
14 76 26
48 70 34
13 64 77
57 47 10
41 91 26
13 39 11
43 96 38
51 59 4
46 29 42
20 39 8
22 61 27
31 79 39
83 37 80
83 44 2
6 24 23
21 12 9
22 32 80
84 92 3
9 71 78
45 88 76
10 95 87
9 72 53
28 70 8
91 41 80
69 95 70
65 63 87
9 1 79
40 40 33
44 79 65
66 72 83
43 77 10
24 88 45
98 72 95
24 26 37
33 21 22
6 56 95
92 27 83
67 65 25
56 37 67
86 54 21
57 79 87
10 31 24
16 28 59
98 46 42
9 92 41
0 54 15
24 57 38
97 66 67
50 88 96
40 15 84
72 82 9
14 12 9
94 79 39
48 12 6
36 15 17
43 67 27
31 5 19
72 71 46
95 7 88
36 65 37
73 71 48
7 93 94
57 45 85
61 34 78
87 96 25
67 50 26
20 98 57
20 9 76
1 37 69
73 1 21
2 13 6
16 7 97
89 7 96
96 78 44
62 7 34
76 64 12
37 58 95
91 98 7
40 82 18
97 52 60
33 71 60
80 72 67
80 87 49
15 57 80
53 55 56
98 0 92
20 93 58
14 19 9
91 33 72
23 45 67
15 94 66
80 72 86
45 46 83
23 41 79
79 27 68
87 84 57
92 21 96
65 44 59
85 8 47
1 45 53
79 21 24
8 24 55
0 59 10
34 48 46
78 72 76
32 11 63
55 80 15
1 86 61
37 35 37
59 79 5
86 1 64
80 9 86
80 5 86
82 49 42
28 69 82
39 23 98
15 14 24
27 98 79
88 55 93
36 61 7
85 8 40
44 5 88
55 9 73
68 73 46
37 76 78
69 37 71
1 33 2
61 43 12
38 26 14
50 38 96
96 45 12
51 34 24
15 68 2
55 92 21
14 11 23
10 26 82
4 44 43
7 8 10
37 65 23
69 19 21
40 45 61
82 35 95
75 14 18
20 68 76
56 91 68
23 14 98
73 85 45
39 26 86
31 92 83
46 84 49
63 61 45
83 25 35
20 46 51
91 88 17
76 4 49
77 30 71
63 22 94
96 79 36
12 90 57
9 14 4
16 4 14
62 26 70
11 10 99
34 22 97
45 36 64
69 84 15
93 53 33
38 47 57
5 12 14
23 76 49
3 71 1
17 35 40
7 76 94
39 47 23
53 54 73
95 27 30
64 89 60
32 71 43
87 58 96
78 69 1
92 10 42
7 3 17
26 81 80
82 39 98
98 7 15
73 9 88
88 40 75
9 6 30
37 61 26
2 89 68
21 87 11
5 95 20
71 54 85
50 88 61
76 54 27
89 94 27
8 73 3
10 3 62
70 61 96
94 47 67
49 32 46
50 58 14
17 3 41
67 95 78
50 87 97
66 74 79
22 80 74
5 76 70
90 30 87
99 72 38
35 87 94
6 92 65
69 98 21
43 73 43
57 12 23
88 50 6
19 78 1
5 88 50
70 13 29
23 67 31
2 4 20
22 21 77
50 36 77
72 96 5
0 82 45
90 62 66
35 16 76
20 71 68
72 96 6
98 34 74
80 74 94
78 80 43
40 81 41
64 29 21
82 93 69
79 45 69
12 37 33
51 7 52
96 29 28
4 79 24
55 27 76
67 84 37
42 51 96
22 21 8
63 61 26
18 83 18
15 58 99
34 45 33
57 87 84
60 87 75
95 28 87
