72 76 21
48 79 80
17 88 96
98 11 42
29 88 58
72 89 14
12 89 8
82 37 8
5 93 7
17 88 58
27 26 84
17 87 28
84 89 38
21 84 21
20 82 27
79 76 99
2 89 68
5 64 7
20 34 67
9 76 99
1 93 77
29 38 96
20 94 20
9 65 58
14 10 27
8 68 86
98 32 42
91 6 6
38 26 6
2 96 5
72 5 21
29 38 58
12 16 74
31 79 42
80 34 25
8 32 8
38 96 14
77 72 86
22 4 63
14 82 56
31 46 63
0 5 99
0 72 99
38 96 68
32 4 39
91 12 14
8 68 25
9 65 21
31 45 6
20 34 25
82 21 8
32 4 80
0 76 79
49 72 64
29 94 81
69 11 21
21 98 15
20 22 25
86 10 20
5 79 7
38 92 84
29 36 28
14 11 23
89 82 56
22 11 31
14 11 11
72 92 14
72 65 99
69 98 23
82 21 27
69 12 7
69 93 31
89 16 8
69 64 14
98 79 63
91 64 14
79 76 79
20 10 56
14 10 21
57 84 15
89 89 8
86 94 21
50 87 28
48 36 61
14 51 81
9 1 58
1 37 69
12 21 24
86 51 56
29 88 28
57 12 21
82 37 27
48 87 96
20 72 6
31 45 84
94 22 76
86 82 21
38 45 68
33 93 90
84 6 34
1 79 80
91 6 80
86 62 27
31 11 63
50 36 61
80 9 6
48 88 96
82 61 27
71 47 61
27 96 6
8 21 27
49 1 79
69 6 31
9 1 64
5 64 6
8 21 77
72 96 5
22 61 69
86 94 27
29 36 18
91 6 31
23 19 15
94 46 80
14 94 81
84 21 74
33 32 8
9 72 21
12 13 8
27 89 6
1 61 77
23 84 11
69 12 6
91 93 80
27 92 68
33 13 74
31 89 84
14 19 23
33 16 34
48 79 14
48 47 18
91 6 7
80 68 86
33 93 27
2 45 84
27 26 14
5 79 6
8 21 69
38 96 84
57 19 9
14 11 9
5 12 7
12 21 74
89 6 38
1 32 8
89 16 24
22 79 39
21 11 23
89 62 21
1 32 69
71 88 61
98 11 31
80 22 76
21 98 11
89 51 81
0 1 58
77 68 25
29 88 18
22 11 39
12 89 38
2 92 84
94 4 80
29 47 58
91 12 31
72 1 64
29 47 18
94 32 39
23 12 23
9 5 99
86 51 20
1 6 80
79 72 64
57 11 23
14 94 56
94 68 67
8 37 8
29 62 81
80 68 25
94 4 31
80 68 76
23 11 11
22 79 63
20 62 21
14 19 21
8 93 69
94 9 6
22 93 90
20 9 86
20 51 20
33 13 38
20 51 27
82 93 8
14 11 21
94 72 6
1 6 14
69 12 23
48 87 18
22 61 27
72 1 58
20 82 56
38 96 6
69 98 11
9 1 99
72 72 21
33 6 34
38 45 5
1 79 31
31 96 84
22 79 80
21 12 21
0 5 21
23 84 15
91 12 80
71 47 18
71 87 18
84 16 8
1 12 80
8 61 69
77 34 76
33 89 34
22 46 39
98 79 80
82 37 69
0 65 58
8 34 6
17 36 96
23 98 23
32 46 31
89 89 34
0 72 21
33 61 8
84 21 24
71 47 96
94 79 63
12 21 34
71 88 18
72 65 79
32 32 63
69 12 15
5 64 31
31 11 31
0 76 58
1 61 27
0 1 79
82 32 90
98 79 39
94 79 80
27 45 84
20 9 67
38 89 5
2 92 14
77 68 76
94 46 31
69 64 80
48 64 7
50 47 18
72 1 21
29 82 56
8 72 76
23 84 9
1 79 7
29 82 20
82 61 8
20 51 81
29 87 18
22 21 69
8 9 67
29 94 21
89 21 24
8 34 25
72 1 99
12 13 38
31 45 68
0 65 64
50 36 18
22 37 8
1 12 31
27 26 68
94 72 25
79 76 64
22 21 8
49 5 99
22 11 42
12 6 34
17 87 96
79 1 64
94 72 86
5 6 14
38 96 5
14 19 15
98 11 39
72 45 14
94 46 39
57 98 23
89 82 20
8 22 6
49 72 79
38 89 84
48 79 31
33 21 90
20 34 86
33 89 38
89 62 56
14 62 20
33 32 90
71 88 96
31 79 39
50 88 61
50 87 96
84 13 24
91 93 31
79 6 38
49 76 79
89 13 8
82 32 8
0 76 99
29 47 96
33 61 90
49 65 58
69 12 11
22 4 80
89 21 34
94 34 6
79 89 38
33 21 34
12 16 8
71 87 61
14 51 21
89 6 24
84 89 24
77 22 86
8 68 6
77 72 6
48 64 80
72 1 79
29 82 27
94 9 67
27 92 6
14 82 21
22 37 90
27 92 14
21 12 15
71 36 61
14 19 11
31 46 42
80 22 67
32 32 39
5 12 31
27 89 68
2 92 68
8 93 90
69 12 9
29 47 61
77 72 25
17 88 18
82 37 77
79 5 21
72 89 6
91 79 80
22 4 39
48 79 7
69 12 31
1 12 7
69 19 21
86 82 81
17 88 28
48 47 96
98 46 39
84 13 8
31 79 31
32 79 39
91 93 6
48 64 6
20 68 6
1 21 8
57 84 21
33 6 24
89 13 34
32 4 42
22 4 31
91 93 7
49 1 58
84 16 24
31 32 39
48 38 28
57 98 9
29 87 96
17 38 58
1 32 90
14 12 11
21 11 11
77 34 6
69 64 6
98 46 42
5 12 6
48 64 31
38 26 14
8 37 77
8 37 90
79 72 58
20 68 86
79 5 99
91 6 14
71 38 28
23 98 21
94 68 6
80 9 76
79 21 74
89 16 74
98 46 80
79 16 38
69 11 11
21 19 9
79 13 24
50 36 58
2 89 5
20 10 81
89 16 34
77 34 25
29 82 21
29 62 27
14 98 23
80 22 86
94 68 25
14 62 21
22 32 77
72 5 99
57 98 11
31 92 5
1 61 69
84 89 74
20 10 21
1 32 77
57 98 15
33 37 90
98 46 31
82 61 77
8 68 67
33 89 24
77 72 67
89 51 21
94 46 42
79 65 21
72 26 84
79 65 58
82 93 90
38 45 6
31 96 14
79 13 34
91 12 7
86 62 81
32 11 80
12 21 8
1 37 27
14 94 20
57 11 9
49 76 99
89 89 38
79 1 21
49 1 21
29 51 56
17 36 58
22 93 27
82 32 77
48 93 80
32 79 63
72 26 6
33 16 38
23 12 9
20 82 20
77 72 76
98 79 31
79 13 74
72 89 84
80 22 6
31 4 42
79 5 64
17 47 28
1 21 77
69 64 7
86 62 20
71 88 28
27 96 68
9 5 21
8 34 86
69 84 15
48 38 96
48 64 14
94 11 63
71 87 28
1 93 31
12 13 34
82 21 90
29 88 96
89 94 20
80 34 86
5 79 14
77 22 76
23 19 21
33 13 8
32 46 39
89 94 27
80 34 76
23 12 15
22 93 77
69 98 21
17 36 28
8 9 6
89 10 21
80 68 6
22 32 63
31 89 5
17 87 61
48 93 31
89 21 74
57 19 15
5 12 14
84 21 38
94 32 42
69 12 14
33 21 8
79 1 79
2 96 14
33 16 24
49 5 79
91 93 14
48 79 6
72 72 79
12 89 24
48 12 80
98 79 42
5 93 80
14 19 9
94 34 86
22 21 27
20 72 25
31 89 14
33 32 77
14 62 56
72 89 5
80 9 86
49 65 99
20 22 76
89 6 8
9 72 79
22 11 80
17 87 18
12 89 74
72 5 64
72 26 14
72 72 64
57 12 9
69 98 9
17 36 61
89 21 38
20 94 56
8 9 86
72 92 84
57 12 23
27 96 5
89 82 27
31 46 39
1 21 69
79 89 74
1 12 14
72 76 58
48 87 58
48 93 6
8 72 86
57 19 23
79 16 8
5 79 80
48 47 58
49 65 64
29 51 81
72 45 68
89 10 56
84 89 8
49 1 64
1 93 8
27 45 68
17 47 96
79 65 79
22 46 80
69 98 15
79 6 8
27 45 5
9 1 79
14 10 20
29 10 56
21 12 23
32 46 42
77 9 6
12 13 74
23 11 21
27 96 84
89 6 74
8 9 25
29 62 56
32 46 80
49 72 21
17 38 18
12 89 34
17 38 61
20 94 81
57 84 9
1 21 90
22 61 8
21 98 21
12 16 38
21 84 11
9 5 64
29 10 20
72 65 21
48 6 14
20 22 86
94 22 67
72 26 5
29 10 27
49 76 58
82 21 69
72 65 58
91 79 31
5 6 6
22 32 31
0 72 58
57 12 15
86 51 21
94 9 25
69 84 9
79 89 8
32 32 42
49 76 64
14 84 21
8 22 76
33 13 24
29 51 20
2 26 14
77 9 86
48 47 28
20 68 67
38 89 6
33 21 27
50 38 18
14 98 9
84 6 8
71 36 58
82 93 27
94 32 31
50 38 58
8 32 27
31 96 6
22 32 39
69 79 80
71 47 28
22 21 77
2 26 84
72 92 5
72 96 14
89 16 38
29 38 61
84 89 34
14 51 56
20 82 81
84 16 38
94 79 31
33 37 27
94 68 86
17 47 58
22 79 31
20 72 67
21 12 11
94 4 39
32 32 31
22 79 42
94 34 76
91 12 6
71 38 18
38 26 5
2 89 6
77 34 86
79 65 64
72 96 6
1 93 27
94 32 63
14 82 81
84 13 34
12 21 38
50 87 18
33 6 38
80 9 67
50 38 96
50 88 18
23 12 21
72 45 5
82 37 90
31 11 42
21 84 9
8 32 69
94 22 25
29 62 20
84 21 8
94 72 67
29 36 96
29 38 28
5 6 80
79 6 24
21 98 9
94 79 42
84 13 38
79 1 58
20 9 6
89 62 81
20 68 25
77 68 67
86 82 20
8 22 67
84 6 74
89 94 56
69 12 80
29 94 27
22 37 69
14 94 27
8 61 8
22 46 63
1 64 31
0 5 58
1 6 6
50 88 28
98 32 39
14 12 21
22 32 42
69 11 15
27 45 14
1 64 14
14 12 9
82 61 69
2 89 84
86 94 56
98 32 31
31 79 80
20 62 20
2 92 5
98 4 63
48 38 58
69 93 14
86 10 21
17 47 61
12 13 24
84 13 74
57 11 21
2 96 84
89 13 38
72 5 58
79 16 24
89 51 56
79 76 21
12 16 34
94 34 25
89 82 21
1 61 8
9 65 99
94 11 80
57 98 21
89 51 27
31 4 80
1 61 90
31 92 14
91 79 14
20 34 6
79 89 24
1 37 90
86 10 56
31 89 6
14 10 56
9 72 99
69 11 23
71 36 18
72 26 68
32 79 80
20 22 6
98 4 31
23 19 23
69 19 11
48 47 61
8 72 6
31 26 14
98 4 42
1 93 69
31 26 68
69 11 9
14 84 15
31 79 63
33 21 38
8 34 76
50 47 96
23 12 11
98 11 63
79 1 99
48 6 7
33 16 74
48 38 61
33 61 69
29 88 61
14 51 27
1 64 6
27 89 14
0 65 99
48 6 80
72 45 6
89 89 74
38 92 14
94 11 42
89 62 20
91 79 7
49 65 21
22 93 69
79 72 79
86 82 27
21 19 11
31 46 31
20 62 81
69 93 6
48 12 31
2 45 6
31 11 80
14 12 15
71 47 58
27 45 6
23 11 23
89 10 27
20 62 56
48 93 14
79 16 74
98 32 80
48 87 61
20 62 27
71 38 96
79 21 38
23 84 21
69 93 80
22 37 77
72 45 84
17 38 28
50 87 61
8 68 76
77 68 86
22 46 31
50 36 96
33 89 74
77 22 67
29 36 61
38 89 14
31 26 5
33 93 69
69 79 31
22 93 8
32 11 42
1 64 7
72 72 99
77 22 6
8 93 8
33 21 74
48 88 28
86 94 81
72 65 64
82 93 69
38 92 6
89 82 81
31 45 14
29 87 61
38 26 68
72 96 84
33 37 77
29 10 81
77 9 67
22 32 90
33 93 77
14 10 81
89 62 27
5 12 80
9 1 21
33 89 8
29 82 81
9 5 79
5 79 31
29 47 28
89 13 24
79 89 34
14 98 21
79 5 58
14 94 21
1 93 80
80 72 67
1 64 80
48 88 58
14 11 15
17 38 96
86 62 21
72 72 58
33 32 69
91 64 80
9 72 58
20 10 27
31 4 31
21 98 23
57 12 11
79 6 34
72 92 6
22 32 8
5 93 31
89 21 8
98 11 80
1 37 8
91 64 31
72 96 68
48 36 28
20 10 20
69 93 7
1 93 14
21 19 15
50 47 61
71 36 96
9 65 79
14 51 20
29 51 27
2 26 6
8 72 67
69 79 7
79 16 34
72 89 68
14 98 11
29 38 18
69 84 11
31 96 5
12 16 24
17 47 18
86 51 27
32 4 31
69 6 6
50 88 96
8 72 25
8 22 86
23 84 23
31 4 39
91 64 6
80 72 6
94 22 86
21 11 15
84 16 34
48 12 14
0 1 21
22 32 27
2 45 68
17 87 58
31 32 63
31 96 68
29 62 21
33 16 8
31 11 39
0 72 64
69 19 9
1 79 6
22 32 80
72 5 79
49 72 99
14 82 20
20 51 56
94 68 76
48 6 31
49 5 58
86 94 20
9 5 58
79 21 24
23 19 11
8 93 77
69 64 31
2 92 6
79 13 38
31 45 5
9 76 79
0 5 64
2 26 68
33 21 77
31 32 42
9 76 64
89 10 20
84 6 38
38 45 84
5 64 80
84 6 24
