32 79 80
82 61 90
80 72 86
40 12 29
22 79 88
84 13 74
10 93 61
40 83 15
0 72 58
44 38 0
28 51 37
52 62 97
72 1 64
64 47 65
72 16 13
39 99 43
11 85 25
73 0 79
23 85 93
94 50 16
48 79 6
94 79 63
89 13 8
33 91 73
52 94 45
60 23 78
14 82 56
7 55 97
76 35 77
20 82 81
4 46 26
63 14 16
21 98 11
79 45 31
1 12 31
69 0 30
9 65 64
49 72 79
8 68 25
36 38 39
2 40 16
68 34 34
84 37 80
29 38 38
57 19 23
29 36 96
51 69 72
75 31 11
14 14 12
49 76 58
88 84 87
60 43 73
19 95 77
85 98 9
71 57 82
15 51 13
28 58 65
89 94 86
68 44 28
24 77 35
66 87 35
83 14 77
8 37 87
74 45 91
67 96 21
20 83 67
29 88 58
22 17 19
90 71 72
78 6 64
14 26 42
51 75 85
49 65 21
2 92 84
21 54 19
74 20 9
67 1 20
40 99 22
21 34 89
33 99 31
89 21 24
5 77 98
88 47 96
88 53 73
15 84 88
14 84 23
2 23 61
42 31 5
85 82 50
2 26 5
23 12 15
49 45 43
17 37 5
14 98 15
23 1 27
51 79 88
66 87 22
1 93 69
40 73 22
69 64 31
29 29 83
36 67 61
12 29 78
51 87 66
93 57 83
29 36 18
27 11 39
36 72 91
95 75 76
36 90 20
63 73 14
47 28 87
75 84 2
26 40 94
90 0 30
76 43 54
4 83 80
20 39 42
2 89 5
19 89 54
40 0 88
5 46 49
74 43 16
39 89 23
2 92 6
77 62 6
65 64 30
48 29 32
97 11 11
30 86 51
19 36 6
73 12 67
33 30 17
62 38 34
40 95 5
60 64 29
77 18 60
65 2 66
57 84 21
38 89 6
4 9 79
62 5 67
21 65 51
40 73 48
8 12 69
44 65 8
50 7 8
86 83 13
33 72 51
71 57 87
2 34 17
77 72 67
42 33 16
78 13 71
92 73 34
62 77 47
62 42 37
20 68 67
23 27 66
9 67 11
41 49 67
91 72 47
50 64 75
12 68 87
16 89 7
17 87 96
51 80 82
61 46 43
59 60 18
27 71 80
81 51 93
52 23 29
30 89 51
59 29 70
89 51 21
33 57 29
99 28 14
97 68 51
87 75 97
85 99 97
85 79 58
11 62 2
96 35 96
12 67 4
61 27 94
52 49 43
90 21 5
4 84 7
48 13 98
21 39 14
99 78 82
68 22 4
47 25 42
63 68 17
10 27 3
8 37 90
16 78 92
50 82 23
1 16 30
20 93 87
57 75 42
53 23 86
50 88 28
48 47 18
45 22 70
47 58 29
16 66 44
79 79 93
66 71 74
53 82 46
90 56 86
89 69 47
39 81 66
32 34 51
74 13 60
17 39 33
38 63 88
36 53 70
74 41 72
29 52 43
33 16 8
80 1 35
96 34 25
52 59 15
35 90 30
25 76 76
40 14 57
82 55 58
0 79 66
82 61 77
95 56 52
82 32 27
63 20 22
5 24 85
9 69 84
35 93 38
57 26 76
80 34 25
52 4 24
92 74 56
77 62 2
25 93 94
69 79 14
98 77 48
40 81 94
63 61 76
47 4 85
23 90 88
0 40 34
77 30 78
15 73 89
36 34 34
45 58 81
75 59 81
40 86 25
74 11 42
47 77 71
56 48 31
70 17 38
44 36 58
87 70 43
33 56 27
1 6 14
39 85 18
2 18 11
47 4 28
29 46 89
33 18 42
67 25 41
85 48 21
97 22 35
45 44 63
40 25 37
58 12 80
63 38 61
32 27 28
77 80 7
5 91 84
56 78 43
24 92 15
3 24 58
65 5 33
70 77 48
6 78 29
96 48 48
53 36 95
47 19 6
71 70 8
4 80 96
6 1 36
41 76 62
80 27 89
41 31 52
10 58 29
29 83 96
6 16 22
27 61 10
89 77 43
44 32 88
56 92 15
72 74 94
31 79 80
90 96 19
45 3 26
99 96 64
64 42 88
73 72 47
50 79 72
39 64 73
7 90 63
51 47 4
20 29 59
5 6 80
34 12 54
90 23 70
49 72 21
4 51 15
90 41 41
90 48 97
1 72 39
8 60 52
11 95 36
79 6 24
83 70 38
77 92 46
57 0 16
37 64 41
31 70 24
68 35 59
93 17 74
23 27 31
18 20 44
59 27 22
9 16 88
21 34 70
67 49 3
91 63 35
42 37 55
25 95 14
8 8 43
22 15 26
41 79 58
37 13 81
56 53 89
79 91 13
54 90 93
17 14 31
5 88 72
41 21 38
71 11 57
67 94 13
29 82 56
51 45 55
30 53 60
86 24 15
66 71 25
4 73 50
12 14 75
28 16 85
1 44 93
51 61 17
10 48 93
23 37 91
57 65 65
41 95 4
82 77 94
7 90 52
73 26 67
93 59 38
61 7 13
91 53 75
97 40 7
68 75 65
28 73 45
33 44 81
48 12 7
67 26 61
25 44 52
44 53 96
0 5 64
80 50 56
5 43 77
2 89 84
12 3 27
43 9 41
83 16 50
90 26 62
84 4 90
96 7 70
31 26 68
98 13 72
0 30 67
71 12 64
9 34 72
31 73 18
29 28 89
30 49 55
14 71 1
62 52 66
66 11 56
97 85 43
86 85 16
66 63 63
88 47 76
9 80 78
23 75 58
30 63 28
30 82 44
41 10 51
86 69 60
59 91 67
11 29 35
14 3 15
74 79 49
76 79 19
67 51 24
12 42 86
91 12 80
89 13 74
84 24 45
8 32 27
23 16 29
28 20 61
79 38 93
57 12 21
58 28 33
74 45 59
14 72 61
97 78 32
33 87 74
92 32 6
89 89 34
94 82 67
4 55 60
10 57 50
45 90 6
86 85 89
83 14 97
53 10 76
61 30 58
34 14 34
53 70 80
40 68 14
91 60 15
81 0 51
25 78 48
1 97 77
27 5 46
16 4 43
35 52 97
10 85 61
20 44 16
22 19 90
21 12 23
53 55 68
16 98 89
49 23 34
32 20 92
25 88 99
73 65 78
92 5 49
97 14 21
7 27 38
94 32 31
79 72 79
96 76 39
22 45 63
11 58 46
11 51 22
90 90 56
58 8 82
69 31 10
49 88 27
38 71 25
79 50 39
57 17 46
13 15 43
65 42 23
9 60 22
60 87 41
40 22 43
21 85 75
47 41 50
65 34 82
9 56 64
42 27 57
76 62 82
36 5 24
19 45 14
23 57 3
94 43 14
13 67 79
98 55 38
22 32 42
69 25 46
16 7 93
86 26 95
60 98 63
9 58 1
34 51 99
94 32 42
76 76 88
13 19 29
41 92 74
71 78 80
47 52 34
30 66 17
92 52 35
72 27 15
78 92 37
50 34 11
98 74 98
77 39 46
37 87 6
55 29 67
94 91 70
88 35 55
39 73 64
62 45 56
99 50 0
69 61 26
92 83 36
67 37 59
89 99 1
26 81 45
36 90 46
26 90 22
87 46 91
9 84 85
23 70 58
28 55 86
68 42 88
48 87 61
28 44 23
1 18 71
20 83 68
57 85 51
6 57 62
92 91 64
60 16 2
29 20 86
5 12 4
66 33 4
43 9 4
62 13 59
43 11 49
75 67 35
96 65 62
28 30 43
84 60 18
58 24 1
96 76 9
34 67 39
47 97 10
82 76 80
50 87 85
42 56 35
99 39 72
92 85 51
85 49 29
45 50 0
89 50 66
71 24 57
27 26 33
40 6 73
72 64 11
44 77 17
64 77 42
59 58 3
8 11 80
56 3 48
68 98 23
8 28 98
6 49 73
98 7 37
38 71 77
99 41 1
14 47 82
85 28 83
45 39 86
19 9 29
87 61 66
96 15 41
95 93 66
77 57 1
9 9 44
20 60 7
76 99 60
17 35 46
95 62 37
20 56 70
79 60 47
7 55 44
26 25 52
74 12 67
49 38 21
78 69 51
39 38 6
93 36 22
54 20 84
99 75 70
83 8 52
94 6 47
56 63 75
72 30 34
37 9 81
44 72 73
27 55 86
21 11 15
15 58 37
2 89 68
64 78 85
17 35 81
62 7 19
48 65 42
5 69 26
72 86 40
76 84 32
39 18 3
32 23 69
32 41 62
28 60 2
64 70 7
46 45 48
96 70 98
67 4 97
40 48 40
50 74 94
32 95 15
22 80 42
8 45 50
11 24 29
77 27 79
32 46 31
4 29 4
60 87 46
18 93 30
96 48 61
67 99 71
96 91 87
79 38 26
0 73 93
24 23 90
99 25 51
78 1 27
51 46 26
7 4 16
36 31 85
27 89 5
31 61 78
19 11 38
33 2 64
38 98 66
44 11 4
89 89 70
52 96 33
68 67 34
62 42 82
47 77 42
17 20 4
31 96 4
21 22 30
52 74 63
2 46 76
87 61 20
82 65 43
28 78 42
71 47 61
70 40 70
89 94 92
2 30 2
42 51 72
24 89 94
2 92 71
94 71 43
22 55 45
35 85 27
7 35 84
35 77 40
52 75 57
84 53 50
94 30 87
15 39 55
88 26 63
27 92 84
39 92 97
6 29 20
85 35 79
11 4 92
25 19 69
76 63 73
23 24 28
53 70 20
54 79 71
61 29 36
29 74 57
46 82 44
78 82 93
88 75 80
39 12 19
52 77 6
22 57 5
32 37 34
62 0 74
16 22 38
33 49 16
71 47 10
3 52 42
43 98 73
13 82 19
69 3 57
50 13 71
88 17 37
4 13 74
28 74 2
81 35 37
82 85 99
14 35 10
69 24 6
45 42 2
6 10 60
37 4 8
77 31 50
14 96 16
22 87 27
25 61 72
94 72 67
4 11 83
12 62 24
28 9 30
10 65 27
15 68 57
16 76 40
22 62 74
16 32 6
94 10 28
7 21 68
10 65 88
19 18 2
16 21 78
41 99 19
19 70 83
1 47 55
12 35 27
59 58 35
68 83 54
43 84 32
21 44 11
34 15 3
32 3 38
4 16 64
17 36 28
25 61 26
94 68 87
17 81 43
26 20 9
43 6 93
82 77 85
52 58 72
0 60 18
26 67 67
14 56 89
62 39 91
8 27 3
69 79 4
35 89 97
0 5 21
37 14 21
72 50 86
95 40 23
89 72 76
65 20 86
53 77 80
75 18 53
32 11 62
22 93 69
50 29 2
6 10 64
48 93 31
48 36 46
74 11 25
17 52 27
2 53 92
13 38 53
10 26 31
36 88 82
76 87 51
69 40 92
30 30 40
85 65 18
30 15 76
43 7 49
7 76 51
36 11 90
44 26 63
46 85 96
97 14 36
25 16 76
45 78 12
38 84 64
88 53 28
60 20 50
72 50 7
7 37 53
32 99 1
64 4 58
42 42 0
71 65 13
65 54 83
8 14 96
27 2 11
86 3 28
53 62 26
92 70 30
79 54 48
37 27 64
92 96 53
87 9 31
94 53 3
67 83 34
43 96 70
15 33 31
19 64 77
18 91 73
65 80 79
73 43 37
44 90 31
65 43 23
31 33 2
4 0 87
49 13 13
9 80 17
40 95 96
22 43 5
77 74 85
68 48 60
24 69 51
39 43 88
50 93 83
51 95 41
69 93 31
86 77 60
74 29 64
66 5 47
71 12 39
46 33 99
4 37 0
96 51 74
65 83 74
33 39 9
3 84 11
32 93 95
56 45 67
22 4 24
92 41 39
54 6 40
23 41 66
91 18 8
64 80 39
50 82 95
72 44 99
18 88 75
24 18 4
72 18 12
79 6 34
45 4 18
68 91 64
17 12 84
1 45 20
2 45 6
67 11 85
37 74 19
64 98 82
58 24 49
40 18 62
95 26 71
22 11 31
21 93 28
51 60 89
22 31 86
5 72 51
34 12 30
53 94 50
26 74 84
68 52 95
48 96 94
37 36 91
63 18 33
44 11 9
49 9 82
10 3 67
51 20 21
1 37 77
91 18 25
45 88 31
1 3 90
76 47 29
86 10 50
8 79 96
66 48 12
80 2 84
18 56 21
31 87 74
5 29 62
96 86 41
57 31 30
72 31 26
68 51 17
11 49 11
24 18 78
43 64 19
40 3 65
49 58 67
89 47 72
41 83 44
4 3 59
50 81 45
88 41 53
49 36 73
66 53 50
45 73 32
13 0 6
54 13 96
99 98 78
38 21 37
20 41 52
46 73 18
0 20 89
24 17 67
84 27 46
32 3 35
0 99 45
79 1 79
50 68 78
81 41 88
59 5 91
18 75 17
85 98 71
61 86 45
42 98 81
45 36 96
86 93 14
50 88 18
31 48 77
32 50 11
51 71 53
97 92 48
49 47 74
90 9 84
60 7 50
29 71 17
96 40 10
81 48 46
39 12 96
71 26 94
6 3 71
32 46 79
63 77 81
8 93 27
79 1 21
37 53 18
71 58 27
73 42 37
91 78 53
10 43 25
81 14 46
64 11 76
61 3 17
98 57 16
39 8 28
33 78 43
92 90 10
2 18 23
74 85 79
81 26 12
29 41 85
75 60 71
4 98 15
1 61 77
0 69 18
49 64 2
0 91 99
30 88 8
9 94 15
43 45 11
80 74 22
21 78 86
14 74 90
33 62 92
39 1 99
95 86 25
17 30 84
56 47 22
60 33 42
56 50 28
40 86 24
18 24 72
67 73 90
21 46 72
41 71 93
