31 89 5
20 62 20
79 1 64
9 1 79
38 92 84
23 84 9
29 82 27
48 36 28
14 51 21
38 45 14
33 21 24
14 82 21
12 21 24
14 11 23
14 51 20
22 32 31
9 1 64
48 12 80
14 98 9
22 46 39
32 32 39
84 16 34
32 32 80
12 6 38
57 19 15
50 87 96
69 6 14
5 12 14
12 6 24
29 94 81
82 37 27
23 98 9
82 93 27
49 76 79
77 9 6
20 94 81
2 45 84
22 32 27
49 5 79
21 19 11
23 12 9
89 62 21
1 12 7
91 64 6
94 72 86
38 26 84
80 22 25
1 61 27
38 89 84
8 68 86
33 61 8
82 61 27
69 84 15
72 76 58
69 79 6
23 84 15
48 87 28
1 64 80
50 38 96
31 92 84
49 5 64
27 96 14
22 46 80
9 65 21
80 9 25
20 72 67
1 32 27
50 87 58
2 96 5
8 21 8
29 36 18
20 10 56
50 36 61
72 89 84
57 12 9
57 12 21
8 22 67
89 51 21
32 11 39
33 93 69
2 26 6
33 61 77
77 68 25
82 37 77
20 82 56
5 93 80
79 13 24
14 11 15
32 46 31
29 47 61
72 92 14
72 5 99
91 79 14
29 36 28
69 12 23
38 26 6
14 19 15
20 9 25
48 88 96
1 64 6
89 10 81
48 47 58
20 68 67
48 36 18
1 12 6
69 84 21
0 76 64
82 61 90
1 79 31
20 82 20
86 82 20
72 1 64
22 11 42
79 1 58
12 89 74
89 51 27
72 92 6
50 47 61
84 13 8
89 6 24
33 6 38
29 82 21
72 45 5
80 9 76
17 36 18
94 22 67
50 38 58
89 89 34
69 79 80
69 98 23
17 47 18
22 46 63
8 34 67
29 62 56
49 76 21
2 96 84
31 11 80
72 65 58
72 26 84
38 26 14
14 12 21
2 89 6
77 34 86
27 45 5
12 21 74
20 10 21
84 21 24
17 88 28
69 12 6
31 92 6
20 72 25
79 76 99
72 96 5
0 5 79
94 22 76
69 12 14
72 92 68
22 21 27
48 64 14
98 32 39
38 45 5
8 37 8
27 92 5
79 16 74
33 61 69
20 94 21
31 11 42
31 46 63
27 89 68
98 46 42
38 89 14
94 4 31
86 82 81
1 32 69
23 11 21
29 62 21
12 89 38
22 61 27
84 13 24
8 21 77
1 61 90
91 6 7
84 6 74
31 79 39
71 47 96
31 96 6
1 64 31
69 11 15
69 12 31
8 93 90
48 38 28
79 13 74
86 94 21
94 72 67
29 88 18
22 32 77
8 61 69
1 21 69
22 37 77
27 92 68
21 98 9
86 82 56
9 65 99
9 65 58
69 64 80
94 32 80
94 9 86
94 22 6
91 6 6
29 87 58
89 82 81
86 51 56
14 12 15
48 38 58
89 16 34
72 26 5
14 62 21
8 32 27
1 64 14
50 36 18
79 5 58
32 32 63
5 6 7
8 22 86
94 11 42
71 38 96
79 65 21
48 36 61
31 79 80
31 45 68
1 61 69
94 46 31
1 64 7
31 26 14
8 37 27
77 22 86
31 4 80
48 47 61
72 26 6
69 6 31
94 4 39
20 10 81
72 65 79
48 6 7
5 12 80
20 62 81
94 32 63
80 72 86
9 5 64
72 76 64
77 34 67
0 72 58
14 82 56
72 76 99
91 79 7
20 68 86
8 93 69
91 64 14
48 88 61
31 4 39
71 38 18
71 38 28
94 46 39
91 12 6
9 65 64
0 1 21
48 93 7
21 11 21
33 37 27
1 79 80
71 87 18
38 92 14
22 37 8
20 68 76
8 32 77
8 9 76
49 1 21
31 26 5
72 76 79
20 62 27
22 32 69
48 12 31
77 68 86
82 32 90
1 61 77
49 72 21
5 79 31
89 10 27
14 51 56
1 61 8
33 93 77
86 45 15
80 68 67
69 79 7
49 65 21
82 61 69
77 9 86
5 64 6
29 47 28
22 93 90
98 4 31
20 34 6
29 47 96
89 6 34
33 21 74
32 79 80
2 45 5
69 98 11
1 32 77
94 79 63
9 72 79
98 79 63
8 22 76
2 96 68
82 93 77
98 11 39
69 64 14
14 19 21
79 72 99
80 9 6
89 13 24
89 13 8
89 16 24
98 4 42
77 9 25
21 12 23
27 96 6
84 16 38
79 72 21
89 21 24
98 79 31
9 76 21
80 72 25
72 92 84
12 21 38
38 96 68
8 37 77
22 4 63
17 36 28
32 4 31
98 46 80
86 51 20
72 45 68
48 93 80
21 19 21
89 6 74
23 98 15
8 72 76
32 46 39
80 68 6
89 13 38
23 11 11
29 82 56
79 5 99
38 96 84
1 93 7
84 89 74
14 98 11
91 93 14
94 68 25
86 82 27
22 11 80
20 34 25
84 6 38
77 72 86
50 38 61
48 93 14
14 94 81
94 72 25
31 26 84
49 1 58
12 13 74
33 13 34
49 65 99
20 34 67
29 62 20
14 98 23
89 6 38
9 72 99
89 51 81
29 82 20
31 92 5
2 26 14
1 93 6
33 13 24
79 65 64
31 4 63
94 79 39
86 51 81
77 72 25
57 84 21
20 22 67
6 10 18
32 79 39
33 89 74
0 1 64
1 21 8
72 89 5
48 87 18
33 6 74
94 4 80
79 5 79
12 89 24
77 72 6
31 89 68
38 45 6
86 51 21
72 45 14
86 62 81
20 34 86
12 13 8
22 21 8
14 84 11
89 82 56
14 12 11
31 46 42
80 22 6
20 68 6
72 72 21
72 5 79
80 22 86
8 93 77
50 87 28
71 88 28
1 93 69
82 61 77
82 32 69
48 64 7
14 62 81
12 13 24
84 89 8
14 84 9
32 46 63
31 96 84
79 89 34
48 64 80
0 5 99
2 92 14
48 87 96
31 45 84
23 12 15
33 32 69
89 94 21
14 11 21
69 64 31
21 11 15
48 87 61
69 11 9
5 12 7
17 88 61
89 94 27
12 16 8
29 10 21
49 5 99
0 5 58
2 45 68
89 89 74
33 21 90
65 55 72
33 37 69
45 61 25
29 51 56
33 37 8
77 68 67
73 21 88
71 36 18
69 12 9
79 1 79
86 94 56
22 11 39
79 72 79
48 79 6
32 11 80
89 27 21
72 89 6
69 12 11
21 84 21
22 32 63
21 19 15
69 79 31
91 79 80
27 89 84
0 72 21
71 47 61
21 12 9
47 18 54
23 19 9
86 94 27
79 16 38
62 93 66
22 79 80
80 34 76
0 5 64
29 36 96
14 99 83
50 88 18
21 84 9
21 62 94
86 10 81
9 76 58
98 11 80
22 21 90
32 46 80
33 32 77
29 38 96
5 6 14
1 37 69
9 1 99
84 89 34
21 98 11
33 89 34
65 58 66
69 21 97
2 96 6
72 45 6
49 76 64
6 68 15
5 79 7
29 47 18
82 61 8
8 21 27
6 15 91
22 61 77
89 51 20
5 79 80
70 27 87
8 32 8
69 0 47
89 94 20
9 72 64
1 64 71
1 21 77
17 87 96
71 47 18
29 51 21
78 74 42
48 47 18
8 72 67
71 38 58
29 47 58
94 46 42
14 11 9
0 65 21
94 72 76
8 21 69
31 92 14
57 19 9
29 38 61
32 32 31
29 82 81
48 88 18
0 65 99
49 72 99
8 4 37
80 68 86
57 11 9
71 36 28
49 65 79
82 93 69
50 88 61
66 79 9
82 21 90
42 86 90
69 11 21
33 93 90
0 76 21
42 24 61
12 6 74
80 68 25
1 79 7
29 36 58
14 82 81
23 84 21
29 51 81
72 96 6
81 22 50
98 4 63
72 1 58
20 51 81
27 45 14
12 21 8
2 92 68
8 34 25
69 64 7
91 93 6
32 11 42
2 26 68
89 89 24
31 4 31
94 11 63
20 72 6
2 45 6
50 47 58
14 10 27
33 16 8
22 32 80
76 40 5
50 86 55
5 6 31
91 12 31
69 19 23
94 4 63
20 10 20
79 70 4
50 47 18
31 26 68
89 10 21
89 21 8
79 21 24
8 93 27
98 79 42
27 92 6
98 71 79
8 61 8
94 34 6
79 72 64
57 98 11
79 76 58
82 21 27
29 30 43
17 38 58
27 26 14
50 38 18
71 36 96
80 72 67
89 47 89
14 94 27
20 82 27
23 81 16
70 27 74
9 72 58
32 32 42
89 82 21
3 68 39
21 12 21
0 65 58
18 97 85
72 1 99
23 19 23
48 93 31
94 9 76
71 47 28
29 94 20
29 88 58
8 34 86
2 92 5
18 74 60
19 3 62
0 76 58
82 81 44
57 60 71
49 65 58
31 96 5
0 1 99
1 37 90
49 5 21
48 87 27
79 13 34
2 92 6
38 26 68
27 92 84
23 98 21
69 19 11
22 11 63
8 61 77
8 37 69
73 69 13
94 79 42
22 61 8
72 72 79
20 10 27
75 85 84
33 93 8
99 52 94
85 59 76
69 19 21
1 12 31
71 39 72
70 97 22
31 32 42
8 61 27
58 54 20
76 81 53
57 96 91
1 93 27
94 68 76
5 93 31
84 6 34
46 93 33
91 84 18
98 11 42
69 84 9
48 47 28
93 55 49
33 21 38
57 98 21
79 13 38
1 6 14
29 38 28
68 67 71
38 96 5
0 65 79
8 93 8
77 9 67
17 36 61
21 11 9
86 62 20
27 96 5
72 5 58
72 96 84
8 34 76
82 93 8
17 47 61
20 94 27
31 46 39
32 11 63
95 77 44
72 45 84
73 1 26
69 98 9
52 37 65
87 66 54
11 36 75
80 42 28
57 84 9
12 6 8
31 98 14
44 99 6
44 3 49
48 36 58
5 64 80
0 76 99
17 87 61
31 45 14
81 84 69
17 88 18
77 22 6
0 86 47
71 11 72
22 93 69
82 77 91
38 89 5
22 21 77
12 21 34
29 10 27
50 36 28
98 11 8
84 16 24
14 62 40
43 92 90
46 19 54
91 64 31
49 65 64
5 64 14
17 47 58
29 38 18
8 61 90
79 65 58
23 12 11
31 46 80
8 22 6
49 76 58
64 67 57
33 16 34
25 0 92
17 63 40
48 87 58
69 64 6
69 93 14
92 67 23
62 18 0
23 84 23
30 82 79
23 19 15
8 37 90
88 33 66
40 97 88
21 98 21
17 38 96
2 96 14
5 4 45
72 65 64
5 12 6
25 66 51
33 93 27
60 92 2
94 68 6
48 38 61
94 68 86
14 62 56
69 12 15
22 46 42
1 6 31
25 64 18
29 87 28
24 51 64
31 11 31
89 13 74
82 32 27
69 24 94
33 21 34
5 79 14
97 36 45
22 26 58
20 9 76
61 50 13
81 87 20
20 51 56
29 10 56
33 13 74
14 73 59
14 10 56
96 23 56
67 2 59
70 76 27
73 18 13
50 88 58
6 1 2
23 98 23
31 26 6
94 11 31
12 23 27
60 96 20
64 58 22
84 21 38
89 82 27
77 9 76
89 89 8
33 13 90
31 4 42
48 6 14
22 79 31
29 10 81
94 42 53
89 10 56
52 25 89
41 10 97
96 3 99
47 11 53
29 88 61
90 36 81
63 88 12
71 88 61
18 1 54
86 15 81
59 98 13
57 11 23
83 30 56
80 72 6
49 78 3
9 5 79
43 77 12
79 13 8
94 9 67
2 89 68
71 36 61
79 6 8
7 78 16
89 62 81
33 89 38
53 86 8
86 10 56
35 44 49
10 86 69
78 39 53
79 84 20
96 62 96
18 87 20
57 19 21
8 32 26
89 21 74
36 60 18
70 16 4
94 32 42
12 89 8
79 16 8
31 79 42
79 16 24
89 21 38
49 63 71
15 26 24
47 0 68
0 5 21
45 88 64
33 37 90
69 12 80
88 29 79
79 89 24
1 17 77
80 22 76
42 94 91
65 30 59
86 62 27
48 64 31
45 69 74
1 6 7
89 75 78
29 92 19
7 46 47
94 22 86
80 22 67
62 64 47
32 4 42
33 88 87
78 45 36
48 38 18
79 65 99
57 84 15
4 64 80
32 11 31
46 74 63
22 21 69
1 6 6
68 22 24
81 56 1
94 11 39
74 66 55
8 32 69
84 21 76
14 23 90
35 47 75
75 12 11
12 89 34
71 49 59
17 38 18
45 50 84
55 90 82
66 12 60
0 27 33
73 13 83
33 95 46
8 68 25
0 72 64
94 97 87
18 92 25
84 6 24
9 31 50
12 18 77
37 91 82
57 11 11
84 16 8
75 64 68
11 48 30
2 26 84
83 95 39
29 69 75
78 89 70
98 32 31
90 18 72
14 62 20
22 4 42
79 21 34
82 37 69
34 9 87
28 59 54
5 13 48
14 12 9
14 94 20
52 33 68
71 89 98
13 72 22
39 52 40
14 87 11
11 85 57
78 18 6
48 47 96
48 6 31
93 52 30
77 68 6
26 54 70
72 96 14
33 78 99
44 33 85
17 47 28
74 35 75
69 19 9
13 56 94
61 18 51
3 12 37
37 97 95
23 10 11
20 22 25
88 80 58
2 2 63
27 89 14
91 79 31
69 84 92
84 6 8
98 64 90
92 96 1
9 65 79
99 67 38
87 53 84
28 1 86
92 21 27
50 68 55
31 46 31
14 10 81
75 3 73
90 56 2
