21 19 23
14 51 20
32 46 63
27 96 68
14 98 11
1 93 77
77 72 6
72 26 84
20 34 67
72 96 6
22 93 77
38 45 5
69 12 6
89 16 24
79 89 38
71 36 61
77 68 25
50 36 28
17 47 28
79 89 8
89 16 74
98 32 80
50 36 61
8 68 76
9 72 99
72 72 21
89 21 74
50 88 96
23 19 21
32 46 80
32 79 63
86 51 81
50 87 28
8 34 76
29 10 56
57 84 11
69 64 6
20 51 27
69 84 15
20 62 20
9 5 79
79 16 34
22 46 80
89 62 27
89 62 20
79 76 64
33 37 69
27 26 68
12 89 74
89 89 24
1 93 31
77 22 86
98 46 63
98 79 39
2 96 5
14 19 15
1 79 7
91 64 6
89 94 21
80 34 6
72 5 58
49 65 21
80 22 67
69 12 21
38 89 14
94 32 80
29 87 18
48 64 14
79 76 21
0 65 79
17 87 58
1 61 69
12 21 34
14 62 20
49 1 64
20 34 76
72 1 99
69 79 31
84 16 24
89 13 24
50 36 18
33 89 74
50 38 18
94 32 31
20 10 27
38 92 14
0 76 58
48 12 7
22 21 69
14 62 81
33 13 24
1 32 77
0 72 64
33 21 27
22 61 69
98 4 39
29 87 58
69 6 7
98 79 42
33 21 34
48 36 58
79 6 38
69 93 31
31 96 84
33 32 27
8 68 67
38 26 5
49 1 99
20 72 6
79 72 64
91 79 6
12 89 24
94 4 31
0 72 99
79 21 74
98 11 42
89 62 21
72 65 58
49 76 64
79 1 58
72 26 14
31 11 31
49 72 64
31 26 6
1 93 90
69 6 6
12 13 34
2 26 5
9 1 99
27 89 14
23 19 9
48 6 7
91 64 31
38 96 5
57 11 15
72 72 58
86 62 21
14 11 23
14 82 56
98 4 80
29 36 18
20 82 21
31 92 5
21 98 15
48 6 31
14 19 9
86 51 27
69 84 11
79 16 74
84 6 34
71 36 18
5 64 31
33 13 8
23 11 23
14 62 21
2 26 14
5 93 7
49 65 58
94 79 42
82 32 77
22 79 63
72 89 14
14 84 15
84 6 24
82 21 69
33 16 38
57 19 21
17 36 28
91 6 80
48 47 96
1 37 90
1 6 6
50 38 58
1 32 90
91 79 31
69 12 14
12 6 34
80 22 6
22 32 42
8 37 69
79 72 58
71 87 61
32 79 80
79 13 34
48 93 6
29 38 28
79 76 99
14 12 9
94 22 25
33 6 34
20 34 25
1 6 31
49 5 64
33 21 8
49 76 58
9 65 79
94 9 25
22 46 39
1 93 27
48 36 61
86 82 21
79 21 8
71 36 28
27 92 84
5 93 14
94 68 67
21 12 21
48 87 28
27 96 14
72 1 21
77 72 76
32 4 39
1 37 69
32 32 80
82 21 90
8 72 6
86 94 56
72 89 6
69 11 15
89 51 27
23 98 23
94 11 63
33 89 38
84 16 38
8 9 25
5 6 14
20 72 76
69 79 7
33 89 8
31 32 63
48 12 80
29 47 18
29 62 81
8 93 69
69 12 7
29 82 21
0 72 58
86 10 56
5 12 6
1 79 6
22 32 90
5 12 14
33 16 24
14 84 23
14 84 21
32 4 31
2 92 5
23 98 21
22 32 63
31 89 5
14 98 23
20 22 86
0 5 58
21 98 11
20 34 6
48 93 14
82 93 8
2 92 84
31 79 42
9 1 21
79 76 58
79 89 74
32 32 63
14 84 11
79 72 99
29 62 20
48 93 80
94 46 63
33 93 77
29 10 27
48 87 18
89 51 21
72 76 58
20 9 76
21 12 9
22 79 39
89 51 81
57 98 15
22 79 31
8 32 69
20 34 86
5 93 6
21 11 15
69 93 14
29 87 96
79 1 21
91 64 7
71 38 96
80 34 25
0 1 79
69 12 9
72 76 64
49 1 58
20 9 25
32 46 31
38 92 5
69 11 11
2 26 6
14 10 56
32 11 80
33 61 69
69 64 31
31 26 84
33 89 34
29 88 18
1 12 6
32 32 31
29 47 61
48 64 6
80 9 25
49 76 99
79 6 34
49 72 58
50 87 96
31 46 39
31 89 68
98 46 31
1 32 8
80 9 76
8 9 67
5 93 31
9 1 64
89 94 56
8 61 90
23 98 9
33 21 77
12 21 38
86 82 81
27 92 14
91 93 31
23 11 21
22 93 27
29 88 61
33 16 74
22 79 42
69 64 80
57 11 11
0 72 79
32 11 42
82 32 27
17 87 61
27 96 5
79 1 79
69 98 11
84 6 38
89 6 24
5 79 6
14 94 27
27 45 14
5 6 7
22 11 39
0 76 79
9 76 21
29 94 81
14 51 56
48 64 80
9 65 64
72 65 21
14 84 9
48 47 18
57 12 9
22 4 80
17 36 61
8 22 86
17 47 96
69 98 21
98 4 63
21 12 11
94 79 80
89 16 8
69 12 15
14 11 9
20 51 56
14 12 15
22 37 69
57 12 11
5 64 80
98 46 80
9 65 21
20 62 27
31 45 14
38 92 6
29 94 56
72 1 79
9 72 58
22 37 8
14 10 21
31 26 14
17 38 96
57 12 23
1 64 6
12 13 24
1 93 6
29 88 28
89 82 20
33 13 74
72 76 79
69 19 23
48 36 28
31 26 5
84 16 34
89 89 74
71 38 61
38 26 68
5 79 31
49 72 99
49 5 21
79 21 34
8 61 8
98 32 31
2 89 5
17 88 61
23 84 23
31 32 39
94 22 6
0 5 99
48 38 61
48 36 96
57 11 9
89 94 20
86 51 21
69 98 15
21 12 15
23 98 15
33 6 24
38 96 68
32 46 42
14 12 11
29 10 81
80 68 86
20 82 27
29 38 96
50 47 61
33 32 90
21 19 11
84 6 8
5 6 31
38 89 84
12 6 74
22 21 90
33 21 38
50 47 18
91 12 80
29 62 56
8 9 86
1 64 31
22 37 27
23 12 9
33 61 27
77 72 67
31 11 42
72 89 68
57 84 23
22 93 69
57 11 23
94 46 42
91 64 80
79 13 38
71 88 28
1 79 80
20 9 6
49 5 79
20 62 56
69 84 23
22 46 63
69 84 21
21 19 9
94 32 63
2 45 6
20 10 56
14 11 21
21 84 21
71 36 96
94 72 25
31 79 31
79 76 79
89 6 8
29 94 21
98 32 42
29 36 28
29 82 56
22 4 63
27 96 6
12 6 24
77 9 76
91 12 31
27 92 68
29 47 96
5 12 80
86 82 56
94 68 25
89 6 38
22 93 90
48 79 6
77 68 6
23 19 11
50 47 58
0 1 21
14 82 20
48 88 96
22 21 8
8 93 90
31 11 80
71 47 58
0 1 58
38 96 14
8 9 76
12 89 8
72 1 64
20 68 6
86 51 56
69 93 7
79 89 34
29 36 58
8 34 67
20 22 67
80 68 6
72 5 99
22 32 69
80 72 6
94 32 39
14 19 23
77 34 25
27 96 84
1 21 77
48 87 58
38 26 14
31 96 5
29 10 21
22 93 8
32 32 39
91 79 14
94 79 39
94 22 67
8 93 8
5 12 31
8 93 27
2 26 84
8 22 67
2 89 84
2 92 68
5 6 6
1 93 80
9 5 58
79 5 58
9 72 21
89 21 38
14 94 21
84 89 8
14 51 21
98 11 63
9 72 79
2 96 68
0 76 99
48 6 6
32 4 42
94 9 67
84 89 74
23 11 9
50 47 96
89 10 56
38 45 68
72 92 84
94 4 39
1 93 14
82 37 27
22 32 8
22 37 90
80 68 76
31 89 84
57 84 15
1 37 27
57 12 21
32 32 42
31 46 42
32 11 31
86 10 27
20 51 81
69 6 14
1 93 7
48 47 28
33 13 38
72 96 5
8 21 90
29 51 81
49 5 99
82 93 27
21 84 11
23 19 15
23 84 11
69 11 23
49 72 79
12 13 38
20 62 81
8 72 25
69 79 80
89 62 81
21 84 9
98 4 31
21 12 23
48 79 14
82 21 8
48 79 7
5 6 80
71 36 58
27 26 84
12 21 24
27 89 5
71 88 61
91 79 80
8 37 8
29 88 58
98 46 39
29 82 81
80 22 76
89 82 21
31 32 80
79 13 24
94 22 76
91 93 14
20 9 86
71 47 18
80 72 76
89 89 38
38 45 14
12 89 38
57 12 15
77 34 86
86 10 81
20 10 21
8 21 8
12 21 74
69 11 21
22 11 42
29 62 27
8 34 25
57 98 11
29 51 27
8 61 27
32 4 63
94 72 76
94 34 6
69 79 6
17 88 18
38 45 6
98 32 39
5 79 7
12 16 24
80 34 76
71 87 96
86 94 20
57 98 9
91 12 7
20 82 56
9 76 79
89 21 24
32 46 39
14 12 21
72 26 68
29 36 96
20 72 25
72 45 14
89 51 20
12 89 34
48 64 31
17 87 18
33 37 77
12 16 74
20 68 25
86 51 20
33 32 8
69 93 6
31 46 80
89 13 74
79 65 21
32 79 42
72 65 64
1 12 31
77 34 67
2 45 14
12 6 8
14 10 81
84 21 24
32 4 80
8 21 77
21 84 23
17 47 58
8 37 90
94 46 39
17 47 61
82 93 90
22 61 8
69 19 21
50 36 96
0 5 21
98 4 42
17 38 28
72 72 99
27 45 84
89 21 8
49 65 64
33 21 24
1 64 7
31 96 6
50 38 96
8 32 90
22 21 27
71 47 28
79 1 99
27 45 5
86 94 81
5 64 6
22 61 90
32 11 63
0 76 21
8 68 86
89 62 56
33 21 69
80 72 67
17 38 61
33 37 8
12 16 8
94 9 86
94 11 31
82 32 69
31 79 63
94 9 6
2 45 84
33 89 24
57 98 23
31 45 6
71 87 28
79 65 58
71 87 18
48 38 18
48 47 61
49 1 79
1 32 27
71 38 28
71 88 58
48 93 31
89 16 38
79 89 24
57 84 9
2 89 6
82 61 69
94 46 80
80 22 86
31 45 84
79 16 8
89 94 27
27 89 6
20 72 86
31 4 39
22 4 31
49 65 99
77 22 67
31 89 14
77 9 67
69 64 7
71 47 61
23 11 15
20 51 20
33 16 34
31 79 80
32 79 31
21 11 9
82 93 69
72 96 68
77 68 86
14 94 56
23 84 9
94 34 25
14 62 56
80 68 67
98 79 80
22 46 31
21 11 21
17 38 18
84 6 74
31 46 63
79 65 99
94 68 6
84 89 34
31 92 14
29 10 20
1 12 80
69 19 11
89 10 27
8 32 8
29 47 58
0 5 79
8 32 27
84 13 34
1 21 27
33 93 69
21 19 21
57 19 11
48 87 61
79 72 21
71 38 58
72 89 5
94 72 6
8 93 77
20 82 81
0 65 21
48 79 31
31 92 6
9 76 58
89 10 20
86 10 20
14 51 27
14 19 11
72 26 5
57 84 21
84 21 8
71 87 58
50 87 61
1 79 14
22 11 63
9 65 99
27 45 68
50 38 61
50 88 28
72 76 99
22 61 27
89 6 74
79 16 24
1 61 77
1 12 14
79 6 8
0 65 64
94 9 76
1 21 8
94 72 86
5 64 7
29 88 96
84 89 24
79 13 8
98 11 80
1 93 8
14 12 23
8 22 6
80 9 86
22 32 77
84 21 38
72 72 79
9 5 99
27 89 68
72 45 84
57 19 9
23 12 11
20 22 6
48 38 96
50 87 18
69 79 14
1 61 8
48 6 14
72 65 79
69 93 80
33 61 77
20 68 76
94 72 67
20 94 21
20 51 21
91 12 6
8 37 27
94 34 76
69 19 15
29 47 28
1 12 7
72 96 84
86 82 20
89 21 34
8 68 6
14 11 15
84 16 8
89 16 34
21 11 11
82 61 77
77 9 86
2 92 6
98 79 63
49 1 21
71 47 96
50 38 28
33 93 27
89 13 34
23 12 15
32 79 39
98 79 31
14 98 9
48 79 80
14 51 81
14 94 20
17 47 18
72 5 64
94 79 31
5 93 80
22 32 39
48 36 18
89 82 56
22 37 77
22 79 80
1 93 69
38 89 5
33 13 34
91 79 7
33 6 8
33 32 69
32 11 39
84 21 34
48 87 96
77 34 76
80 22 25
1 21 90
71 88 18
12 21 8
17 36 18
82 37 8
69 98 23
27 45 6
69 12 23
29 87 61
1 37 8
33 21 90
94 4 80
98 32 63
17 38 58
86 10 21
9 65 58
94 79 63
27 26 14
33 37 90
48 88 18
82 61 90
89 89 8
23 11 11
91 6 7
84 13 24
31 32 42
80 9 6
94 11 42
69 12 80
33 37 27
48 64 7
89 10 21
22 21 77
8 9 6
29 62 21
48 12 31
8 32 77
50 88 61
29 51 56
29 38 18
31 4 80
8 61 69
2 89 14
57 19 23
29 94 27
14 19 21
82 37 69
91 93 6
86 62 27
84 89 38
1 79 31
33 61 8
48 6 80
91 6 6
14 98 21
0 76 64
1 37 77
33 6 74
57 11 21
9 76 64
5 64 14
69 98 9
29 51 21
8 34 6
20 94 56
48 93 7
38 92 84
91 93 7
9 5 21
80 34 67
21 98 23
48 12 14
14 11 11
49 5 58
17 87 28
21 98 21
77 22 76
86 94 27
98 46 42
82 93 77
27 26 5
77 9 6
29 51 20
50 88 18
38 89 68
