8 43 47
15 80 37
92 58 78
74 43 78
98 50 40
29 86 83
29 26 17
12 12 53
93 99 79
48 32 81
11 20 22
28 94 47
59 94 94
35 49 62
35 97 71
14 80 62
92 92 78
12 55 71
73 50 66
3 71 62
23 78 73
73 32 28
91 50 83
73 54 39
73 43 94
91 86 81
95 55 51
93 42 79
48 78 62
8 62 57
29 46 17
48 78 55
18 87 87
41 92 38
11 6 99
78 20 84
39 26 79
11 6 22
3 90 70
74 43 55
26 50 25
33 87 53
93 26 77
29 76 41
8 94 66
48 86 83
5 21 20
73 43 47
14 17 79
17 97 81
26 43 47
73 27 48
34 20 4
34 6 1
73 43 33
5 97 20
23 54 55
73 37 81
11 81 1
18 43 81
83 99 13
59 43 94
21 36 41
78 14 22
29 76 17
48 27 73
89 81 4
35 97 37
73 72 66
48 37 81
14 49 71
21 92 70
75 97 91
73 27 73
11 14 4
57 52 37
95 12 71
7 76 77
3 71 73
34 79 1
50 97 38
22 80 71
50 92 70
74 97 57
39 46 77
48 50 83
83 42 79
48 32 25
29 42 79
48 37 28
29 37 81
15 52 62
41 92 3
28 3 66
3 78 73
87 55 53
11 20 4
28 43 94
63 5 70
7 20 1
35 80 65
93 46 79
94 90 70
91 66 43
89 20 84
94 92 3
26 50 47
50 92 1
23 67 55
94 70 1
91 41 57
35 52 79
34 6 22
14 97 78
8 41 55
15 52 71
5 70 70
91 50 81
91 69 25
92 5 42
15 97 79
57 17 79
73 32 83
12 12 81
48 27 39
98 32 28
59 72 94
57 80 65
91 41 91
63 5 42
26 94 33
7 99 79
26 94 66
73 3 33
18 55 81
21 97 42
93 46 41
26 3 33
29 42 77
91 32 81
29 86 40
57 49 71
83 42 41
7 14 22
8 50 94
5 21 38
83 46 41
18 43 51
74 66 78
22 49 62
48 37 83
34 14 22
11 81 84
75 43 43
18 40 51
34 6 84
91 37 25
35 97 79
89 79 22
73 86 81
28 3 25
33 12 53
3 97 70
59 50 66
17 58 41
94 70 70
5 70 3
73 69 40
35 52 65
3 67 48
29 69 40
91 69 81
15 97 65
8 72 66
11 14 84
89 20 22
5 70 38
48 69 40
22 52 37
95 55 81
75 43 91
26 43 33
73 3 66
48 71 73
12 55 53
12 71 62
83 76 79
57 52 62
94 90 3
11 79 84
91 69 40
8 62 43
28 94 94
14 97 62
93 42 41
91 43 55
7 76 13
33 87 81
12 43 51
11 79 1
41 70 1
73 3 47
3 71 39
89 79 84
17 36 42
12 67 62
14 80 37
8 94 94
29 26 13
73 54 55
28 50 33
28 43 25
93 42 77
48 50 28
15 80 71
3 54 73
87 12 71
78 79 4
3 71 55
73 86 25
91 32 28
78 20 4
8 62 78
93 26 13
83 46 13
11 6 84
15 52 65
92 58 41
8 3 25
59 3 33
74 43 91
15 49 62
94 90 20
21 97 41
89 81 1
34 20 22
41 97 3
87 43 51
74 62 78
3 67 55
78 20 1
73 50 40
83 99 77
7 46 41
92 36 78
23 71 62
21 97 81
83 99 41
8 36 81
92 5 41
7 6 22
93 46 13
11 14 99
29 32 40
22 49 71
74 62 57
14 97 79
73 69 28
89 79 1
59 50 47
48 67 73
91 43 43
57 52 71
7 76 79
57 49 62
17 36 78
95 12 51
48 78 48
73 78 62
3 27 73
48 67 48
91 97 43
48 69 28
87 43 53
63 92 41
7 46 77
34 81 22
5 70 20
73 32 81
50 90 1
50 70 38
33 40 87
91 66 78
14 97 43
87 12 87
7 42 17
8 58 42
91 97 57
21 58 70
93 42 17
73 86 40
94 97 38
73 72 94
34 20 84
41 21 38
8 72 25
48 86 81
3 67 73
5 21 1
57 80 79
7 99 13
39 26 41
8 3 66
92 92 41
59 3 94
35 17 62
87 40 51
91 62 57
3 54 55
35 80 71
48 50 25
59 43 47
14 41 55
34 81 84
18 55 71
12 87 71
73 94 47
94 97 1
73 37 25
12 87 87
26 43 66
87 87 51
59 43 33
92 97 41
12 78 55
28 72 66
59 94 66
8 97 55
92 97 78
26 3 66
14 97 37
14 52 71
3 90 20
7 99 17
21 5 81
78 6 4
18 12 53
98 86 25
22 49 79
63 97 70
48 71 39
87 87 71
94 21 38
33 43 87
35 49 37
14 17 37
23 27 48
33 87 51
48 69 25
92 5 81
93 99 41
59 50 33
28 50 66
12 54 55
94 21 20
5 70 1
26 94 47
35 17 71
39 42 17
57 49 65
14 97 65
87 87 81
73 43 25
95 55 87
63 58 41
23 27 39
12 71 48
33 12 87
28 43 66
75 62 55
73 50 81
8 72 94
59 72 47
87 12 53
7 99 41
39 99 79
23 71 39
3 78 48
73 78 48
18 43 71
91 43 78
74 41 57
12 12 51
23 67 73
34 79 84
5 90 1
8 3 33
98 86 40
17 36 81
7 81 84
73 72 25
18 40 87
93 99 77
57 97 71
50 97 1
48 32 28
59 94 25
7 20 4
18 40 71
98 37 40
12 27 55
91 69 28
59 3 25
57 49 79
29 37 28
74 43 57
22 52 79
8 41 91
28 94 25
17 36 70
39 26 17
8 5 81
14 41 57
50 90 3
91 37 83
39 42 41
91 32 25
98 69 81
33 55 81
15 97 37
23 78 55
26 50 66
57 80 62
21 58 41
34 81 4
98 69 40
7 81 99
78 81 22
17 5 42
39 46 13
35 17 37
57 80 71
57 52 65
22 17 79
59 43 66
48 54 62
75 97 55
73 43 66
22 97 62
21 97 78
29 50 81
75 43 78
12 27 62
3 92 20
35 52 37
50 90 70
73 32 40
12 55 87
29 99 13
28 3 33
34 6 99
7 42 41
17 5 78
3 90 1
78 14 1
17 97 70
98 37 81
95 87 81
50 21 70
7 26 79
78 79 22
7 42 79
14 43 78
89 14 84
87 43 81
35 97 65
89 81 22
21 5 70
93 46 77
7 26 13
14 49 65
29 50 40
75 62 91
83 76 77
14 17 65
7 46 79
7 79 22
98 50 81
75 41 78
12 54 73
23 67 48
14 52 79
93 26 79
50 97 3
8 66 57
18 40 53
8 3 94
12 40 51
35 52 62
29 50 83
12 27 48
12 54 39
95 43 87
29 37 25
5 21 3
28 72 25
59 50 94
12 78 39
98 50 28
12 71 55
7 79 84
95 87 87
91 41 43
98 86 81
34 79 4
94 97 70
29 99 79
73 71 39
8 50 33
83 76 17
29 46 41
94 97 3
87 55 71
91 37 40
7 14 4
11 20 84
33 43 51
12 40 53
39 42 77
74 66 43
89 6 84
63 36 78
8 43 94
92 97 70
8 58 70
89 79 99
7 79 4
74 66 57
98 32 81
35 17 65
33 87 71
91 32 40
41 97 70
95 40 71
93 76 41
8 5 70
14 66 78
28 94 33
28 43 33
33 40 81
48 67 62
91 69 83
93 99 13
48 78 39
29 69 25
29 26 41
63 36 41
22 17 65
41 92 20
8 92 41
29 37 83
23 54 39
3 71 48
73 50 83
39 99 13
73 69 81
73 86 28
41 21 70
22 52 65
17 92 70
92 92 42
48 86 28
39 26 13
12 78 62
78 79 99
8 72 33
3 70 38
63 58 78
21 36 42
14 62 43
3 27 55
63 5 81
92 97 42
93 42 13
78 81 99
95 87 71
29 76 77
8 94 25
74 41 55
29 50 25
41 70 38
11 14 22
34 14 4
75 66 43
29 42 17
75 62 78
91 97 91
18 43 87
12 40 71
94 92 20
87 87 53
8 66 91
94 70 38
39 76 13
17 58 81
14 80 79
50 21 3
15 49 79
57 17 65
21 97 70
83 42 17
63 92 81
95 87 53
23 67 62
8 62 55
21 5 41
8 92 81
63 5 78
39 26 77
14 49 62
50 92 38
93 76 17
91 66 57
3 97 3
57 97 62
15 17 79
63 58 42
21 92 41
8 97 57
3 97 38
73 54 48
83 26 79
89 81 84
48 54 73
28 50 47
93 76 13
98 86 83
33 55 71
29 26 79
41 90 1
87 43 87
7 46 17
14 80 71
7 81 22
98 37 28
28 3 47
22 52 71
14 80 65
33 55 87
73 3 94
5 90 38
15 52 37
73 67 62
14 52 37
3 92 1
29 32 83
7 76 17
94 90 38
14 62 91
3 78 39
41 21 1
39 46 17
8 97 91
8 5 42
5 92 1
29 76 13
22 17 62
14 43 57
59 3 47
92 97 81
8 41 78
26 50 33
22 97 37
74 97 55
74 66 55
7 6 1
95 55 71
73 78 73
29 46 79
29 86 25
29 69 81
41 97 1
87 55 81
7 20 84
12 71 39
95 43 71
3 21 70
78 79 84
12 27 73
57 97 79
74 62 43
75 66 78
14 43 43
41 21 20
8 94 47
63 36 81
98 86 28
73 71 55
57 97 65
83 46 79
7 14 1
33 40 51
95 43 53
48 71 62
5 90 20
95 43 81
48 86 25
5 21 70
59 3 66
48 86 40
73 37 40
3 78 55
34 20 99
73 27 62
98 37 83
3 27 39
18 55 87
63 58 70
23 78 39
26 72 25
26 3 47
91 37 81
21 36 81
41 70 3
92 36 41
87 40 87
78 6 84
48 37 25
8 36 42
59 94 47
8 41 57
78 6 1
35 97 62
78 81 1
7 42 77
95 87 51
73 94 33
21 58 81
29 26 77
8 62 91
94 21 1
15 80 79
12 87 51
41 97 38
73 78 39
74 41 43
17 92 81
3 67 39
73 94 25
3 78 62
7 81 1
74 62 91
8 43 33
34 14 1
17 58 42
3 54 39
39 99 41
29 32 28
35 80 37
73 27 39
15 97 71
63 92 70
39 99 17
3 97 1
3 21 20
63 97 41
39 46 41
89 14 99
83 76 41
23 27 73
95 12 53
17 97 78
87 12 81
14 41 43
73 50 47
95 40 87
59 72 33
35 49 65
87 43 71
15 49 65
17 97 42
23 78 48
92 36 70
8 36 70
91 62 55
11 20 99
26 94 25
18 12 51
91 37 28
41 92 1
12 43 53
48 37 40
23 27 55
12 12 71
91 50 28
50 21 38
91 62 78
92 58 81
83 26 17
34 20 1
92 92 70
34 6 4
5 92 70
23 54 48
12 67 39
73 67 48
21 36 78
98 50 25
14 66 57
14 62 78
18 55 53
11 20 1
18 12 71
23 67 39
93 26 41
83 42 77
89 20 1
63 58 81
8 97 42
8 5 78
73 78 55
91 86 25
75 41 57
7 76 41
11 81 4
12 40 87
7 46 13
3 90 38
22 49 37
17 92 41
48 27 62
73 67 55
95 40 51
8 92 42
73 3 25
98 69 28
73 67 73
14 43 91
29 42 41
15 52 79
29 46 13
17 5 70
41 70 70
93 26 17
17 36 41
23 27 62
15 49 71
95 12 81
98 32 40
83 26 77
18 87 81
74 62 55
21 5 78
7 14 84
29 76 79
94 90 1
22 52 62
22 97 65
91 86 83
5 97 38
50 70 20
93 46 17
11 14 1
78 20 22
28 43 47
11 6 4
34 79 99
7 26 17
15 49 37
78 14 84
12 43 71
59 72 66
75 43 57
29 32 81
83 46 77
57 49 37
12 27 39
7 14 99
33 43 81
75 97 78
8 92 78
26 72 94
89 81 99
73 71 62
50 92 20
3 21 3
3 27 48
11 6 1
91 62 43
95 40 81
7 79 99
28 3 94
17 92 78
7 42 13
87 40 71
5 92 38
95 40 53
75 41 43
89 14 4
14 49 79
29 50 28
8 43 91
12 67 55
78 14 99
14 49 37
22 80 65
15 17 71
35 80 79
48 50 81
22 97 71
17 58 70
75 41 91
5 92 20
48 67 55
11 81 99
5 92 3
29 99 17
93 99 17
3 70 20
75 97 43
87 87 87
87 55 51
73 50 25
3 70 1
14 97 91
8 58 78
91 66 55
94 70 20
92 58 70
48 67 39
73 32 25
93 76 79
34 81 1
18 55 51
39 46 79
5 90 70
92 5 70
59 72 25
26 94 94
26 3 25
63 97 78
7 20 99
87 40 81
48 27 55
91 50 40
83 76 13
73 67 39
73 72 33
48 54 39
8 36 41
94 21 3
59 50 25
23 71 48
34 79 22
8 97 78
28 50 94
12 67 48
8 97 70
73 27 55
7 99 77
3 21 1
57 17 62
7 6 4
94 70 3
74 41 78
7 26 77
91 86 28
63 97 81
28 72 94
26 72 47
29 99 41
73 54 73
33 12 51
8 5 41
12 43 81
50 70 1
8 72 47
75 62 57
8 3 47
92 92 81
14 97 57
12 55 81
3 90 3
50 21 1
3 97 20
3 92 3
34 81 99
89 20 4
29 46 77
21 92 78
59 94 33
33 40 71
50 90 38
21 58 42
3 27 62
57 17 37
41 90 20
14 97 55
78 6 22
87 55 87
21 36 70
8 50 66
75 41 55
35 49 71
48 54 55
41 70 20
29 86 28
3 21 38
98 69 83
29 86 81
