12 54 73
23 71 48
3 97 38
8 50 94
91 97 78
91 62 91
8 62 57
95 87 51
48 71 39
75 43 55
8 66 55
63 97 78
8 62 55
3 67 73
78 79 99
29 69 83
98 50 40
41 70 38
28 3 47
12 78 55
73 37 25
91 32 81
11 6 1
12 27 55
29 42 13
98 37 40
26 94 25
3 27 55
17 92 78
39 26 17
92 97 78
18 40 51
3 21 70
59 3 33
73 86 83
7 99 79
57 17 37
22 17 71
12 40 53
26 94 66
12 55 51
35 52 37
33 55 71
94 92 38
12 71 55
95 43 87
50 21 1
18 55 51
92 36 81
73 3 94
21 97 70
98 69 81
3 70 1
3 71 55
75 43 57
59 3 47
18 87 87
74 97 43
73 43 33
8 72 47
12 40 87
57 49 65
22 49 79
63 5 42
75 97 78
35 17 71
78 6 22
28 3 94
14 17 65
14 41 57
17 5 81
23 71 73
92 5 70
48 78 73
59 3 25
5 21 38
3 21 20
59 50 94
59 50 33
7 42 41
35 17 65
26 94 94
22 80 79
12 43 71
83 46 17
14 49 65
73 71 73
7 99 13
8 66 91
34 81 84
75 41 55
28 94 66
21 92 70
29 76 77
57 97 71
34 14 84
48 78 48
29 42 41
73 69 28
11 20 84
73 67 55
87 55 51
34 79 1
7 14 1
14 52 71
74 66 91
91 86 83
39 46 17
63 92 78
23 27 73
63 5 41
41 90 3
5 70 1
50 97 38
59 50 66
83 76 41
33 12 51
95 40 87
35 80 37
7 46 41
23 78 55
29 42 77
83 42 77
50 70 20
12 43 53
8 94 66
39 76 77
74 66 55
73 67 73
15 52 37
50 90 1
91 37 40
74 43 57
34 20 4
95 87 87
35 80 62
48 32 25
35 49 79
26 43 25
18 12 51
8 5 81
95 12 87
3 97 70
74 62 91
3 78 39
7 20 4
75 62 78
12 67 55
12 40 81
73 43 47
23 78 73
91 62 57
26 72 94
39 26 41
3 70 38
22 80 37
59 72 33
17 92 81
22 17 62
41 97 38
74 43 91
92 5 41
74 43 43
87 87 53
87 12 71
95 43 81
3 90 3
73 78 73
89 6 1
29 46 77
83 26 41
11 14 22
39 99 17
17 58 81
34 14 22
15 49 79
91 66 43
7 6 1
73 71 39
75 41 43
22 52 65
39 76 13
74 66 78
33 43 87
87 43 87
73 71 55
8 43 25
22 49 65
48 32 81
73 3 47
12 43 87
3 78 48
95 40 51
21 36 81
15 97 79
50 90 70
34 81 4
33 40 81
78 20 22
12 78 62
98 69 28
28 43 66
29 26 13
57 97 79
3 92 3
8 5 70
93 46 13
15 80 79
73 50 25
35 52 71
15 80 71
89 14 84
21 92 81
7 46 77
57 17 79
91 37 28
41 90 1
11 81 1
78 81 84
23 54 62
63 36 81
41 97 70
18 55 53
7 76 77
23 27 48
35 97 79
73 27 62
73 78 48
5 97 38
57 49 62
12 67 48
8 94 94
48 37 28
3 92 20
15 80 37
7 99 17
89 14 4
17 5 78
22 17 65
26 43 94
5 97 3
12 27 48
3 92 70
29 76 17
11 79 99
63 36 70
12 43 81
7 42 79
93 76 41
57 80 79
91 50 83
87 12 87
83 42 41
14 43 57
87 40 81
14 17 37
7 26 79
8 41 57
7 14 99
39 42 17
73 54 73
15 17 62
92 58 41
28 3 66
93 99 13
75 62 91
33 43 51
59 43 66
73 69 83
3 54 73
28 50 47
12 27 39
8 72 94
29 99 77
78 20 84
95 12 81
15 52 71
14 97 55
74 97 55
39 99 79
7 76 17
14 49 62
23 27 39
17 58 70
75 62 55
33 55 81
83 76 17
8 97 41
18 87 71
75 97 43
48 69 25
29 76 79
14 43 91
14 66 43
23 78 39
18 43 53
7 20 84
18 40 87
22 97 65
33 87 81
12 27 62
91 86 28
14 66 91
48 50 40
34 81 1
91 97 55
91 37 83
78 81 99
35 52 62
63 92 81
35 52 65
5 92 1
29 50 25
8 58 78
3 67 39
63 58 41
39 42 13
50 70 1
28 43 33
35 80 79
73 54 39
14 80 65
57 49 37
8 5 42
29 37 40
15 49 37
26 72 25
8 97 55
11 6 22
98 37 83
8 43 33
12 55 81
23 27 62
7 20 99
98 32 28
57 97 65
73 50 40
33 43 71
28 50 25
18 43 87
50 21 20
41 92 1
14 17 79
18 40 53
7 79 22
22 80 71
91 62 43
17 36 42
59 43 47
73 37 28
3 54 39
91 32 28
26 43 47
14 17 62
17 36 70
17 5 42
92 36 70
93 46 17
12 87 71
89 79 99
33 55 53
48 67 62
98 32 81
12 12 53
93 99 79
28 94 47
89 14 22
41 70 3
50 21 70
15 80 65
91 43 78
98 37 25
92 92 81
22 52 62
93 99 41
28 72 66
14 97 57
95 40 53
48 71 48
3 90 70
26 50 25
17 58 41
78 14 1
91 69 25
94 70 1
41 70 70
50 92 3
12 71 48
73 50 66
95 12 71
57 80 65
39 46 41
93 26 13
41 70 1
26 50 66
28 72 94
48 50 83
3 67 62
83 46 41
22 52 79
92 92 41
98 86 81
23 78 62
11 20 4
73 69 25
8 62 43
15 97 71
28 72 47
73 27 55
39 76 79
35 97 71
50 90 38
73 67 39
63 97 42
14 97 62
73 86 81
34 20 22
18 87 81
59 3 66
73 50 94
87 43 53
17 97 70
18 12 81
5 21 3
73 27 48
59 43 94
28 43 94
91 50 28
35 17 62
22 52 71
78 14 99
91 66 78
91 41 43
92 58 78
57 80 37
73 50 28
75 97 55
28 72 33
73 54 48
39 99 77
15 17 79
63 97 81
98 50 83
14 66 55
8 41 78
63 36 42
8 3 94
29 86 40
93 76 77
50 90 20
73 32 83
94 90 20
91 41 91
11 81 99
91 50 25
57 17 65
14 80 62
48 27 39
83 99 41
11 6 4
21 92 78
14 97 78
22 17 37
23 71 39
48 54 62
39 26 77
5 90 1
3 71 73
14 49 79
59 43 25
48 32 28
74 41 57
91 62 55
73 69 40
5 90 3
35 49 65
73 78 39
41 90 70
78 79 4
26 3 25
8 43 47
8 43 94
29 37 25
23 54 48
48 86 28
91 37 25
23 67 39
92 58 81
3 27 39
39 26 13
78 14 4
83 99 13
93 42 77
12 43 51
48 37 81
29 86 28
29 42 17
73 69 81
41 97 1
17 36 41
92 5 42
18 87 51
75 66 43
92 36 42
12 71 62
94 90 1
3 90 1
48 69 28
95 43 53
98 32 25
50 92 38
18 43 51
63 97 70
59 50 25
74 62 43
12 55 53
73 37 83
14 97 71
98 50 81
3 71 39
8 97 43
39 26 79
28 72 25
14 80 71
73 3 33
94 70 38
95 40 81
59 72 66
12 71 39
74 62 55
8 43 57
41 21 38
8 41 43
17 5 70
35 17 37
15 52 62
59 94 94
18 43 71
73 37 40
50 21 3
33 55 51
94 97 38
21 97 81
7 79 99
15 17 37
95 12 51
73 50 81
35 97 65
92 97 81
14 41 78
87 43 71
33 12 71
8 58 42
48 67 39
17 36 81
83 26 17
59 3 94
63 92 70
41 90 20
73 94 66
28 50 33
94 97 3
48 69 40
26 72 47
73 71 48
89 20 4
8 94 25
29 32 40
92 58 42
91 97 43
8 92 41
83 76 79
93 76 79
73 37 81
8 36 41
12 87 81
7 14 22
91 50 40
12 78 48
48 69 81
73 72 94
29 99 17
50 97 3
59 94 25
8 92 78
57 17 62
91 97 91
15 97 65
78 6 99
57 80 62
83 46 79
35 80 71
3 21 1
12 54 48
5 90 70
7 81 1
73 72 33
3 27 48
3 27 73
63 5 70
78 79 84
18 12 53
93 42 79
7 20 22
93 26 17
50 97 20
29 26 41
8 58 81
22 49 62
91 37 81
91 43 43
5 92 3
26 43 33
73 32 25
93 42 41
57 97 62
87 87 51
48 86 83
11 14 99
21 36 78
26 43 66
17 97 78
63 58 42
74 43 78
29 69 28
48 37 83
8 5 78
3 27 62
8 3 66
83 76 13
14 17 71
3 90 38
41 92 3
93 99 77
39 46 13
50 92 20
41 21 70
33 40 71
48 27 73
78 20 1
3 54 48
91 41 55
14 66 57
14 97 79
33 40 51
91 43 57
94 97 70
39 76 17
12 87 87
48 67 73
11 79 1
74 97 78
92 58 70
59 94 66
8 36 42
3 78 55
73 32 40
23 67 48
95 55 53
17 36 78
14 52 62
73 27 39
29 76 13
78 81 22
8 43 78
8 36 81
78 20 99
95 87 53
21 58 81
48 54 39
11 81 22
91 86 81
8 3 33
17 5 41
48 37 40
23 71 55
29 99 13
11 20 99
75 97 91
3 54 55
57 52 65
21 36 41
50 92 1
7 81 99
39 46 79
17 58 78
23 67 73
3 70 3
98 86 28
93 26 79
8 92 42
12 67 39
22 97 37
21 5 70
94 92 3
94 92 70
91 43 91
29 99 79
11 14 4
21 92 41
73 67 48
17 97 41
8 50 33
89 79 1
83 26 13
8 72 33
94 70 20
7 42 13
74 97 57
87 40 87
7 76 79
93 76 17
5 92 20
8 92 70
3 90 20
95 12 53
12 40 71
26 50 33
48 78 55
73 50 33
78 14 84
29 32 83
98 86 25
8 94 33
98 69 40
39 99 13
12 12 81
26 94 47
8 41 91
73 32 28
92 36 41
18 55 87
94 21 38
15 49 62
14 43 43
34 6 1
83 76 77
74 41 43
5 90 38
7 42 77
34 79 22
12 87 51
48 86 40
11 79 22
7 81 22
50 70 70
78 6 4
22 17 79
93 76 13
63 92 42
8 41 55
12 78 73
74 43 55
34 20 1
15 17 71
89 81 22
73 67 62
8 58 70
8 3 25
21 92 42
22 97 79
21 5 81
21 5 42
15 49 65
34 6 4
8 66 43
12 27 73
15 97 37
92 5 78
3 67 48
7 14 84
5 92 38
34 14 1
78 20 4
93 42 17
91 41 78
8 43 91
8 66 57
29 37 83
89 6 4
74 62 78
3 54 62
57 49 79
73 3 25
48 54 48
11 20 22
21 97 41
73 50 83
34 14 4
73 43 66
21 36 42
28 3 33
73 94 33
23 67 62
48 78 39
29 86 81
91 69 81
15 49 71
28 50 94
57 97 37
83 42 13
95 55 81
3 97 3
7 26 77
21 58 41
94 90 38
59 50 47
73 50 47
73 43 94
57 52 71
22 97 62
89 20 99
7 79 1
98 86 40
28 94 33
5 70 70
87 40 51
83 99 79
73 54 55
94 90 3
29 37 28
50 97 70
48 71 62
21 5 41
12 12 71
5 97 1
12 54 39
35 97 37
91 66 91
92 97 41
87 87 71
14 62 43
95 55 87
26 72 33
5 70 20
7 20 1
93 46 41
75 43 78
28 43 47
18 40 81
14 43 55
94 92 1
23 27 55
39 99 41
3 78 62
33 43 53
11 14 1
95 87 81
94 21 70
29 86 83
48 27 48
41 97 20
89 20 1
94 97 1
74 62 57
29 32 25
75 66 55
29 50 28
8 92 81
34 81 22
73 3 66
75 97 57
91 50 81
50 90 3
63 97 41
48 54 55
63 36 78
92 92 78
73 32 81
57 52 62
26 50 47
89 81 1
89 6 99
12 55 87
7 26 41
41 92 20
28 50 66
91 66 57
78 81 4
12 67 73
3 97 1
75 66 91
48 86 81
78 81 1
8 97 91
11 20 1
74 41 78
48 32 83
14 97 91
98 69 83
59 72 47
18 87 53
74 41 91
17 92 42
78 14 22
15 80 62
57 17 71
7 79 84
73 72 66
12 54 55
33 43 81
5 21 20
11 6 84
33 40 87
29 37 81
94 70 3
8 97 57
89 79 84
41 92 70
3 92 1
14 80 37
34 20 99
91 41 57
48 37 25
95 43 51
17 97 42
17 92 41
29 46 17
7 42 17
95 55 51
23 71 62
14 66 78
3 78 73
74 66 57
91 43 55
73 54 62
93 42 13
29 26 77
23 54 39
48 50 81
12 67 62
29 86 25
12 40 51
87 12 51
95 87 71
5 97 70
26 94 33
63 58 81
14 62 78
87 55 87
91 86 25
11 79 4
48 50 28
98 37 81
87 87 87
98 69 25
63 5 81
89 14 99
23 67 55
59 72 94
29 32 28
95 40 71
87 55 53
63 36 41
87 12 53
34 6 99
63 58 70
26 3 94
91 69 28
34 14 99
3 92 38
33 12 81
63 5 78
33 87 51
33 87 87
18 55 71
7 99 77
73 86 40
18 43 81
91 32 83
91 62 78
75 62 43
83 46 77
59 43 33
23 54 73
3 21 38
57 80 71
83 99 17
48 32 40
29 46 79
73 72 25
83 99 77
5 70 3
14 41 55
87 55 71
94 21 3
74 41 55
48 54 73
98 32 40
18 12 87
21 36 70
7 14 4
8 36 70
7 79 4
8 66 78
98 50 25
8 62 91
17 97 81
75 41 91
18 55 81
