14 66 43
39 42 77
92 36 41
12 67 48
57 80 79
21 5 81
35 49 65
5 92 1
39 46 41
73 71 48
18 87 71
33 43 87
29 86 40
12 87 51
7 79 22
78 14 99
11 79 84
94 21 20
91 66 57
89 79 4
91 41 91
26 94 33
1 98 50
34 20 99
98 69 40
26 72 66
39 46 13
73 43 66
59 50 66
35 97 62
91 69 83
94 90 38
98 37 83
15 80 71
12 54 62
21 36 81
33 40 51
28 3 66
92 5 41
14 52 65
73 54 55
8 66 91
33 43 71
73 54 62
12 54 48
58 71 16
28 50 25
93 76 13
20 56 56
57 49 65
74 41 78
12 55 87
8 41 55
33 25 43
8 58 41
73 27 55
34 80 45
98 86 28
83 76 17
12 78 62
29 32 83
39 76 13
87 40 51
73 3 47
3 69 68
5 92 20
63 97 81
73 71 39
29 76 41
73 78 48
39 99 77
26 43 66
23 27 62
91 41 57
96 91 69
94 28 74
11 14 84
59 94 25
55 92 73
57 52 71
64 83 95
14 41 55
7 76 79
34 79 1
16 79 58
57 52 79
80 57 14
41 97 38
12 67 62
8 78 80
48 69 25
63 97 78
87 12 71
78 6 4
35 49 37
17 36 42
8 3 33
5 97 38
3 27 39
78 14 4
37 27 10
28 3 33
26 50 47
75 66 55
41 70 1
14 97 91
63 97 42
35 49 71
29 50 83
71 49 66
6 73 45
3 92 1
50 21 38
59 50 47
39 99 79
98 32 81
8 62 91
13 22 67
89 20 84
73 43 47
41 76 58
91 86 83
6 23 99
73 78 73
3 27 55
38 15 62
5 92 70
66 46 48
85 17 41
18 12 81
12 23 22
50 97 1
7 99 41
8 8 41
42 18 47
42 44 19
73 27 39
73 37 83
77 5 5
87 21 91
91 37 25
56 31 14
82 14 71
4 48 25
12 55 81
4 68 65
19 73 49
7 99 77
87 91 94
63 58 41
83 26 17
37 47 53
63 36 78
39 26 17
23 27 48
75 90 34
12 71 39
3 92 3
14 52 37
45 76 86
26 72 94
93 46 17
76 41 4
8 72 33
22 97 79
89 55 77
32 99 98
70 67 83
43 77 83
63 75 9
3 92 20
73 54 73
47 55 83
14 52 62
7 76 77
70 71 43
7 39 80
74 66 55
57 22 52
23 14 9
65 47 22
91 62 91
21 36 42
3 72 21
26 72 47
26 73 55
62 68 27
96 47 28
14 19 15
73 67 73
92 5 81
22 48 32
74 66 57
26 72 33
39 32 66
77 7 69
59 86 61
69 17 54
75 97 91
12 7 84
42 31 74
14 17 71
15 44 56
74 78 94
91 97 91
34 6 99
0 64 21
15 49 62
91 69 81
72 10 62
34 81 1
35 17 37
95 19 7
36 16 29
14 49 62
1 49 18
38 76 94
83 3 41
11 79 4
63 56 14
48 32 83
91 66 91
79 46 74
55 91 85
72 39 61
55 1 34
8 66 57
2 9 73
15 20 26
2 84 14
26 50 33
11 49 59
38 2 93
51 88 52
34 53 74
79 45 74
56 48 58
91 62 78
24 37 92
19 82 54
75 62 55
32 9 1
2 95 65
35 32 24
99 42 69
89 39 95
14 41 57
74 97 78
43 41 88
18 12 53
80 6 40
35 78 70
50 43 45
49 0 89
70 14 33
73 37 28
56 44 6
29 37 81
21 97 78
47 28 75
41 30 82
44 76 55
56 53 35
17 57 37
8 97 91
69 42 67
8 5 41
17 92 78
73 69 83
34 81 22
76 19 79
43 98 83
26 73 54
33 51 57
70 88 28
33 12 71
33 6 40
26 40 59
39 24 77
46 94 39
21 96 9
81 60 8
50 16 80
6 89 5
85 52 64
89 30 90
2 33 60
33 89 17
76 72 87
23 67 39
59 2 64
22 17 37
89 81 22
93 76 41
95 50 87
10 51 77
81 29 75
33 72 81
88 97 93
74 41 91
72 89 72
61 83 10
73 50 28
33 39 48
5 50 14
55 21 67
13 79 13
73 54 39
3 78 62
93 46 13
41 97 20
91 97 57
93 26 79
26 17 27
64 5 62
52 93 81
57 50 75
36 6 6
93 0 93
5 70 38
5 29 56
87 36 27
42 27 69
19 7 74
9 98 91
14 43 91
23 78 39
90 47 63
39 48 52
59 29 85
21 54 40
8 43 91
22 52 65
81 63 49
37 29 84
9 8 31
8 92 42
21 92 78
15 18 35
22 75 64
32 77 54
91 32 72
16 74 54
74 66 43
15 69 3
51 75 37
39 99 41
75 78 39
83 46 79
89 6 84
57 98 28
8 94 25
78 86 67
68 78 79
32 20 53
39 13 92
61 78 36
77 61 77
24 74 41
53 47 78
17 97 81
3 68 11
73 67 48
7 79 99
69 10 26
81 47 48
26 31 8
70 11 8
22 15 81
84 60 79
46 59 99
15 47 47
53 22 48
26 72 25
89 94 3
95 43 87
10 12 34
52 80 76
51 82 50
95 40 53
98 50 25
24 31 89
76 0 51
85 50 10
4 5 59
54 99 74
26 3 94
75 31 11
25 90 93
73 69 81
35 48 69
83 76 41
42 47 45
87 15 19
29 42 77
29 69 25
92 37 96
48 44 49
44 90 46
45 43 38
28 94 47
73 86 28
5 70 70
8 36 70
92 80 13
8 92 70
58 57 85
71 12 42
73 72 25
93 26 17
17 51 67
83 65 88
61 96 42
44 75 27
82 20 91
29 32 81
94 0 49
27 43 30
19 93 95
30 95 15
42 51 47
55 66 67
59 50 94
83 42 15
47 33 89
21 53 84
61 63 81
20 24 48
53 10 72
73 32 25
6 58 3
95 12 81
4 42 15
12 43 71
96 83 30
47 1 18
36 12 26
5 62 60
59 10 61
31 71 11
11 59 22
90 83 37
11 79 22
36 95 89
20 55 94
8 13 1
9 28 13
5 92 3
95 55 87
54 74 22
60 11 39
81 16 53
19 25 70
37 3 62
99 37 72
60 52 51
86 55 60
85 54 61
61 80 32
18 69 47
14 47 52
70 37 54
45 20 62
8 33 62
54 28 44
9 72 67
37 52 53
37 83 40
42 10 93
55 36 79
92 91 13
89 79 84
35 7 7
36 57 69
48 23 25
55 36 0
34 21 8
63 58 81
29 18 70
59 43 94
28 34 49
67 62 57
32 90 66
57 81 24
19 56 73
31 28 39
91 57 70
86 55 17
25 0 76
58 82 51
3 14 49
59 51 62
41 90 70
14 49 65
17 1 59
63 88 72
73 94 47
24 50 17
28 50 66
71 71 79
90 23 6
85 94 62
18 1 10
96 99 73
87 87 53
77 61 97
82 98 8
39 26 13
71 37 46
71 0 7
63 58 42
95 74 28
74 83 10
29 46 13
0 55 4
97 94 97
40 53 45
71 61 74
71 1 28
82 3 44
89 3 28
54 92 12
6 22 48
63 15 63
21 58 78
19 71 35
3 80 34
17 67 2
19 83 40
61 73 76
23 68 23
25 97 65
22 64 87
17 36 41
2 44 3
43 56 84
47 96 52
47 63 67
57 80 65
29 32 28
14 97 37
50 90 1
5 70 20
76 87 15
11 92 22
82 72 98
45 66 27
25 67 74
36 48 85
29 35 18
88 65 2
1 13 69
3 78 55
58 74 40
8 43 78
85 5 48
48 50 25
80 68 48
85 65 47
24 75 51
31 69 38
40 83 70
28 80 62
48 32 25
34 6 4
33 0 51
0 43 24
58 45 68
21 5 42
66 36 4
21 89 13
46 33 17
8 22 6
7 78 94
70 91 91
11 81 84
62 9 1
44 79 4
83 26 41
85 62 62
97 34 1
83 65 51
14 62 61
73 50 81
23 88 91
50 21 70
82 32 51
20 14 49
48 91 82
94 99 36
33 3 15
20 4 8
34 96 11
92 66 92
73 53 28
76 51 78
56 11 28
37 43 48
8 43 66
43 7 81
33 12 53
72 64 34
12 78 48
5 16 68
53 70 0
32 76 13
39 10 54
20 21 19
43 51 7
1 89 15
65 23 62
2 14 86
34 81 4
50 57 45
61 36 2
98 32 28
49 13 77
66 50 35
48 64 62
99 36 83
33 27 79
95 92 34
60 6 42
78 81 4
81 33 95
22 63 48
31 90 93
69 91 22
80 0 40
88 75 23
68 67 0
23 78 83
23 0 97
88 29 65
33 38 44
62 50 81
71 86 99
80 85 53
43 11 23
0 18 44
28 79 92
89 41 84
84 95 73
57 42 9
57 34 66
12 54 55
41 15 87
40 16 76
61 52 67
89 13 62
50 2 14
51 24 50
39 46 77
62 18 56
73 67 77
43 59 94
88 88 73
75 58 95
69 93 30
74 17 97
18 72 25
95 59 80
11 20 4
14 58 50
23 16 0
15 90 92
90 98 85
43 55 16
90 91 2
18 98 74
10 63 46
99 66 27
49 79 29
41 92 70
86 12 76
58 35 5
73 21 44
8 97 81
93 56 49
85 57 57
1 22 90
76 43 8
57 56 49
73 86 25
57 52 43
75 99 25
57 7 66
39 76 77
4 9 1
47 11 47
58 54 21
62 44 33
99 84 51
57 97 37
92 97 70
29 32 25
87 6 44
40 7 54
36 59 69
88 95 97
94 19 91
3 70 3
0 14 75
28 24 32
91 37 81
50 37 50
0 93 41
35 70 50
35 80 97
78 14 1
87 30 74
74 97 91
98 38 66
74 97 55
12 55 53
67 93 61
46 87 42
6 50 34
89 35 81
35 49 79
46 50 10
48 54 62
57 17 65
74 95 21
87 59 16
7 6 84
33 73 87
67 7 31
17 58 42
53 18 52
62 91 17
87 46 14
5 62 54
15 3 6
78 67 35
81 27 8
87 14 43
97 49 46
33 59 2
42 35 83
61 82 95
72 22 73
62 67 44
93 99 79
44 75 30
11 10 96
52 98 72
39 76 33
66 39 54
84 3 96
31 9 19
59 3 47
63 9 0
44 65 63
91 35 12
9 12 75
38 34 5
65 18 75
20 84 0
1 94 36
23 26 10
33 12 81
31 2 53
34 9 65
79 44 95
39 56 61
41 68 55
98 14 42
15 80 65
16 80 31
36 70 98
43 72 52
32 98 89
18 40 51
19 58 99
2 37 72
73 16 23
17 19 46
57 0 6
95 81 94
61 56 33
13 20 50
3 19 63
19 92 63
1 35 50
3 90 20
12 71 55
94 61 88
17 14 66
90 84 90
52 10 49
92 26 8
22 74 13
35 97 37
67 96 52
33 92 86
32 59 37
12 24 59
93 43 77
16 42 44
91 65 60
64 54 63
67 85 80
46 30 82
73 50 94
21 89 43
91 43 78
10 33 76
92 78 80
7 0 58
89 79 22
18 27 98
73 78 39
22 97 62
85 28 32
8 36 78
73 67 62
22 49 37
49 19 50
3 40 60
64 45 54
65 10 56
73 32 40
2 22 19
14 64 42
16 69 62
91 86 40
1 81 14
18 68 13
74 62 91
99 2 22
79 48 50
61 89 59
12 57 2
78 36 72
7 46 36
86 58 81
68 88 95
53 60 37
60 89 90
77 34 99
50 21 3
87 70 16
49 90 41
16 46 5
22 92 47
99 37 18
95 43 81
0 51 58
68 60 47
69 43 54
71 88 83
58 89 16
74 99 56
32 91 26
66 77 31
30 99 4
12 68 74
32 92 98
31 94 19
3 13 50
22 20 47
79 4 39
23 54 39
46 32 35
59 10 50
65 60 88
13 29 35
52 80 82
6 80 54
30 31 98
63 36 81
37 43 25
73 60 22
66 20 14
58 93 48
86 40 76
78 36 16
94 84 38
36 61 29
95 34 87
32 4 17
30 97 97
94 42 92
57 74 74
39 88 86
54 18 76
67 36 88
81 13 27
71 24 54
12 81 2
13 76 27
43 29 87
48 69 28
0 80 89
15 97 91
46 36 92
22 39 76
89 7 3
22 89 28
15 37 37
29 26 41
41 33 84
28 16 93
73 96 84
73 77 21
48 6 50
52 21 93
46 37 72
63 97 41
25 35 67
47 23 8
79 45 39
68 49 27
21 58 36
6 6 21
80 56 12
39 34 26
32 20 25
90 94 65
41 64 94
85 51 37
1 42 51
43 97 17
65 74 82
2 69 24
55 71 9
72 32 9
9 27 37
56 96 55
5 21 70
33 90 85
93 35 92
70 27 20
62 98 47
11 14 99
14 52 71
56 11 6
84 47 80
90 52 69
50 94 19
29 87 24
12 43 53
54 79 56
47 90 62
22 73 86
92 18 44
1 67 83
38 81 95
35 49 62
18 7 10
20 58 92
60 99 99
82 98 79
98 69 81
98 87 41
46 58 93
44 32 64
75 66 91
20 9 81
73 69 25
46 48 71
3 53 14
33 82 50
97 64 66
49 93 6
71 79 79
99 7 56
9 2 44
15 84 74
25 41 52
12 80 41
4 45 46
38 24 88
70 38 41
24 95 59
77 80 18
6 87 21
53 49 98
30 16 30
44 71 27
55 31 56
91 97 55
29 86 28
73 75 83
34 23 18
29 32 41
69 57 18
56 35 84
25 21 10
81 60 72
79 89 93
12 92 86
50 41 23
0 71 94
82 16 28
37 7 41
75 95 0
93 19 22
53 53 27
