63 97 42
91 62 43
30 23 80
7 42 79
29 42 77
73 7 32
39 38 63
52 33 61
53 56 66
29 68 59
3 92 20
8 58 81
28 50 25
40 55 16
85 34 37
42 43 29
27 34 41
57 49 71
75 62 55
5 70 1
93 14 93
49 29 91
38 46 58
53 54 97
1 94 69
5 24 59
65 50 91
60 92 74
74 41 78
3 92 1
53 6 61
12 56 41
43 84 65
94 83 80
89 40 66
96 71 67
2 32 61
54 76 7
48 27 56
48 71 55
8 66 57
17 86 44
96 96 73
65 64 12
9 21 52
31 51 97
74 62 57
61 31 21
78 1 83
15 78 35
82 3 70
68 22 90
59 43 66
98 74 97
29 99 13
86 83 69
61 38 27
2 34 23
86 12 44
70 73 73
94 72 64
51 72 95
76 0 8
19 77 65
96 53 48
8 86 16
47 6 30
33 39 19
8 97 55
83 40 25
2 90 82
13 8 90
51 84 6
48 5 21
66 96 86
27 22 72
74 8 24
5 92 70
13 11 79
92 58 70
42 42 4
96 52 73
23 35 77
51 74 85
93 99 79
4 16 74
27 62 17
59 37 91
73 14 24
71 22 23
90 78 31
11 19 66
42 35 99
17 7 49
47 24 81
69 12 69
78 96 38
76 5 86
16 40 74
26 43 25
85 56 17
90 54 77
35 71 60
31 52 69
24 82 91
7 95 58
8 97 70
28 3 25
6 13 20
56 0 70
69 83 69
5 21 20
3 97 70
46 16 40
82 67 86
68 85 32
10 68 65
14 10 27
59 70 65
23 27 48
10 70 56
48 68 64
41 40 82
58 68 5
59 49 48
96 67 79
1 61 24
30 14 81
82 99 84
54 87 3
87 68 3
65 12 40
76 49 86
42 94 62
79 46 18
91 95 73
19 23 38
97 16 12
51 37 46
20 86 61
78 15 42
89 95 4
31 97 72
65 33 63
49 11 28
64 92 72
53 46 43
93 50 63
8 93 36
32 41 82
43 87 32
61 6 80
11 26 96
26 29 56
18 90 95
53 19 48
83 78 62
56 22 56
82 17 30
5 90 38
61 95 53
66 83 93
15 91 66
52 64 95
27 17 22
24 44 25
55 70 17
38 86 77
13 66 60
86 84 99
63 30 89
50 97 20
89 47 15
57 4 54
19 83 20
20 93 53
95 99 56
57 22 30
12 17 77
73 92 54
1 90 82
46 27 77
21 62 91
33 55 50
13 71 85
98 96 5
56 68 94
22 80 71
52 90 83
83 42 53
39 76 79
2 21 29
95 56 54
11 74 74
41 2 81
48 27 73
47 71 74
38 58 38
98 51 93
15 26 30
65 39 28
16 74 40
35 65 71
30 54 64
91 50 9
90 94 28
46 33 17
25 67 38
83 46 41
29 61 2
49 60 9
66 70 14
34 66 83
98 38 21
25 70 57
97 47 38
11 14 84
27 89 18
96 12 81
34 57 51
33 51 45
7 81 84
87 65 91
72 28 93
62 73 61
58 22 28
45 65 39
41 18 73
18 98 32
98 11 88
15 84 42
34 33 41
60 34 94
26 94 47
43 84 31
84 20 87
80 6 42
52 91 66
68 26 82
4 30 8
86 74 2
33 66 24
26 75 90
11 62 20
51 14 59
68 30 55
29 99 17
87 40 71
0 90 48
84 18 43
59 8 96
29 46 9
44 97 1
71 35 70
43 59 78
50 68 54
9 18 61
44 24 83
37 32 9
87 63 79
16 96 85
43 44 24
59 50 98
8 50 47
33 56 4
15 77 86
66 28 33
45 49 99
81 17 12
83 76 17
37 36 68
32 19 33
20 63 93
78 56 56
13 97 47
66 43 5
97 77 50
78 91 92
90 12 4
73 65 75
30 26 92
65 31 23
23 4 75
21 68 87
66 38 36
45 5 96
65 30 41
26 36 77
18 43 18
71 80 58
76 13 28
42 7 2
62 58 57
41 56 24
8 39 19
92 45 77
25 97 3
78 95 13
4 12 33
52 33 5
10 74 59
98 40 5
41 97 20
54 57 1
10 17 11
89 18 81
8 98 59
3 96 72
76 29 31
60 73 24
68 63 27
20 92 52
69 55 86
42 92 19
93 73 62
93 99 70
2 4 71
63 72 77
84 63 19
72 71 9
46 82 25
61 2 17
27 50 89
22 48 23
30 10 94
98 53 63
29 78 76
34 12 57
80 9 9
81 11 14
33 39 60
74 5 81
60 18 24
63 35 50
20 16 77
92 58 41
5 64 54
53 48 41
90 5 36
48 41 28
97 24 35
48 67 48
34 77 23
33 27 47
38 76 89
23 96 64
40 88 43
59 32 0
14 41 22
8 96 5
69 90 48
49 9 83
10 66 14
31 53 26
18 39 19
64 23 70
78 1 97
12 1 3
15 15 89
77 31 66
62 13 1
63 75 68
40 47 95
62 42 27
17 70 39
5 72 73
13 27 12
96 73 59
66 48 34
59 18 29
78 20 22
59 83 22
87 90 69
4 51 59
26 13 41
54 0 98
79 74 67
95 12 87
45 1 41
4 66 83
53 67 52
71 4 96
41 69 56
11 79 79
75 50 52
83 2 96
28 18 50
19 69 81
44 21 5
95 72 74
64 30 71
26 31 78
87 24 13
34 77 27
91 67 11
76 79 69
7 13 68
95 60 98
78 89 80
34 81 22
77 72 44
19 11 28
50 40 62
94 27 45
12 77 42
57 89 72
73 44 53
51 41 87
97 18 11
80 31 60
91 57 2
80 89 54
74 82 52
81 48 33
32 84 86
93 44 15
81 42 23
47 79 21
71 57 68
15 95 90
77 91 7
42 52 59
25 2 63
93 1 51
58 28 4
79 91 52
61 75 76
91 64 68
37 29 89
65 31 19
24 11 10
55 44 28
15 69 58
93 46 25
4 8 97
6 78 91
63 65 77
31 42 32
77 73 59
50 28 10
45 97 28
43 34 98
62 47 64
82 5 53
77 75 44
56 23 55
11 20 22
69 49 67
91 31 0
58 46 6
15 32 45
39 57 55
26 96 12
81 37 90
16 37 47
58 92 16
5 21 1
7 47 24
1 77 51
17 74 71
87 80 34
96 85 30
86 50 51
67 9 47
85 87 53
33 75 40
99 91 31
23 66 62
56 4 11
26 20 22
0 96 96
45 98 69
10 86 90
27 32 79
54 74 37
4 37 29
55 82 47
94 62 84
34 61 65
12 11 78
68 55 93
12 90 8
99 95 84
9 0 94
10 87 38
62 63 37
77 82 59
43 71 12
56 37 28
45 72 14
5 55 20
17 23 2
46 6 58
21 58 24
33 16 66
27 63 2
33 47 82
58 89 4
65 65 31
70 4 92
2 23 78
52 14 56
14 11 30
59 50 33
19 66 96
62 86 11
70 4 17
86 96 26
10 10 61
96 25 38
63 98 1
11 34 42
74 66 43
55 40 55
79 66 4
59 5 75
68 39 3
76 41 81
10 67 3
57 36 65
65 47 84
99 27 15
12 93 64
7 0 78
29 49 26
10 83 46
51 44 92
18 5 37
10 56 13
99 21 7
36 78 1
95 96 78
70 63 60
36 49 46
54 35 81
20 23 82
77 46 3
10 59 74
8 99 11
68 77 57
56 27 81
81 5 73
90 89 0
18 30 97
30 59 15
80 37 76
76 38 32
71 47 19
36 60 35
38 52 47
70 44 88
55 2 7
25 88 45
48 32 88
52 42 35
62 26 12
75 43 78
10 64 79
8 32 26
94 20 46
99 56 88
14 6 23
56 15 52
78 90 38
77 62 39
29 16 10
74 19 42
33 9 16
11 78 22
55 67 97
10 88 49
73 94 25
99 4 17
53 10 81
29 42 17
50 70 3
18 88 76
20 66 43
59 24 9
48 42 38
43 37 35
18 55 87
8 51 22
18 59 97
76 2 20
32 51 88
48 44 15
31 99 86
6 9 51
36 58 49
81 4 83
92 54 24
40 28 30
94 53 86
66 21 15
96 15 51
78 77 12
70 34 71
15 78 79
33 61 82
73 69 25
79 44 41
73 50 94
59 37 50
87 89 84
38 68 2
39 57 39
49 66 63
49 26 51
77 57 11
76 94 50
87 59 41
20 44 87
20 61 12
37 1 94
28 43 94
94 52 76
27 17 30
23 67 73
72 32 13
72 72 48
78 79 91
74 77 93
87 22 52
4 54 48
23 88 16
16 53 52
28 7 46
28 80 37
99 8 10
34 49 78
72 14 40
12 51 19
41 30 58
21 57 55
9 77 47
91 8 42
74 72 16
88 70 32
44 25 37
75 17 91
85 71 23
66 48 26
76 35 2
22 33 18
14 69 45
14 63 68
23 55 77
25 32 29
73 52 78
43 15 70
73 85 73
44 23 31
11 64 87
35 97 52
19 76 73
28 0 40
81 96 5
23 51 7
22 44 56
68 3 7
87 24 17
33 66 85
85 71 67
28 58 29
20 52 4
81 39 28
55 82 42
91 28 40
45 11 51
52 54 97
68 23 32
39 42 17
58 79 53
12 89 30
32 87 32
78 38 5
8 69 41
86 69 43
49 51 36
63 36 4
19 98 56
36 19 94
63 16 93
68 78 74
1 43 56
55 91 37
18 32 32
77 65 88
6 27 44
94 93 33
43 58 19
98 30 13
46 79 99
31 23 43
46 40 31
23 8 2
99 73 8
57 93 48
88 66 2
82 24 24
45 51 16
23 22 91
88 97 38
2 35 79
11 20 94
21 20 69
22 76 49
73 21 11
7 80 56
17 55 41
25 90 15
50 71 67
19 12 61
71 77 36
79 12 48
84 66 44
13 49 89
20 71 5
84 76 75
82 35 55
86 55 53
61 19 78
76 8 64
83 77 51
53 7 85
15 86 42
54 72 44
47 91 5
65 46 95
19 46 9
19 95 29
42 78 13
3 16 5
4 63 37
91 42 80
53 59 79
62 71 54
88 40 83
83 4 51
61 88 23
12 87 64
6 24 3
31 59 57
27 94 35
28 57 92
45 9 36
67 99 22
58 3 45
18 43 53
64 16 48
0 54 71
4 45 34
69 21 55
6 55 29
48 13 87
16 11 36
88 48 94
94 22 2
99 60 63
54 65 48
15 48 87
11 80 62
10 98 68
99 25 64
3 36 37
3 57 60
7 3 87
35 42 63
62 38 26
31 63 78
33 31 80
86 16 48
33 55 30
33 48 32
7 28 46
52 80 90
90 38 31
16 2 67
75 34 89
74 43 26
61 29 49
12 86 81
37 32 58
85 28 71
50 79 12
28 50 47
97 62 65
44 55 10
52 80 62
1 31 6
78 12 6
91 34 48
37 36 94
36 62 94
91 71 56
50 6 68
24 9 63
70 30 59
76 82 22
44 54 1
5 90 70
55 20 80
77 36 11
65 92 20
77 48 79
23 91 24
6 93 17
76 36 12
80 61 34
6 68 70
70 26 1
34 81 84
69 41 98
79 94 69
94 77 80
68 4 81
81 61 55
47 71 35
77 45 80
77 54 36
23 27 95
45 97 91
35 42 16
85 24 55
54 6 1
50 84 19
0 73 5
76 77 46
35 97 71
18 9 50
32 56 98
39 9 73
7 45 58
61 35 15
56 39 46
49 37 96
15 18 20
71 98 17
85 29 34
42 86 68
44 31 82
68 78 59
91 85 2
46 51 60
29 18 80
28 90 75
92 58 78
26 44 57
7 14 4
33 39 67
53 52 11
78 26 57
95 62 97
76 84 27
12 15 21
5 83 5
17 9 83
1 33 6
55 82 23
35 56 50
50 3 25
78 28 14
16 21 82
43 37 45
73 9 4
35 52 62
22 18 51
64 90 11
59 58 32
91 66 78
91 19 92
37 65 18
35 97 62
73 8 16
65 13 53
27 84 55
33 92 51
67 83 50
9 3 31
16 9 62
55 55 22
79 26 42
1 23 3
49 99 75
6 93 61
7 84 50
97 7 49
65 98 89
72 45 61
19 76 56
74 80 89
90 4 16
25 43 58
38 85 60
11 7 16
98 88 45
1 39 69
1 70 15
55 88 86
82 66 49
99 75 83
12 32 38
6 21 81
37 57 90
24 42 72
59 53 81
17 48 40
90 46 38
91 86 25
11 9 75
24 18 41
91 64 48
43 68 49
81 86 8
92 31 77
70 55 71
97 82 83
44 72 63
66 63 33
74 50 72
98 63 39
60 8 78
95 55 81
8 10 60
57 36 22
27 96 0
45 48 31
55 59 98
24 49 62
89 92 82
71 30 71
54 30 58
15 32 29
78 56 91
25 52 94
23 31 39
18 13 80
33 18 7
3 69 84
96 21 44
71 96 73
24 24 25
7 79 4
94 23 42
48 4 19
24 70 42
16 68 43
86 31 63
26 51 58
88 67 99
93 92 59
88 92 60
40 6 81
42 13 46
76 35 55
73 72 25
52 95 55
83 99 5
61 15 85
34 79 4
56 56 69
52 50 74
75 70 65
63 43 21
16 42 49
56 90 31
82 38 84
67 58 16
97 56 93
78 6 22
39 58 33
68 64 53
11 66 74
2 28 66
73 32 25
9 24 28
96 81 23
58 72 54
51 20 73
18 19 40
93 59 56
35 17 65
37 20 76
46 88 4
2 2 90
70 98 47
49 9 16
26 7 19
91 55 92
74 24 31
68 8 73
30 34 34
25 69 67
39 68 39
18 44 12
62 19 19
23 62 31
1 82 96
48 16 41
