63 97 41
74 97 55
59 3 66
35 17 71
8 43 66
95 87 51
41 21 1
14 41 57
91 97 57
73 71 48
78 81 99
3 67 73
93 42 77
12 40 71
57 80 37
92 92 78
28 3 94
57 17 79
39 99 79
29 42 77
29 99 77
3 97 3
22 52 79
26 3 47
29 26 79
33 87 87
22 52 65
26 50 47
15 80 65
91 37 28
91 50 28
63 58 41
41 97 3
39 99 17
41 70 20
91 86 83
73 50 28
73 86 83
29 37 28
48 32 81
50 70 20
29 99 13
11 20 99
83 42 13
12 12 87
23 67 55
29 69 40
92 58 70
83 42 41
8 43 78
12 67 55
18 43 87
48 54 73
7 26 41
8 92 41
15 97 79
7 99 13
95 87 71
94 92 38
23 71 55
78 81 22
15 17 71
91 66 78
29 37 25
92 92 81
29 42 17
48 27 62
91 69 40
15 49 79
26 43 33
63 97 81
26 94 66
94 90 38
23 67 48
3 54 48
3 92 70
91 32 25
23 54 48
3 90 70
3 90 20
15 49 71
7 14 4
48 78 39
8 58 42
7 14 84
21 5 41
11 81 1
21 92 70
12 12 53
83 26 41
15 52 79
34 79 22
93 99 41
78 20 1
23 67 73
39 46 77
59 94 47
98 69 25
50 97 1
95 43 87
15 17 79
22 17 71
98 50 40
78 6 84
59 3 25
41 97 20
91 37 25
92 36 78
12 71 48
11 6 4
14 49 37
83 26 77
87 43 87
75 43 91
83 76 17
91 97 91
91 43 43
35 49 71
75 62 78
87 43 51
8 3 66
8 50 66
75 41 57
29 86 40
22 80 37
59 43 66
5 70 70
11 81 22
11 20 1
39 26 41
98 32 81
29 32 25
94 90 20
92 5 41
22 80 71
75 97 91
41 90 3
94 21 3
33 12 81
18 12 87
34 6 84
22 17 65
73 43 25
5 70 20
41 70 3
15 80 37
8 58 70
7 26 17
15 97 62
91 62 91
33 43 87
73 86 40
73 78 39
98 86 25
3 21 1
63 5 78
14 49 79
12 27 55
87 87 87
75 62 57
14 41 55
7 42 79
41 92 70
17 5 42
91 41 55
8 43 43
21 5 81
8 92 81
87 87 53
18 87 71
3 21 20
5 21 3
34 81 4
26 94 25
21 58 81
11 6 22
35 49 79
50 21 38
12 54 39
78 14 22
63 92 81
50 70 3
41 90 70
18 43 71
73 32 40
87 55 87
75 43 43
33 12 53
73 3 66
34 20 99
15 52 62
26 94 47
98 69 28
73 69 81
23 67 39
59 94 33
29 46 79
8 97 55
8 72 47
89 14 1
98 69 40
8 43 55
23 54 62
48 54 62
5 90 20
8 72 25
21 58 41
50 92 20
50 92 70
92 97 81
59 50 94
29 37 40
33 87 51
23 67 62
11 79 84
48 54 48
75 41 91
28 94 25
75 97 78
5 90 38
73 32 25
3 27 39
14 97 79
78 81 1
73 72 33
48 67 39
28 72 66
50 21 3
59 72 47
21 97 42
91 69 28
98 69 81
7 76 17
91 97 78
91 66 55
35 52 62
21 97 81
95 43 51
91 32 28
73 27 73
28 94 66
34 79 99
35 52 37
75 97 43
87 40 53
78 14 1
3 70 20
92 36 81
57 17 71
48 69 28
29 46 17
15 80 62
73 3 94
8 3 47
91 97 43
14 43 78
29 32 28
83 99 13
94 90 1
34 81 84
21 92 42
23 27 39
78 6 99
23 27 48
92 97 70
23 54 55
59 43 47
5 21 70
7 79 84
74 62 55
89 14 4
21 36 41
17 92 41
11 79 4
15 49 65
91 97 55
14 97 62
48 71 62
11 14 22
17 36 42
75 97 57
14 80 65
87 12 51
21 97 78
87 55 53
8 36 78
12 43 87
3 21 38
94 90 70
39 99 13
93 26 77
17 97 41
7 76 77
91 41 57
3 27 73
83 46 41
95 40 51
26 50 33
17 92 70
5 90 70
95 43 53
18 12 71
14 17 65
33 87 53
29 86 25
3 92 38
77 64 3
48 37 81
26 72 47
50 92 1
8 41 55
48 78 48
83 99 77
57 17 37
73 54 48
12 12 71
8 41 43
87 43 81
73 70 22
39 42 13
18 87 81
59 50 47
22 17 79
22 49 79
20 58 63
18 40 51
73 86 25
5 97 1
78 79 22
14 62 55
73 32 83
48 71 73
14 97 57
8 50 94
17 36 78
75 66 55
94 90 3
39 46 17
50 90 38
35 80 37
12 78 39
74 41 78
12 87 53
21 36 78
64 72 37
12 43 51
14 97 78
87 40 71
73 67 73
3 97 1
21 97 41
87 87 71
34 14 4
15 49 37
34 20 22
17 5 41
74 43 78
59 94 66
28 50 47
89 20 84
22 52 71
57 97 65
73 94 66
74 43 43
91 43 55
23 27 73
92 92 42
8 43 47
93 42 17
22 49 71
8 36 42
48 37 40
89 20 4
87 12 87
22 97 65
17 58 42
78 81 4
26 50 94
33 12 71
57 80 71
48 69 25
21 36 81
29 76 17
73 37 28
73 43 94
61 27 52
41 70 70
26 94 33
34 20 4
7 6 4
17 92 78
14 43 57
94 92 1
93 76 17
83 26 79
75 43 55
28 3 66
26 72 25
59 94 94
63 97 70
15 97 65
74 66 78
50 97 38
63 36 81
21 58 78
3 54 39
63 36 78
83 76 79
50 92 3
8 5 70
74 62 43
93 42 79
18 87 51
74 41 57
21 92 81
73 27 62
12 27 39
73 71 55
63 36 42
23 71 73
12 55 51
93 99 17
29 86 81
12 67 48
41 21 3
78 6 4
14 97 71
78 6 22
92 36 42
12 71 73
18 40 53
17 5 81
57 52 71
50 92 38
11 20 4
91 86 25
3 71 55
39 76 79
75 62 91
75 41 78
18 40 87
34 14 99
69 36 1
5 70 3
22 49 37
50 97 70
91 86 40
48 32 25
33 87 71
91 41 91
8 94 94
7 81 4
48 27 48
2 40 10
35 16 31
93 46 79
29 32 83
33 43 53
5 97 3
8 92 70
73 54 62
28 72 47
57 17 62
75 43 57
7 20 84
63 5 42
18 55 71
14 66 91
48 69 83
34 81 22
5 92 38
3 27 48
8 66 43
75 62 43
94 92 3
17 58 41
29 69 83
15 97 71
93 99 13
3 54 73
29 86 28
7 99 41
74 97 78
75 66 57
48 78 62
12 40 87
92 36 41
91 66 57
11 6 1
34 6 99
48 27 73
23 54 73
3 70 1
12 27 48
74 97 43
59 72 25
73 78 62
8 66 55
48 67 48
8 43 25
39 42 41
18 43 53
92 97 41
87 40 51
63 97 42
7 26 77
92 5 70
50 90 70
92 64 47
95 55 51
18 87 53
29 86 83
73 69 25
29 42 79
98 37 25
94 97 38
50 70 38
26 43 94
14 17 71
73 69 28
35 49 62
93 46 17
85 17 16
48 86 25
4 12 26
29 42 41
21 97 70
46 35 11
98 32 25
73 37 83
8 62 78
75 97 55
23 78 55
28 43 94
7 20 22
12 67 62
8 66 91
35 17 79
87 55 51
15 17 37
3 97 70
98 50 83
11 14 99
68 20 76
5 92 70
40 86 77
26 50 25
3 70 38
7 81 84
57 52 37
98 86 28
60 88 10
15 80 79
14 62 57
91 32 83
48 32 28
73 71 62
39 26 79
74 62 78
18 43 81
73 94 94
83 42 17
71 87 90
3 67 62
3 78 62
15 52 71
63 12 19
73 71 73
48 67 62
83 99 41
29 76 41
74 62 57
92 97 78
3 71 73
94 97 3
50 21 20
22 17 62
17 82 28
8 97 43
73 50 25
29 76 77
28 72 94
15 53 90
18 55 87
72 78 62
28 72 25
50 70 1
12 78 55
89 6 84
7 46 13
48 85 81
95 55 71
7 42 77
14 80 71
28 72 33
87 40 87
1 18 68
17 58 78
50 53 35
95 55 87
44 18 42
78 14 84
94 70 70
8 97 70
7 79 4
59 3 94
8 94 47
41 21 38
95 55 53
73 50 47
73 86 81
22 17 37
73 50 66
12 27 62
83 76 13
12 87 81
17 92 81
94 21 1
95 12 71
8 5 42
22 80 65
8 92 78
84 16 6
73 50 33
28 85 76
41 90 20
7 81 99
63 5 70
3 90 1
87 30 80
3 78 73
34 79 4
68 89 0
48 86 81
80 77 86
45 61 41
35 80 62
48 86 83
18 55 81
29 26 41
14 52 71
59 72 33
48 54 55
40 84 69
22 49 65
0 66 26
93 26 41
32 99 33
91 37 81
87 12 81
17 5 70
93 99 77
82 32 49
35 97 79
34 14 84
64 1 58
7 76 13
8 62 57
18 40 71
11 14 1
3 70 70
7 42 17
41 90 1
40 53 97
92 92 70
29 46 13
96 33 52
63 36 41
12 55 87
73 72 25
26 11 21
48 78 73
59 3 33
33 4 53
95 55 81
3 92 1
73 94 25
97 21 87
23 71 62
17 58 81
33 37 88
48 27 39
14 43 43
28 3 33
95 87 87
78 79 99
9 3 12
62 45 96
98 50 25
92 92 41
39 23 17
39 18 63
73 3 25
9 1 61
45 67 29
63 58 70
92 36 70
29 46 77
7 81 1
1 83 82
8 92 42
48 37 25
93 46 41
48 32 83
74 97 91
57 70 84
11 20 84
12 54 62
29 26 77
91 86 81
15 97 37
53 4 7
59 72 66
23 71 39
47 79 79
17 92 42
14 62 43
22 97 37
8 5 78
26 72 66
91 37 83
8 72 15
8 50 33
17 64 91
91 66 91
35 49 65
35 80 79
61 79 50
33 40 53
48 50 28
74 41 91
17 97 70
11 14 84
91 24 97
77 65 36
14 97 91
34 79 84
22 70 90
59 94 25
83 39 40
11 81 84
89 20 22
21 15 40
53 72 20
14 97 55
7 46 41
73 67 62
99 66 29
58 37 89
89 79 84
83 71 77
73 61 56
93 42 13
30 22 39
3 90 38
5 90 1
12 67 73
33 43 51
14 97 43
78 20 22
50 90 1
8 97 78
93 76 77
45 0 30
42 26 92
26 43 25
59 43 33
89 79 1
63 26 55
8 66 78
73 29 68
11 20 22
9 8 74
8 43 57
16 37 3
65 21 58
91 62 78
29 46 41
7 20 99
22 52 62
94 70 1
28 43 47
63 92 42
43 13 67
63 5 81
29 26 13
96 9 90
44 44 74
73 27 39
23 78 62
17 5 78
92 5 81
98 37 40
73 86 28
15 80 71
66 59 89
8 41 78
48 69 81
22 97 71
29 96 68
21 92 78
73 94 33
34 41 75
12 12 81
31 43 92
91 43 30
60 48 42
60 22 27
34 31 50
8 91 55
90 3 77
69 51 19
44 18 75
81 38 24
89 20 99
80 48 27
92 13 86
5 70 1
70 92 77
73 43 33
4 96 32
75 41 55
17 4 28
9 78 21
19 11 83
12 67 39
14 41 91
89 54 65
75 41 43
78 26 84
89 6 1
74 41 43
48 50 40
3 71 62
97 19 71
91 41 43
57 97 71
84 37 88
65 91 58
92 58 42
41 70 38
1 45 77
2 83 22
84 32 1
33 43 71
73 72 47
77 11 19
89 14 84
79 11 53
55 24 77
78 93 73
81 92 57
63 6 86
94 21 38
95 88 72
72 69 46
69 89 83
73 67 39
54 62 95
91 32 40
8 72 94
52 35 8
91 88 73
33 64 49
97 39 8
39 63 9
70 92 37
12 71 39
23 18 49
63 28 23
22 97 62
12 5 90
13 7 48
24 66 63
21 5 42
18 43 51
8 94 33
14 71 44
83 0 97
20 69 88
35 11 82
83 26 13
39 91 69
19 41 48
1 88 83
14 43 91
89 79 99
34 20 1
18 12 53
87 87 81
19 22 40
33 55 87
91 54 53
73 69 40
52 12 78
29 99 41
51 63 34
14 66 43
77 8 81
94 70 20
17 36 41
8 97 42
63 25 76
52 71 6
7 46 17
0 37 3
74 43 55
40 92 76
33 55 81
75 56 34
86 66 58
8 43 33
76 84 53
34 14 22
29 69 28
65 85 62
14 43 55
55 77 63
29 76 23
16 9 5
54 76 24
91 69 83
12 70 63
5 3 82
7 99 77
45 32 30
26 3 66
3 97 20
29 32 81
22 65 62
42 41 83
46 36 27
9 33 7
45 22 79
7 20 4
21 36 70
79 40 81
63 92 29
75 43 78
93 42 41
58 71 46
55 22 8
78 79 4
92 5 42
14 49 71
78 79 25
39 99 41
60 29 41
97 77 1
72 97 1
8 78 66
8 96 40
83 46 17
18 77 10
72 42 4
36 14 41
99 81 79
3 54 55
50 86 7
7 79 22
63 92 70
72 73 12
32 92 7
3 21 70
10 12 66
25 5 1
46 88 62
73 27 55
98 51 20
99 51 86
1 57 19
94 92 20
37 10 77
94 19 46
75 91 35
26 2 0
50 21 70
55 26 71
40 56 82
23 3 1
14 49 65
67 84 96
79 68 0
74 70 11
63 81 1
35 97 37
93 68 4
82 17 34
35 52 79
77 75 76
60 43 91
78 75 23
66 56 87
9 13 62
69 82 74
86 77 7
69 39 30
75 62 55
44 93 6
60 52 81
