98 84 17
94 54 16
74 26 65
73 68 94
94 48 16
11 52 16
65 52 16
73 0 27
15 54 68
2 80 18
16 68 23
6 30 36
37 70 46
74 26 18
89 83 0
40 59 8
40 5 8
69 55 34
8 57 35
15 7 68
0 83 23
22 0 23
6 59 8
91 78 35
6 40 50
8 70 15
91 70 35
16 68 18
73 60 28
98 46 94
6 58 88
20 25 15
0 83 47
76 40 73
12 70 46
26 60 59
82 39 74
20 78 15
70 9 28
16 68 22
94 80 94
65 7 68
15 48 68
39 83 68
40 5 73
6 30 73
65 48 16
42 57 35
39 0 17
41 28 74
41 67 39
65 52 68
59 52 59
6 41 65
5 28 39
66 70 28
94 42 18
9 25 65
98 68 94
70 60 52
8 8 42
69 83 21
70 60 27
13 84 0
16 84 0
26 47 52
76 5 73
37 55 46
95 84 35
9 58 78
16 19 0
74 52 28
74 25 18
16 83 35
5 86 97
42 98 67
39 30 47
98 58 22
0 83 68
11 7 84
39 83 98
51 98 74
5 67 67
9 58 28
37 55 34
90 2 39
2 80 22
74 58 28
5 86 67
50 30 50
16 58 94
96 58 78
91 57 57
15 54 84
59 52 27
5 98 39
5 28 14
39 13 17
95 28 22
11 0 23
69 91 32
87 52 84
57 30 17
76 5 39
6 6 65
9 25 18
8 78 28
98 84 22
13 19 17
26 47 59
66 57 42
41 86 74
98 83 17
26 60 28
51 86 74
66 25 42
82 39 97
20 19 19
8 8 35
94 80 18
41 28 14
42 78 57
12 83 32
41 28 97
40 40 36
94 42 22
94 46 23
73 46 23
41 67 67
65 7 34
50 2 39
74 26 28
0 13 23
74 58 65
16 83 22
87 54 16
57 13 98
6 5 39
90 30 36
98 42 18
69 91 21
50 2 8
40 59 39
20 83 32
5 67 74
22 0 68
73 68 20
16 58 18
20 25 57
73 42 22
95 76 0
11 48 80
16 42 22
98 68 22
20 70 32
15 48 16
2 58 22
74 9 59
42 57 42
51 39 97
5 39 74
9 58 18
5 98 97
42 28 97
20 83 21
94 52 84
50 59 50
60 19 21
41 39 67
0 30 68
82 86 14
42 28 74
8 70 35
65 48 34
69 91 19
16 42 23
2 42 18
42 86 97
16 68 20
6 6 88
98 84 35
13 83 35
65 52 80
13 76 22
90 59 36
16 58 20
73 47 27
2 42 22
70 52 28
20 91 46
87 27 16
69 70 46
42 86 74
98 28 17
20 55 32
95 76 35
22 13 47
82 86 67
26 47 27
98 46 20
5 86 14
65 58 88
69 55 46
65 25 78
5 86 39
16 28 0
96 6 65
57 0 98
6 6 18
94 54 68
41 98 39
69 70 21
5 28 67
13 19 35
6 25 78
89 84 17
11 7 68
96 58 28
9 6 78
37 70 21
50 5 73
0 13 17
39 83 23
91 57 28
95 83 60
12 91 19
57 0 68
59 60 59
95 84 17
42 25 57
69 91 34
87 7 16
20 91 32
98 19 17
60 70 21
65 26 65
22 91 68
39 91 98
95 83 0
51 67 74
42 39 67
26 47 28
98 19 60
0 91 98
90 2 8
5 86 74
26 9 27
40 5 39
22 30 47
90 5 36
15 52 68
0 0 47
95 76 22
98 76 22
16 42 94
20 70 57
69 70 19
2 80 20
89 28 35
74 0 27
65 58 18
6 5 50
16 76 60
2 58 20
12 19 46
65 54 80
74 60 28
82 86 39
42 8 42
73 0 59
0 91 47
26 9 59
57 91 68
2 46 23
65 27 80
74 60 50
37 55 19
40 40 73
74 52 52
26 0 28
8 8 28
12 91 34
69 19 21
20 55 34
98 58 94
65 6 28
39 91 17
12 19 21
73 80 94
70 9 50
89 76 60
90 5 73
59 9 28
39 0 47
91 25 57
96 25 88
20 78 42
20 8 57
13 83 17
59 60 27
82 67 39
20 78 35
66 70 42
8 25 42
16 46 18
59 47 52
73 60 50
74 6 65
94 7 16
16 83 0
37 70 19
39 13 98
91 8 35
73 52 50
9 6 65
70 47 28
66 70 57
57 0 17
65 54 68
6 41 18
94 80 23
16 84 17
87 48 68
73 52 27
0 0 98
16 19 60
57 13 17
40 40 50
20 8 28
20 91 19
42 8 35
11 91 17
66 57 15
16 76 0
98 19 0
8 70 57
15 54 16
15 54 80
70 60 50
6 26 88
9 25 88
11 27 84
51 98 67
95 84 0
2 46 94
76 59 73
60 19 19
59 9 27
42 25 42
74 6 28
91 8 28
22 30 17
70 0 50
11 0 68
9 26 28
9 26 65
8 70 42
69 19 32
94 42 23
65 27 68
13 28 60
95 28 35
96 26 88
37 91 34
22 13 98
73 47 28
16 80 94
70 9 27
87 54 84
39 91 23
20 19 32
65 6 18
6 30 8
11 27 16
26 60 52
26 60 27
94 52 80
22 13 17
42 67 74
59 9 59
37 83 34
57 30 98
89 28 22
73 0 28
11 30 68
94 27 16
6 25 88
42 86 39
94 48 84
37 91 32
41 67 74
12 70 32
87 54 80
42 39 14
0 91 23
98 28 35
76 2 8
8 78 42
65 25 65
69 83 32
20 55 46
66 78 15
2 42 94
94 7 34
96 41 18
91 78 15
13 83 60
12 70 19
98 68 20
76 40 36
65 54 34
15 52 80
11 54 80
15 27 16
2 80 94
65 26 18
74 25 28
11 30 47
82 28 39
98 80 23
89 84 35
59 52 52
6 41 88
76 2 36
50 59 73
74 47 52
16 76 22
11 52 84
11 13 23
40 2 73
74 6 78
2 68 18
94 48 34
6 40 39
11 83 17
87 48 84
70 52 27
87 48 16
11 30 23
42 57 57
16 19 22
70 0 52
37 19 21
74 0 50
74 25 78
22 91 17
12 55 32
94 68 18
50 30 39
22 91 47
82 28 74
82 98 39
59 0 59
74 52 27
65 48 80
76 30 50
51 67 97
42 78 35
69 55 21
89 83 60
51 98 97
57 83 17
96 6 78
26 9 50
57 83 98
82 98 97
42 8 57
26 47 50
70 47 52
6 5 36
8 78 35
2 42 23
6 5 8
11 54 34
94 68 23
74 0 59
15 52 16
91 25 35
41 67 14
74 52 59
51 67 39
39 30 68
20 91 34
12 83 21
57 0 23
59 47 27
2 46 22
59 47 28
8 25 15
65 6 88
39 30 23
11 30 98
8 57 57
87 27 34
70 52 59
20 70 19
95 84 60
65 6 65
91 78 42
50 2 50
51 86 39
65 52 84
87 27 80
20 83 34
69 19 46
98 80 22
16 19 35
74 25 88
6 40 8
11 91 47
65 48 84
87 54 68
87 27 84
11 52 34
74 9 50
74 9 28
57 83 68
13 28 0
15 7 34
98 80 18
66 70 35
42 57 28
11 13 98
11 91 68
70 47 59
89 19 0
66 25 28
16 46 20
11 13 68
98 58 23
2 68 23
42 70 28
76 5 36
74 60 59
9 25 78
57 13 23
6 30 39
66 8 28
37 91 21
89 19 17
40 40 8
96 6 18
39 13 68
59 47 59
73 9 27
96 25 18
2 68 94
50 2 73
59 47 50
0 13 98
11 54 16
13 19 0
16 58 23
0 83 98
65 25 18
95 83 22
9 26 18
57 30 23
89 83 22
76 2 50
70 52 52
50 30 8
65 6 78
40 5 50
6 30 50
16 28 35
22 0 98
37 19 46
39 0 68
40 30 50
42 28 39
11 48 68
60 55 46
66 78 28
41 67 97
94 80 22
42 8 28
37 19 32
51 86 67
8 25 28
42 70 57
96 26 78
90 40 8
73 42 94
41 39 39
96 58 18
6 2 8
2 58 94
37 70 32
59 52 50
94 27 84
16 83 60
42 8 15
39 83 17
15 27 84
70 0 59
94 42 20
60 91 34
2 68 22
59 0 50
42 98 39
76 2 73
37 19 19
16 80 23
39 83 47
20 70 34
8 57 42
94 52 16
96 25 28
11 7 34
26 52 27
73 47 59
76 59 8
50 59 39
12 70 34
73 58 20
96 41 65
20 8 15
11 83 47
60 55 21
22 83 23
66 57 57
89 83 17
90 2 50
73 58 22
98 42 22
76 59 39
94 52 68
98 83 35
26 52 28
98 68 18
5 39 97
98 76 0
39 91 47
98 46 22
16 84 35
59 0 52
94 27 34
82 39 67
5 39 14
50 5 39
66 25 15
41 98 97
66 78 57
11 7 80
57 30 68
11 27 34
94 52 34
60 55 34
40 59 73
41 28 39
69 70 32
42 98 97
22 30 98
57 91 98
87 52 16
87 48 34
40 30 8
51 28 97
20 19 21
11 54 84
13 19 22
13 76 0
0 13 68
66 8 42
11 27 80
74 9 27
42 70 15
42 57 15
96 6 28
42 70 35
15 48 34
15 48 80
20 78 57
13 83 0
41 86 97
20 83 19
73 60 59
20 8 35
42 67 97
73 42 20
95 76 60
15 27 68
8 8 57
73 68 18
41 39 14
37 55 32
39 13 23
76 30 8
22 30 68
42 98 74
26 9 52
95 19 17
8 70 28
20 57 28
16 42 18
60 83 21
40 30 39
50 40 36
12 70 21
15 54 34
12 83 19
50 59 36
6 2 36
6 41 78
70 47 50
94 48 68
40 40 39
82 86 97
37 83 19
91 57 15
12 55 19
91 57 42
51 67 67
95 19 22
94 46 20
82 67 74
15 52 84
82 39 14
13 76 17
73 9 50
37 19 34
50 40 50
95 83 35
16 28 17
66 57 28
95 19 0
65 26 78
0 91 68
50 2 36
65 41 28
98 84 60
15 27 34
6 26 28
9 26 88
0 91 17
73 80 20
70 47 27
76 5 50
94 7 80
26 52 59
73 47 52
76 30 73
6 25 65
13 84 35
96 25 65
69 19 34
40 59 50
12 91 46
11 91 98
51 28 67
20 57 15
74 60 27
16 42 20
94 46 18
69 83 46
98 28 60
40 2 50
69 70 34
6 25 28
26 0 52
69 83 34
60 55 32
65 48 68
74 26 78
89 19 22
20 55 21
42 70 42
41 98 74
16 28 22
74 58 18
2 68 20
87 54 34
41 86 14
9 26 78
11 48 34
41 86 67
73 52 59
57 13 47
60 91 32
74 58 78
90 5 39
20 57 35
57 83 47
82 67 14
96 41 88
0 30 47
11 13 17
9 41 88
5 28 74
90 59 73
96 58 65
73 58 18
50 40 73
40 30 73
51 39 67
98 19 35
98 68 23
98 76 17
65 41 65
16 84 60
94 80 20
89 19 60
90 40 73
94 68 20
20 25 42
91 8 57
94 68 94
94 58 23
5 98 67
11 0 17
42 28 67
51 98 14
65 27 34
60 91 21
82 67 67
22 91 23
57 91 47
87 52 34
22 30 23
51 98 39
2 42 20
76 30 39
59 0 28
41 28 67
16 76 35
12 91 32
50 40 8
74 41 18
98 58 18
91 78 28
20 55 19
60 70 34
20 25 35
66 57 35
98 84 0
13 84 17
94 58 20
90 40 39
87 7 34
70 0 28
74 47 50
9 41 28
16 46 23
69 83 19
26 0 59
95 28 0
65 58 65
15 7 84
90 40 36
6 40 73
20 70 46
51 28 74
73 60 27
6 2 50
26 52 52
13 76 35
90 2 73
94 54 80
91 70 57
96 6 88
65 26 28
66 78 42
37 91 46
51 39 74
73 80 22
73 68 22
57 30 47
51 86 97
91 70 42
6 59 50
60 19 34
8 25 35
90 30 39
42 67 67
50 5 50
73 9 59
6 40 36
66 70 15
74 41 65
76 2 39
82 28 97
22 13 23
89 83 35
9 25 28
37 83 32
73 42 18
98 80 20
98 83 60
82 67 97
65 41 88
74 41 78
98 42 20
20 70 28
60 19 46
5 67 39
87 7 80
20 78 28
6 59 39
98 28 22
22 83 47
8 78 57
65 7 16
96 58 88
73 42 23
26 9 28
11 48 84
95 83 17
89 84 22
41 86 39
87 7 68
6 58 78
96 26 65
65 58 78
20 57 42
70 0 27
74 0 28
87 52 68
94 7 68
8 57 28
94 7 84
90 59 39
74 41 88
57 0 47
6 59 36
87 7 84
60 83 46
39 0 23
6 2 39
89 76 22
22 91 98
74 0 52
70 9 59
94 46 22
73 9 28
13 84 60
11 0 98
8 8 15
70 9 52
89 84 0
59 9 52
98 80 94
11 13 47
60 91 19
59 60 50
73 46 94
16 80 22
42 67 14
74 52 50
89 19 35
65 41 18
6 26 18
20 70 42
0 0 23
57 83 23
65 54 16
82 86 74
60 83 34
60 70 19
9 41 78
91 25 42
89 28 0
9 41 65
96 41 28
11 54 68
5 98 14
50 40 39
90 2 36
59 60 28
66 78 35
26 0 50
20 70 35
12 19 34
91 78 57
40 2 39
73 80 23
39 30 17
74 41 28
26 52 50
0 30 17
20 25 28
13 28 35
42 78 15
98 46 18
90 59 8
65 7 84
26 60 50
94 46 94
6 58 18
98 42 23
11 27 68
6 58 65
94 68 22
6 5 73
9 6 18
12 19 32
94 58 94
5 67 97
20 70 15
16 19 17
