94 48 68
90 5 73
73 60 50
41 28 14
37 70 46
51 39 74
22 13 17
66 25 57
15 52 16
89 84 35
76 59 36
16 42 23
39 0 17
34 35 89
15 48 34
42 25 15
57 30 23
41 28 74
42 67 74
70 9 59
89 76 35
13 76 22
74 26 78
40 40 50
66 57 35
20 57 15
50 59 73
91 8 15
99 35 46
20 19 34
42 70 15
11 83 17
13 19 60
21 32 85
74 6 28
15 7 84
96 58 88
0 13 68
66 78 15
5 98 14
94 27 16
11 52 16
51 39 67
96 25 88
74 26 28
16 28 17
37 83 32
74 60 59
23 96 62
60 91 46
37 70 34
87 48 84
94 42 18
39 83 23
40 59 50
20 70 35
60 91 34
50 5 36
74 0 59
6 2 78
32 77 68
42 8 42
65 7 68
27 80 91
2 36 80
74 0 52
95 28 22
94 42 20
49 10 95
60 55 34
20 19 46
97 36 89
22 30 17
9 25 18
96 6 78
59 60 59
39 0 23
87 27 84
56 44 39
71 33 66
65 26 65
82 28 14
0 30 98
6 26 88
51 28 67
62 71 28
6 59 39
13 28 0
2 58 23
12 19 34
70 38 80
8 57 28
15 48 68
47 68 93
96 26 18
26 9 50
42 25 57
95 84 60
57 83 17
97 89 10
11 91 68
37 91 32
72 50 11
12 86 83
5 98 39
95 76 60
40 59 8
98 46 94
13 19 22
65 41 88
73 52 27
1 63 42
63 1 30
66 57 42
87 48 68
40 30 36
39 13 47
11 52 68
65 48 16
50 59 30
21 58 58
49 81 56
73 47 52
2 45 45
16 68 23
60 83 34
66 78 35
68 69 94
98 68 58
82 86 74
94 48 16
16 83 0
40 11 22
76 40 73
76 2 36
98 19 35
32 29 23
39 83 68
96 6 88
74 8 0
20 25 15
84 97 61
21 30 73
9 41 88
90 59 8
66 70 42
78 32 64
73 58 94
40 23 2
95 85 35
65 54 80
0 80 11
95 63 79
13 76 0
2 68 20
10 1 69
99 81 68
43 42 39
40 2 50
11 83 23
4 34 1
69 75 99
31 52 8
97 33 73
57 83 68
57 83 23
94 55 5
51 16 49
60 70 46
42 57 15
54 71 48
59 60 50
6 58 78
24 85 94
19 22 56
75 34 99
57 57 75
17 12 58
66 69 47
12 91 46
1 24 45
0 91 68
69 92 14
72 98 88
20 57 57
58 17 88
39 33 44
32 33 33
69 2 86
7 60 2
37 97 9
25 98 67
58 89 91
95 53 30
12 19 19
6 6 28
94 68 94
53 73 27
41 39 74
35 92 85
19 24 52
82 60 93
94 52 80
51 99 46
60 55 32
42 78 15
6 58 88
24 42 80
65 7 37
41 90 64
87 78 61
36 23 2
87 27 34
11 61 98
83 22 80
91 8 28
18 27 39
65 49 29
44 60 44
20 1 37
35 9 96
82 80 53
20 8 28
92 86 66
0 0 17
50 87 37
82 28 97
60 39 68
96 41 28
9 25 28
34 82 5
6 25 28
16 80 20
77 78 28
20 57 35
28 61 14
10 16 8
18 34 95
74 41 78
9 6 28
98 40 36
79 78 9
40 2 39
89 30 81
42 8 35
39 0 68
39 81 24
0 0 23
83 43 6
76 59 24
72 15 11
76 2 39
62 55 21
81 35 41
67 43 17
66 77 21
98 68 22
62 35 23
13 59 71
8 8 35
14 15 84
95 78 64
6 76 73
59 73 68
20 87 66
94 27 38
41 86 39
42 28 14
65 6 18
5 38 74
17 49 17
73 80 23
48 6 85
15 92 7
17 64 70
15 48 16
26 47 28
20 13 73
87 79 36
79 18 58
39 13 98
30 78 32
16 90 69
39 51 36
4 64 27
99 8 4
94 52 68
93 22 48
22 45 76
11 60 85
73 0 52
13 19 0
23 30 33
93 86 69
65 56 45
40 7 43
46 33 3
4 73 47
50 84 64
20 84 29
19 95 79
15 7 68
30 43 78
58 11 56
20 68 20
12 19 46
22 83 98
42 70 35
94 76 73
92 62 3
56 92 60
11 91 23
83 23 36
53 51 25
22 76 7
86 83 30
26 56 87
8 25 57
75 67 53
54 44 44
94 68 23
22 72 89
92 62 17
74 58 28
16 42 94
0 59 11
82 67 97
31 74 61
22 0 17
36 76 93
9 41 65
38 37 69
76 2 73
67 95 27
61 91 73
93 73 84
43 15 21
30 14 6
57 25 13
76 73 77
20 25 57
58 85 98
45 63 5
15 54 16
0 88 53
26 95 50
14 39 92
66 72 94
30 52 28
95 76 22
8 78 57
68 93 96
42 82 37
16 19 22
20 55 19
48 99 98
12 28 76
43 65 46
11 70 32
39 44 8
44 25 60
16 84 22
3 11 75
90 22 10
59 73 6
59 47 50
51 67 39
82 41 7
89 76 60
24 46 66
73 80 20
16 6 60
34 31 73
53 30 64
14 83 29
6 74 0
48 77 41
9 6 18
15 48 27
39 52 49
51 37 80
66 72 80
21 27 68
23 56 7
38 71 0
42 39 74
51 67 74
12 55 21
30 55 33
53 49 24
96 49 52
63 86 97
70 60 20
60 46 97
17 97 38
79 30 97
87 22 23
16 70 66
51 18 68
33 20 50
50 88 92
37 5 73
61 78 64
14 77 28
41 41 84
20 91 32
65 54 68
16 80 18
87 7 8
77 54 26
11 48 80
30 98 47
1 63 80
49 10 77
90 30 8
38 17 65
55 0 92
99 67 83
94 91 93
83 50 25
53 59 2
99 62 56
0 69 96
29 16 33
13 19 35
20 86 87
85 52 42
28 34 26
11 13 17
42 8 69
70 86 54
89 32 38
14 54 7
50 30 39
39 20 12
43 43 41
93 5 79
67 31 80
27 43 79
20 91 46
93 6 79
25 38 33
37 70 32
97 41 13
80 25 51
87 38 7
2 42 23
48 26 28
37 55 46
90 59 73
99 84 36
39 71 56
92 57 91
60 28 66
88 73 75
8 70 57
3 18 26
34 97 77
53 47 52
67 49 96
31 40 27
16 84 0
8 47 25
72 40 45
74 58 78
20 59 38
1 91 27
62 58 70
2 80 20
92 95 89
18 19 69
28 95 96
22 92 76
28 70 79
9 58 78
3 22 1
97 3 53
34 70 97
96 26 28
39 0 98
71 96 26
47 3 38
15 33 29
29 85 43
87 55 59
87 7 68
20 83 46
8 25 35
29 83 70
12 55 32
26 60 28
42 43 3
13 53 58
13 9 6
35 47 99
24 55 62
85 79 44
85 28 12
69 19 32
3 29 90
64 55 50
85 56 31
87 52 34
17 94 49
97 52 97
41 94 85
65 25 65
90 40 39
80 14 12
82 86 67
22 12 4
0 11 26
2 76 33
0 30 47
96 84 41
23 2 13
20 8 57
89 26 31
50 5 8
73 52 50
76 74 20
74 6 88
72 18 95
19 91 38
66 86 29
20 29 66
68 11 49
59 15 96
73 68 20
91 91 59
65 89 3
58 90 56
6 65 21
59 31 51
64 86 61
69 80 72
73 23 49
87 48 16
65 46 56
9 58 18
17 45 55
23 86 83
40 27 28
13 28 60
55 12 73
39 22 42
30 75 75
82 0 81
12 70 34
5 34 0
28 88 58
44 40 29
55 6 25
1 30 70
14 37 28
56 82 26
74 58 88
59 60 52
77 25 33
95 19 22
16 80 90
90 5 36
15 85 28
16 33 13
8 78 42
93 19 51
61 25 51
82 3 87
94 80 18
86 26 87
36 54 50
90 40 50
59 36 40
12 9 69
59 66 5
69 73 52
89 59 20
91 26 1
60 7 24
72 28 42
70 66 82
71 93 2
44 26 91
39 83 98
71 99 60
50 32 45
43 32 77
8 93 76
8 26 28
55 33 60
59 9 50
82 16 45
20 53 48
21 9 37
36 96 34
79 56 52
54 43 96
26 0 28
86 77 0
66 32 32
93 40 99
13 11 19
94 58 23
93 26 93
13 28 17
94 80 23
18 49 12
5 3 61
11 54 16
20 38 38
50 36 32
65 58 54
53 10 76
33 48 17
56 88 11
92 79 13
32 52 1
34 33 69
71 58 96
68 32 75
60 35 93
69 55 32
21 20 98
66 5 49
65 58 46
83 44 29
37 97 93
10 37 40
59 41 85
86 95 37
6 66 49
22 28 12
80 38 45
68 80 64
74 78 0
57 45 46
56 93 94
94 10 34
17 27 5
2 46 20
55 79 41
55 71 53
38 39 8
28 74 48
85 42 92
51 67 97
53 42 55
74 49 13
11 3 89
48 4 66
79 17 81
94 29 8
9 58 34
64 51 73
2 31 98
10 1 70
32 51 83
22 80 9
75 30 69
74 51 58
9 10 71
59 32 79
38 56 52
7 84 88
74 9 59
88 28 40
94 46 94
10 95 74
52 56 12
92 6 40
32 99 10
17 31 70
9 25 88
6 13 19
82 90 81
86 92 97
30 1 33
72 67 13
44 9 20
98 58 20
85 75 0
87 57 14
10 0 48
18 80 91
2 54 2
31 95 21
6 68 65
74 66 40
35 98 59
48 68 41
39 30 17
61 58 8
16 58 94
23 39 69
6 41 65
5 90 24
37 91 21
27 34 29
70 88 90
69 61 70
85 85 80
76 85 79
69 64 14
68 25 10
77 49 74
48 83 4
6 5 36
46 26 84
66 56 76
57 33 56
52 66 39
65 6 65
48 29 86
79 14 99
11 36 21
99 14 74
95 84 35
6 25 88
83 41 89
22 68 71
43 6 5
78 64 27
21 13 8
26 47 59
33 46 61
57 13 17
22 38 56
27 52 69
25 75 16
96 29 99
56 34 77
48 47 66
11 7 84
65 12 79
86 99 45
44 12 99
80 57 51
94 63 46
67 45 86
98 68 23
96 32 22
74 47 52
81 99 84
69 70 46
39 83 47
60 55 46
69 83 21
27 55 69
9 83 60
52 98 79
67 79 74
75 11 40
81 62 6
90 92 31
5 54 21
21 80 88
80 16 85
70 12 37
37 14 61
38 70 84
96 83 37
99 14 16
13 85 45
15 35 93
27 99 66
32 8 42
85 15 26
33 64 49
77 74 80
1 29 89
71 79 18
22 51 53
11 98 98
38 87 92
53 81 28
62 97 31
91 75 56
34 8 75
43 1 46
29 3 27
41 68 54
79 73 45
39 13 68
48 23 87
88 84 39
9 3 36
5 86 97
98 26 61
5 96 60
29 85 87
96 24 46
84 44 18
89 28 35
66 28 63
92 13 47
5 86 67
65 48 12
66 39 28
70 60 50
33 22 8
46 95 26
28 80 46
17 75 43
62 52 52
61 13 49
78 75 86
6 3 55
43 27 37
31 19 68
9 28 18
87 25 11
77 66 62
6 50 14
96 48 78
31 47 80
51 52 25
29 64 71
65 83 23
73 80 18
57 30 47
60 58 54
50 40 50
79 74 31
98 58 94
61 78 54
65 49 17
54 61 43
50 2 36
92 86 35
14 2 8
38 4 98
63 59 5
70 12 86
68 50 80
3 17 53
58 48 75
40 32 5
75 15 97
59 3 5
79 38 22
6 7 95
90 75 48
11 7 65
44 75 87
68 84 95
72 2 56
48 88 90
64 79 91
39 41 94
76 74 14
3 34 39
82 98 74
88 72 32
82 46 62
70 2 8
98 90 90
81 84 49
89 97 86
45 26 18
41 68 62
10 19 43
23 57 90
72 88 95
64 98 4
24 4 30
46 78 38
87 31 34
60 15 91
2 55 10
98 69 23
33 2 82
57 58 17
96 6 52
41 68 63
72 39 65
91 37 39
21 22 84
57 13 23
59 14 34
50 83 81
3 77 87
31 0 34
66 70 35
68 66 80
47 28 59
40 81 30
22 13 47
30 62 65
48 8 42
66 94 66
56 12 26
28 21 95
61 49 65
88 46 75
25 9 60
86 94 54
25 42 72
27 45 23
14 73 80
96 6 98
84 17 35
90 5 39
52 2 29
56 55 78
68 83 21
94 15 22
91 11 46
17 46 46
71 27 4
56 13 45
57 9 64
28 6 75
28 19 76
32 69 71
89 83 0
20 70 57
6 84 25
10 76 83
1 46 42
40 6 57
50 75 97
16 83 35
36 92 97
60 51 87
64 18 90
38 54 69
46 54 40
6 44 32
25 69 8
99 75 7
46 42 33
94 7 80
19 12 57
83 25 14
26 52 59
79 56 50
31 21 78
15 21 73
0 24 60
25 68 85
91 14 89
47 52 38
69 51 56
57 17 99
41 77 73
96 49 40
68 37 80
29 6 25
74 0 50
47 85 76
44 9 70
74 8 69
32 54 66
54 55 50
91 80 34
43 19 95
40 59 39
79 22 5
92 93 66
93 35 40
59 60 28
70 48 8
69 83 32
82 76 13
45 12 35
3 54 55
59 86 73
96 97 28
46 45 89
0 55 56
58 74 18
6 5 50
3 33 54
87 67 39
81 49 54
42 57 42
68 21 23
28 68 28
22 15 97
59 44 35
32 40 40
76 80 54
7 16 28
81 36 62
8 83 83
7 66 21
25 77 57
91 45 94
26 0 52
93 48 75
71 74 70
49 30 20
6 3 46
33 88 67
72 58 41
50 40 73
45 75 85
65 77 43
37 82 10
25 57 10
