60 91 34
8 25 28
37 55 34
16 76 0
87 54 34
89 76 60
39 13 98
13 84 35
11 30 98
16 80 94
98 84 22
15 27 34
26 52 28
16 42 22
42 78 15
65 52 68
60 83 21
26 52 27
15 54 68
60 70 32
16 46 94
51 67 74
66 25 28
90 40 50
74 9 28
66 25 42
66 78 35
13 28 22
90 59 39
51 67 39
74 25 78
66 70 57
5 39 14
69 91 46
76 2 36
0 0 98
89 84 0
42 57 42
6 26 88
60 91 21
96 41 65
69 19 34
42 8 42
98 84 35
12 70 46
13 19 35
12 19 34
22 0 17
65 6 88
66 70 42
60 55 32
65 58 28
42 86 74
16 28 17
8 70 15
9 6 28
89 83 17
94 54 68
76 40 39
57 30 68
37 91 46
73 58 23
94 68 23
94 52 80
16 84 35
37 83 21
26 9 28
94 46 94
59 60 27
89 76 0
57 83 68
42 25 28
8 8 57
65 41 18
70 9 27
89 28 17
98 83 60
42 8 35
11 54 80
74 25 65
11 13 17
11 91 23
13 84 0
73 60 59
94 27 84
98 42 22
74 52 27
94 58 22
96 58 28
22 0 23
96 26 18
57 0 68
90 40 73
60 70 19
50 40 39
65 26 88
37 55 32
50 59 36
94 52 34
15 48 84
60 91 19
5 86 97
51 86 97
41 39 74
11 52 16
90 40 36
95 84 60
39 0 68
73 80 18
89 83 22
2 80 18
6 26 65
41 98 74
82 39 67
65 26 65
74 60 52
39 0 98
87 52 34
50 5 8
65 52 34
66 78 42
74 41 65
9 25 28
16 19 60
95 84 0
73 52 27
76 59 73
2 42 23
13 76 0
98 19 35
91 70 28
20 55 34
73 46 20
65 54 80
50 59 73
42 39 97
42 70 15
6 5 73
2 58 22
15 7 84
41 28 14
20 57 35
2 80 23
98 28 17
5 28 67
65 54 68
51 39 14
37 70 46
9 26 28
20 70 32
6 40 36
96 26 88
20 8 35
42 8 15
50 40 73
76 2 8
74 9 52
60 70 34
8 78 15
66 8 15
59 52 28
59 0 59
12 55 46
82 98 39
90 30 36
87 54 80
94 54 80
91 8 57
37 91 21
89 84 60
89 76 35
70 47 50
74 6 88
69 55 32
96 6 78
16 76 22
6 58 18
12 55 34
59 60 52
42 39 74
40 2 39
26 47 59
57 91 23
76 30 36
90 59 50
6 41 78
20 55 21
41 39 67
73 68 23
70 52 28
8 25 15
57 13 98
65 41 78
16 28 35
57 83 47
15 48 68
50 59 39
42 28 97
50 2 8
5 39 39
6 30 50
91 25 15
91 57 28
12 91 46
20 91 19
13 28 60
41 98 14
96 41 18
50 5 50
5 67 74
59 60 28
87 48 68
6 2 50
73 0 59
11 54 84
6 2 36
39 83 98
20 8 15
95 76 22
40 5 73
22 83 47
16 28 22
16 68 23
51 28 97
42 98 97
90 59 8
69 83 21
6 6 18
96 26 28
16 84 17
94 48 68
69 91 19
70 60 52
40 40 39
2 58 23
98 58 18
73 58 22
76 40 73
73 60 50
20 19 46
6 6 88
16 84 60
73 9 59
57 83 98
16 83 17
6 26 78
12 83 34
13 83 60
87 27 16
20 57 28
76 30 39
73 47 28
94 80 18
20 8 28
16 68 22
13 76 35
40 2 73
95 28 0
20 78 42
42 25 42
8 57 42
11 48 34
74 26 78
15 7 34
65 26 18
89 28 60
5 67 39
39 13 68
66 78 28
94 7 80
16 42 94
57 30 98
89 83 35
2 68 23
6 58 78
70 9 59
11 13 47
94 80 23
51 28 74
90 59 36
65 7 84
12 91 19
42 28 14
6 6 65
16 80 20
13 19 0
5 28 74
51 98 97
40 59 50
22 83 98
15 48 80
94 27 68
98 68 22
37 55 46
0 30 17
98 46 94
66 78 15
74 58 78
66 78 57
20 25 28
42 98 39
16 84 0
60 91 32
94 46 23
74 47 27
98 58 20
6 30 73
89 19 22
16 19 17
41 28 74
82 67 39
98 84 60
98 28 0
51 39 39
6 59 39
73 46 22
2 68 22
74 41 18
87 7 34
65 58 18
65 58 65
16 58 94
50 2 50
16 42 23
74 25 88
96 25 28
15 48 34
40 40 73
82 98 14
22 0 98
65 7 34
74 58 88
39 13 23
11 48 16
2 68 94
73 47 27
82 67 67
6 58 65
22 91 17
73 68 22
76 2 39
15 7 16
39 30 47
16 19 0
90 5 73
73 80 22
98 19 17
65 54 84
74 58 56
59 9 59
19 97 56
70 0 52
16 46 20
11 27 34
5 67 67
26 60 59
42 67 97
76 30 50
74 47 50
89 28 0
94 7 84
11 27 80
65 41 28
90 2 73
8 70 42
70 0 28
76 2 73
73 46 23
94 80 22
20 70 34
90 59 73
9 58 88
50 30 50
22 30 17
20 8 42
2 46 18
65 7 16
20 83 19
15 52 80
65 48 34
0 0 68
51 28 14
40 12 63
82 86 67
12 70 19
96 26 78
74 9 59
11 91 47
40 5 8
42 98 74
50 59 50
95 83 22
2 42 20
26 0 52
91 70 57
73 52 59
65 27 16
74 58 18
12 19 21
89 83 60
90 2 39
74 52 50
59 9 50
25 3 52
74 0 52
51 39 67
0 30 23
41 28 39
73 9 52
98 28 22
9 41 65
37 19 21
0 91 23
5 67 97
65 25 88
33 82 81
9 41 78
16 46 22
8 70 28
41 67 74
82 39 39
73 80 94
39 13 17
94 68 20
65 25 65
94 42 20
22 83 23
20 70 42
98 46 18
16 83 60
89 28 35
11 13 98
91 57 42
59 47 52
22 91 23
65 41 88
50 30 39
73 58 20
13 76 60
95 19 22
89 19 17
65 48 16
16 83 0
59 9 52
80 80 2
41 39 14
94 58 18
16 68 18
5 98 14
51 67 97
66 8 57
59 47 27
82 67 74
98 80 22
74 47 52
6 25 18
6 41 88
69 83 32
8 57 28
11 7 68
20 19 32
74 9 50
74 52 59
50 5 73
41 67 67
42 22 30
12 91 32
6 30 39
37 55 19
57 91 17
94 42 94
59 0 27
58 1 46
6 5 39
98 58 23
69 91 32
25 44 72
5 98 97
11 48 80
26 0 59
50 30 36
98 80 23
69 19 32
26 7 24
69 91 21
39 0 23
12 91 21
82 3 1
41 39 97
37 83 19
50 77 97
42 86 67
6 25 65
57 91 68
2 46 22
42 39 67
76 59 36
13 84 22
26 47 52
22 13 17
5 39 97
13 19 17
74 9 27
39 83 23
71 84 36
41 98 97
9 6 65
57 0 47
29 72 69
74 0 50
9 6 88
94 58 94
61 64 99
15 54 80
95 83 60
98 84 17
87 48 34
91 78 42
91 25 28
65 58 78
51 28 67
70 52 27
66 57 15
22 91 68
95 84 22
20 8 57
9 25 78
11 13 68
74 41 88
6 6 78
0 0 17
40 59 73
2 58 94
71 54 4
11 48 84
98 83 35
6 59 73
74 25 28
90 40 8
50 2 73
94 80 20
94 68 94
40 2 8
11 52 84
96 58 78
51 28 39
6 25 88
98 68 23
70 9 28
42 67 67
69 70 34
17 77 37
40 59 39
12 91 34
16 19 22
41 28 67
95 83 35
0 13 17
16 80 23
9 58 78
59 28 20
13 83 35
16 83 22
94 27 16
0 30 98
60 19 21
90 5 8
89 76 17
74 6 65
86 67 59
2 46 23
6 26 28
60 19 34
96 6 88
30 17 28
73 0 52
98 76 22
8 78 42
98 68 94
74 26 28
87 7 80
26 52 50
81 38 19
11 7 80
6 58 88
74 26 18
76 5 36
73 47 59
57 13 23
42 67 74
22 13 98
41 86 74
98 80 18
8 70 35
74 0 59
91 78 15
53 84 59
50 40 50
94 58 23
0 13 68
96 58 88
13 31 47
66 70 15
0 83 98
69 70 32
6 40 8
60 70 21
69 55 34
94 46 20
96 58 65
42 25 35
22 83 68
2 80 22
75 86 95
39 0 47
2 46 94
94 7 68
26 47 27
76 59 39
8 25 57
6 40 39
20 91 21
12 70 32
34 14 84
45 40 5
84 33 2
16 28 0
9 26 78
93 90 48
97 89 83
42 25 57
22 0 47
40 2 36
9 25 18
39 94 91
16 42 18
22 30 23
70 9 50
5 67 14
87 48 16
51 86 14
81 43 3
95 76 0
12 19 32
98 84 0
22 91 47
8 64 36
74 58 28
38 64 82
98 58 22
65 27 34
11 54 68
40 30 39
77 48 44
2 68 18
42 98 14
31 32 62
91 52 69
87 52 16
20 73 99
12 55 21
96 25 78
69 55 21
94 48 85
46 10 94
5 98 74
77 89 52
24 40 68
32 45 31
98 19 22
42 57 57
42 9 9
16 68 94
20 70 28
76 59 8
50 5 36
34 55 46
99 57 72
16 76 35
40 5 39
87 52 80
15 27 16
6 5 36
73 42 18
39 30 98
6 59 50
59 52 50
65 23 33
91 8 35
34 92 79
65 27 68
22 13 23
97 61 69
66 25 57
22 13 68
4 96 65
8 78 35
5 98 39
66 8 28
42 25 15
95 19 0
94 48 80
74 47 59
29 55 60
37 19 34
36 25 88
87 7 84
65 52 16
0 0 47
86 57 19
56 60 89
37 91 34
2 30 60
81 19 79
65 98 26
8 78 28
48 21 11
47 84 17
26 60 28
50 30 8
74 60 50
39 89 85
5 68 87
74 52 28
59 47 59
54 71 23
82 67 14
15 54 16
99 98 89
22 30 98
65 81 30
68 73 14
59 83 93
90 2 8
9 58 18
37 19 32
98 68 20
10 76 16
94 48 34
6 75 6
89 19 35
91 69 84
49 58 16
11 52 68
96 46 97
58 75 88
87 52 84
89 19 0
17 5 9
76 30 73
73 42 94
57 30 17
39 91 68
55 46 99
40 59 8
94 57 23
37 83 32
34 45 29
96 41 78
13 19 60
95 42 60
40 2 50
52 88 38
50 24 66
66 57 57
41 39 39
94 46 18
16 68 20
57 18 14
30 95 37
73 58 18
39 30 68
5 38 52
15 27 84
73 80 23
5 86 67
0 13 98
80 19 58
20 25 15
42 8 57
5 12 34
57 30 23
9 58 28
47 86 5
9 26 18
73 21 52
61 80 12
89 19 60
2 58 20
78 89 59
84 91 38
95 28 60
70 60 50
66 57 35
39 91 17
70 86 73
20 70 19
97 12 35
69 66 66
65 58 88
94 96 76
92 70 77
77 47 20
51 98 14
76 5 50
97 36 1
59 9 28
59 80 82
27 72 53
20 25 35
34 52 56
29 84 52
82 39 14
95 76 35
14 37 94
6 98 98
33 82 5
36 98 22
97 71 48
1 22 26
7 9 85
22 98 35
34 42 12
87 2 73
46 7 6
68 65 92
6 25 28
50 2 36
96 41 28
41 98 39
52 90 42
61 83 39
75 19 38
7 86 52
44 9 84
16 46 18
21 46 69
2 3 56
39 83 47
11 54 16
41 28 97
26 60 27
90 30 50
15 52 68
6 40 50
94 68 18
31 9 5
39 45 36
87 48 80
87 30 51
74 58 65
40 59 36
94 54 84
85 15 44
13 28 0
70 64 0
94 68 22
42 57 35
0 83 87
10 3 49
30 56 75
10 23 39
16 76 60
3 80 92
56 57 91
42 8 28
98 68 18
5 28 39
94 66 51
7 99 81
33 78 13
91 59 65
16 38 22
50 40 36
15 19 49
90 77 92
73 0 50
91 78 35
59 9 27
48 18 19
15 66 1
6 34 82
63 8 86
94 27 34
74 60 27
34 66 93
64 99 66
84 8 58
22 13 47
82 98 67
78 64 39
1 20 72
2 42 18
76 2 50
38 54 92
74 26 65
21 83 90
48 59 9
34 11 24
59 52 27
27 28 4
26 80 12
20 47 97
60 70 46
96 26 65
78 84 4
54 26 85
53 38 59
6 26 18
94 48 16
28 75 49
18 89 45
17 47 14
42 92 89
11 27 16
84 28 41
20 70 15
96 35 97
75 88 73
20 83 34
37 19 46
94 99 43
69 19 21
34 1 47
70 60 27
5 28 14
39 91 98
96 6 65
74 28 0
94 52 16
5 80 37
12 97 65
76 5 8
41 86 97
53 96 36
21 71 67
68 84 90
57 26 97
53 44 45
89 28 22
0 5 58
70 58 55
49 7 86
61 74 56
96 96 53
41 6 67
85 95 43
18 21 48
17 60 2
77 4 76
11 83 17
69 55 19
90 55 5
76 9 22
16 51 41
55 28 99
60 55 22
23 71 46
90 30 39
66 57 28
70 52 50
79 20 32
57 91 98
52 1 47
68 74 27
43 10 48
89 76 22
2 41 94
44 63 88
44 66 57
96 6 28
57 91 47
25 33 4
30 73 62
26 0 28
32 45 65
85 32 5
43 86 22
26 9 50
20 43 76
60 55 46
23 50 85
0 26 88
6 34 97
36 4 52
78 41 45
0 38 18
96 99 92
98 96 50
3 18 92
43 81 50
47 81 94
41 86 67
76 5 73
68 80 42
91 45 70
85 87 13
3 35 15
0 83 68
57 0 98
