95 28 35
20 91 32
0 0 68
90 59 8
20 91 34
9 41 88
98 83 0
42 98 14
16 28 35
73 46 20
16 58 23
98 76 17
51 86 39
95 76 60
57 30 68
95 76 35
16 84 17
57 30 23
12 19 46
6 40 36
15 54 84
2 58 94
5 67 14
15 48 84
20 8 57
82 28 67
2 68 23
13 28 35
40 30 36
57 91 17
39 91 98
50 30 8
87 7 16
37 70 32
94 52 80
94 52 84
16 68 20
82 28 14
20 57 15
94 48 68
76 5 8
70 47 50
13 76 35
87 48 68
20 83 34
98 84 17
13 83 35
26 47 52
98 28 22
95 84 17
66 25 57
11 27 16
91 8 57
60 19 34
8 25 35
20 25 28
59 47 50
90 5 73
12 83 19
73 80 23
73 58 22
98 19 17
37 91 46
22 91 47
22 0 23
6 26 18
22 0 47
74 9 59
73 0 27
40 2 39
98 58 94
41 86 39
65 26 65
98 68 23
89 76 35
94 42 20
39 91 68
13 28 17
87 48 80
66 57 57
26 0 59
98 76 35
57 91 68
13 76 17
51 28 39
69 55 46
5 28 14
73 80 22
50 40 39
22 83 98
40 2 73
74 0 50
94 7 16
39 83 98
37 55 19
20 83 19
73 42 94
5 39 39
73 60 50
0 0 98
98 76 60
65 52 84
60 91 46
74 0 52
59 60 27
98 80 20
51 39 67
13 76 22
13 19 17
91 8 28
95 19 35
16 19 22
15 7 68
22 0 17
87 27 68
60 83 32
57 30 98
74 26 65
91 70 15
20 91 21
20 25 35
82 39 74
74 47 27
39 30 17
22 83 23
98 68 22
94 27 80
50 2 36
13 19 60
66 25 28
70 52 52
39 30 98
82 67 97
6 30 39
20 19 21
51 98 14
13 19 0
13 84 17
91 57 15
41 86 67
74 41 65
11 48 16
16 46 23
39 13 23
76 30 8
26 60 50
2 58 23
65 7 68
12 55 19
42 78 35
8 78 28
65 26 88
16 42 94
90 40 39
73 46 23
12 91 19
73 58 20
89 84 35
41 28 67
74 60 50
74 0 27
96 25 78
6 59 50
57 13 68
73 60 27
95 84 60
90 2 39
26 60 27
66 57 28
40 59 8
26 60 59
60 19 32
95 28 22
39 0 23
5 39 74
11 48 84
76 40 39
41 28 74
76 5 39
94 80 20
94 80 18
74 6 65
69 83 19
11 83 17
11 54 84
69 55 19
94 54 34
11 91 23
74 9 52
98 46 94
16 19 0
96 25 28
13 76 0
11 30 47
70 9 52
11 48 34
65 27 16
74 47 59
65 54 16
94 27 34
73 52 59
82 98 74
50 5 50
42 8 15
96 41 18
73 9 52
0 30 23
96 6 78
95 83 0
11 0 47
73 52 27
76 59 39
66 70 42
41 39 39
89 83 60
15 48 16
82 98 39
65 54 34
6 2 50
59 0 28
11 48 80
95 19 0
26 52 52
51 67 67
74 9 27
66 78 15
39 13 47
13 84 60
5 67 74
11 0 98
41 98 39
73 58 18
6 6 28
39 91 17
51 28 74
16 42 20
76 5 73
16 76 22
15 52 16
11 54 80
70 47 27
87 52 68
89 28 22
87 48 16
69 91 19
98 80 22
74 6 18
57 13 17
89 19 22
8 8 57
50 30 36
6 41 18
41 98 97
9 26 65
6 59 73
6 25 65
65 48 16
11 52 68
2 68 22
51 67 74
95 19 60
90 2 50
41 67 97
82 98 14
9 6 28
50 40 73
60 83 46
20 55 46
42 98 97
87 52 34
74 41 78
0 0 47
74 26 88
40 59 50
11 91 98
6 5 36
5 67 67
94 52 16
94 54 68
51 86 14
26 60 52
8 78 42
57 91 23
41 86 74
22 30 17
9 26 18
94 80 22
16 46 20
12 91 46
20 25 15
98 84 35
73 68 18
76 40 73
12 70 21
37 83 21
94 48 34
98 84 0
5 98 67
94 58 18
22 13 68
96 6 28
42 8 28
11 7 84
15 52 68
60 19 21
22 30 47
8 25 42
73 68 23
89 84 60
90 30 8
40 30 73
59 0 52
8 57 15
42 8 42
70 0 59
42 28 67
6 6 78
11 30 17
11 7 80
40 40 50
89 28 0
90 59 50
11 54 16
73 47 27
73 42 23
41 39 14
70 9 27
20 70 35
98 83 22
5 86 14
66 25 15
73 80 18
98 80 18
98 19 60
42 57 15
66 8 35
15 7 34
65 25 18
59 47 59
51 28 67
82 86 74
26 9 28
60 55 21
69 91 34
6 30 50
41 86 97
11 52 16
42 28 39
74 41 28
57 0 68
20 83 32
8 70 15
59 60 59
65 6 88
98 84 60
59 52 27
74 25 65
42 39 39
74 52 50
42 70 35
2 46 23
69 55 32
59 0 27
60 55 32
37 83 34
94 68 23
82 86 39
65 6 18
8 70 35
15 7 16
26 60 28
37 83 32
70 52 27
12 55 34
37 83 46
20 78 28
2 42 20
70 0 28
98 68 20
40 40 8
59 9 27
8 25 15
57 13 47
89 19 35
15 52 80
74 47 52
20 55 34
89 19 60
73 42 18
51 86 74
76 5 36
89 19 17
74 41 88
6 2 73
39 83 17
0 83 23
15 27 80
6 58 18
91 78 28
22 83 17
11 54 34
42 39 14
94 80 23
39 91 23
22 91 17
89 28 60
12 19 34
60 70 19
26 0 27
22 91 68
40 40 36
73 52 28
50 30 50
73 46 22
98 42 94
37 70 34
74 47 28
12 70 32
59 52 59
42 98 39
15 52 34
76 2 73
51 86 97
20 19 34
60 70 34
11 13 47
16 19 35
37 70 46
96 26 88
59 60 50
94 48 84
5 67 97
12 55 32
42 70 28
22 30 68
12 83 34
41 98 74
6 30 36
69 70 21
96 6 18
16 83 22
90 30 73
16 42 23
96 58 18
6 6 88
5 39 67
82 28 97
41 39 97
37 91 34
40 2 50
16 46 22
94 68 18
42 98 74
6 30 8
74 60 59
5 98 14
39 83 23
87 54 84
70 0 50
8 78 57
91 25 42
20 70 42
11 7 34
82 86 14
74 58 78
57 83 68
70 47 52
20 70 34
16 42 22
11 27 34
94 42 22
74 58 65
9 25 28
73 52 50
42 78 28
89 76 0
12 19 21
11 83 23
73 58 23
51 67 14
16 76 17
11 83 98
11 0 68
9 26 28
8 70 28
76 30 39
13 84 22
20 25 42
60 83 34
74 47 50
20 70 57
12 83 46
98 19 22
65 48 80
57 83 98
8 57 35
96 41 28
20 78 57
57 30 17
15 52 84
89 76 17
6 5 50
82 28 39
73 9 59
16 58 20
40 30 50
98 46 23
39 0 17
6 40 39
65 58 65
94 68 20
20 70 21
50 2 39
41 86 14
74 6 28
96 25 88
12 70 19
74 58 88
40 30 39
16 28 22
5 86 97
9 6 65
50 59 8
42 57 42
94 54 16
39 13 98
16 76 60
60 55 46
0 91 47
89 76 60
65 58 88
94 42 23
87 7 34
95 76 17
26 9 50
87 48 84
13 83 0
2 46 94
73 47 59
42 8 35
94 48 16
22 91 98
11 48 68
41 28 14
50 40 8
95 84 35
51 86 67
15 54 68
42 70 42
6 58 88
66 25 42
70 9 59
98 83 35
65 48 68
51 67 97
89 84 0
20 57 42
13 76 60
15 54 16
16 84 60
65 27 68
96 25 65
82 39 67
94 68 22
94 46 22
65 26 28
0 13 98
2 46 18
6 25 78
94 48 80
82 67 67
42 86 74
87 52 84
6 30 73
11 91 47
96 58 65
98 46 22
20 91 46
66 70 15
11 13 98
66 57 42
16 83 35
95 84 22
16 80 20
59 9 52
51 98 74
51 67 39
60 83 21
12 19 32
65 7 34
98 42 18
95 84 0
57 0 98
2 68 94
13 28 22
40 5 36
0 91 17
87 7 84
13 28 60
65 41 65
0 91 98
66 78 57
65 54 80
91 57 35
15 27 68
40 59 73
6 25 28
74 25 28
42 25 57
39 13 17
57 83 47
42 8 57
65 25 88
98 80 23
57 13 98
82 39 97
98 58 20
20 8 15
8 8 35
50 30 39
16 80 18
59 9 50
37 91 21
90 40 36
20 70 15
90 30 36
94 80 94
6 2 36
69 70 46
87 52 80
11 83 68
57 30 47
11 30 98
66 70 28
16 83 0
98 42 22
37 19 32
96 26 65
74 9 28
42 39 97
65 41 78
37 91 32
41 67 74
42 25 15
16 58 94
73 60 52
22 13 47
20 78 15
74 26 18
73 47 50
15 48 80
70 60 50
5 86 39
98 68 18
6 41 78
90 30 50
20 70 28
42 86 67
11 13 68
42 57 57
22 13 23
11 7 16
76 40 50
6 2 39
12 91 32
65 7 80
74 60 52
20 70 32
26 47 27
90 40 8
74 52 28
98 42 20
65 58 18
6 5 8
20 91 19
69 70 19
0 83 68
94 7 68
66 57 35
6 41 28
65 27 80
94 52 68
42 25 28
42 86 14
91 8 42
98 58 22
16 80 22
13 28 0
57 91 98
66 8 28
20 57 57
50 59 50
96 41 78
66 25 35
73 9 27
20 70 46
95 76 0
59 52 52
41 39 67
0 30 98
65 27 34
65 25 28
26 47 59
74 52 59
8 8 28
13 83 17
57 83 23
70 47 59
59 9 59
65 27 84
16 28 0
2 42 18
8 78 15
82 67 74
8 25 57
13 19 35
37 55 21
37 70 19
74 60 27
66 70 57
91 25 35
69 83 34
57 91 47
69 91 46
50 2 8
65 54 68
66 57 15
9 58 18
6 59 8
13 83 60
8 8 42
51 28 97
2 80 20
87 54 34
42 67 74
69 19 21
60 70 32
5 98 97
73 52 52
76 40 8
94 42 18
39 30 68
95 19 17
2 42 23
13 84 35
11 0 17
76 30 73
90 40 73
37 55 46
60 91 19
87 52 16
98 28 0
65 52 16
15 7 80
6 25 18
50 5 36
70 0 52
8 57 28
59 0 50
15 48 68
98 58 23
6 59 36
16 58 22
42 67 97
90 40 50
95 28 60
12 19 19
2 68 18
57 0 47
73 9 50
76 30 50
9 26 78
70 60 52
65 26 78
50 59 36
76 2 8
59 0 59
26 9 27
20 78 42
96 26 78
98 76 22
57 83 17
16 84 0
39 30 23
20 55 19
2 80 18
5 86 74
98 84 22
22 13 17
12 83 32
0 13 68
91 8 15
9 6 88
5 39 14
90 59 36
59 47 28
70 9 50
12 91 21
40 5 8
11 27 80
15 48 34
2 58 22
74 9 50
51 28 14
6 26 28
60 70 46
74 0 28
95 19 22
37 83 19
15 27 84
90 2 8
20 8 42
73 80 94
66 8 15
11 27 68
12 55 21
40 59 39
13 19 22
89 83 22
5 86 67
94 46 20
95 83 35
2 46 22
11 13 23
94 58 94
39 83 68
60 19 46
26 0 28
65 41 88
20 19 19
51 39 14
42 25 35
16 68 18
82 28 74
16 84 35
73 80 20
51 39 97
96 26 18
74 25 78
42 39 67
94 7 80
42 57 35
26 0 50
37 70 21
15 7 84
16 58 18
9 58 28
6 25 88
59 9 28
5 98 39
60 83 19
15 27 16
70 47 28
20 70 19
59 60 28
40 40 73
73 9 28
6 58 78
66 78 42
94 7 34
98 28 60
41 28 97
42 57 28
11 54 68
90 5 39
39 13 68
41 67 39
65 25 65
76 2 50
40 2 36
16 80 23
65 7 16
8 78 35
65 6 78
0 30 47
42 86 97
76 59 50
26 9 52
69 19 34
42 70 15
90 5 36
96 26 28
39 30 47
91 70 35
66 8 42
13 83 22
74 58 28
69 55 34
0 30 68
65 52 34
20 57 35
73 42 22
76 30 36
94 68 94
16 68 23
94 54 84
82 98 97
11 0 23
70 60 59
9 25 65
50 2 73
90 5 8
41 39 74
65 7 84
6 58 65
98 58 18
9 25 18
5 67 39
94 58 22
82 86 67
41 67 14
69 55 21
26 47 50
42 78 57
16 83 17
73 0 28
20 25 57
94 54 80
60 19 19
20 57 28
69 83 32
11 13 17
98 28 35
2 58 18
42 39 74
22 91 23
65 6 65
22 30 23
69 70 32
69 83 46
95 83 60
60 91 34
16 19 60
70 60 28
74 58 18
82 98 67
39 0 47
94 58 23
42 67 14
73 46 18
22 83 47
74 52 52
65 48 34
0 13 23
89 83 35
42 86 39
70 0 27
94 46 94
65 41 18
16 68 94
91 78 15
69 19 19
70 52 59
37 19 21
11 27 84
90 2 73
76 2 39
76 5 50
87 54 68
59 52 50
74 25 88
2 46 20
0 30 17
6 41 65
12 70 34
2 80 23
98 19 35
74 52 27
5 28 67
40 2 8
41 98 67
22 30 98
96 58 78
73 68 22
41 28 39
11 30 68
91 25 28
95 28 0
90 5 50
20 8 35
82 39 14
9 58 78
60 91 32
50 5 8
15 54 34
11 30 23
74 26 28
0 83 47
82 86 97
0 13 17
59 52 28
65 52 68
87 27 80
40 5 39
73 60 59
22 83 68
73 68 20
89 28 17
9 41 18
57 0 23
