73 46 94
63 42 56
49 30 93
76 70 26
9 26 18
9 6 78
71 82 97
59 9 50
79 35 90
69 19 19
74 93 22
25 89 79
92 39 39
11 83 68
6 57 41
40 45 19
59 27 7
0 91 23
1 98 41
82 67 67
40 89 7
35 51 64
53 0 84
0 59 14
50 62 89
98 80 18
42 14 41
57 65 11
37 70 32
87 48 21
42 39 39
66 78 28
70 51 21
10 25 58
8 93 39
43 8 26
46 94 86
77 4 10
58 6 49
26 47 50
83 15 72
20 25 57
50 44 7
96 6 48
25 10 68
39 91 68
93 36 39
19 20 36
75 34 12
92 45 25
79 68 26
7 51 49
59 47 50
50 89 25
75 5 27
98 37 10
13 64 75
11 52 84
94 27 80
22 61 4
35 95 77
38 33 53
71 92 49
94 34 20
16 42 23
40 4 35
65 48 68
68 21 81
57 36 62
15 45 15
27 44 53
78 52 1
43 78 18
74 73 7
60 38 80
43 33 12
5 61 33
71 93 67
47 33 6
63 29 57
80 61 13
95 90 37
63 10 5
69 48 29
73 47 59
50 88 62
8 85 30
12 83 21
69 90 0
51 39 67
79 90 74
94 42 92
87 7 68
14 84 97
70 16 44
53 35 60
39 2 76
1 55 70
88 79 70
42 7 55
76 18 13
98 24 51
85 11 55
42 94 17
4 77 95
48 5 15
41 48 90
43 61 30
58 0 84
71 93 30
17 70 51
99 64 79
14 94 83
38 26 44
80 21 73
47 89 21
70 47 50
73 9 50
60 62 57
28 42 72
6 85 56
13 52 55
39 19 50
27 73 25
32 42 71
6 82 38
3 15 22
24 38 58
21 50 61
64 80 85
50 24 11
41 25 0
89 54 32
52 83 85
37 70 19
52 88 17
9 62 46
50 45 78
97 59 34
94 29 72
5 95 23
34 98 30
68 1 67
30 45 63
38 0 74
75 7 87
33 17 31
85 3 6
93 44 73
88 64 10
76 90 67
83 84 82
22 78 69
90 88 11
77 58 53
59 61 53
4 52 35
50 76 60
16 19 17
55 60 49
47 18 96
5 31 25
56 95 42
15 19 5
57 84 59
11 91 23
58 63 93
79 96 7
14 91 63
25 92 24
32 97 10
15 24 96
46 93 6
96 6 78
74 64 6
95 30 43
91 25 24
8 0 45
36 35 64
97 59 59
85 86 18
46 43 8
69 79 17
90 32 42
46 43 87
33 63 77
96 76 37
92 75 86
16 84 17
25 45 80
7 68 51
89 76 20
21 70 79
90 47 12
94 43 42
49 25 34
94 10 88
63 95 48
21 71 69
17 43 30
35 23 94
30 79 33
81 49 6
77 90 20
34 38 93
49 33 20
76 9 31
9 74 85
31 32 21
67 32 13
31 69 4
68 97 30
92 67 59
43 48 73
41 83 9
29 94 22
37 39 81
83 3 87
40 22 46
19 90 42
98 42 23
40 72 89
65 26 88
28 46 23
75 2 16
39 8 54
21 24 56
42 2 29
37 60 69
45 27 97
12 70 99
73 60 52
33 1 8
90 71 7
46 88 33
16 19 35
60 35 48
95 36 79
80 38 91
40 45 52
71 62 87
71 67 87
14 49 63
32 2 29
71 25 29
22 45 38
54 53 28
77 9 90
30 5 76
16 41 42
9 39 35
2 33 79
82 65 36
91 37 61
33 45 28
89 3 86
57 74 32
65 95 29
72 55 21
91 17 35
94 46 23
33 39 37
98 91 28
30 6 53
64 55 24
84 40 69
33 78 29
73 55 41
50 33 5
3 0 12
79 19 79
53 0 74
6 2 51
20 47 36
69 34 18
39 84 93
23 24 26
43 98 49
41 25 43
95 83 35
81 77 42
24 69 48
16 13 37
69 25 5
67 69 89
95 11 27
16 10 20
44 64 82
74 41 30
33 90 26
72 8 80
65 54 68
77 28 40
9 30 99
67 23 38
15 89 80
33 79 87
69 78 94
28 85 13
51 86 57
49 91 91
4 51 98
43 46 91
66 25 41
29 89 49
15 27 16
20 95 29
76 60 29
26 82 96
86 56 85
67 68 15
49 95 30
9 26 78
20 82 21
64 37 59
66 96 77
26 78 33
89 5 44
51 38 60
79 16 17
91 21 74
20 86 90
28 83 26
21 66 38
12 31 26
34 48 26
76 39 42
17 88 49
58 8 18
53 56 68
18 22 40
33 67 24
76 3 99
64 48 3
21 2 56
79 2 37
83 39 69
56 67 4
45 12 63
17 77 69
22 92 89
72 34 54
78 74 88
25 33 16
51 81 1
76 14 73
85 63 83
9 59 78
24 48 61
57 94 5
62 5 78
64 30 61
46 27 21
43 36 99
93 12 69
45 94 87
34 65 91
54 45 20
56 29 88
48 52 79
83 77 41
51 87 75
71 75 52
19 18 84
67 13 0
39 91 47
43 67 72
90 67 61
50 12 27
57 40 18
45 84 42
19 45 7
97 61 28
96 41 28
15 3 97
78 63 81
24 27 0
16 46 18
54 95 84
85 30 1
32 73 9
72 92 95
58 84 28
43 11 42
84 14 77
45 9 24
90 94 26
87 32 55
66 75 40
31 65 28
45 14 35
94 22 56
81 4 24
71 94 1
54 80 89
58 92 44
83 28 9
30 76 33
15 14 57
92 53 54
39 41 11
37 99 87
39 40 87
32 67 83
44 12 36
89 52 98
43 17 39
93 29 63
26 76 2
3 75 81
98 99 92
22 95 3
60 88 72
49 56 37
34 28 96
59 23 26
57 63 54
65 86 65
53 23 40
32 40 7
7 27 64
7 16 31
13 88 26
34 90 54
43 26 72
19 80 32
46 76 46
45 84 5
3 11 57
36 13 39
19 74 37
65 33 25
8 18 69
5 90 16
53 41 33
40 75 79
11 51 66
45 21 89
4 41 31
76 48 46
87 76 76
42 49 12
81 83 77
30 63 23
96 47 17
3 23 36
10 83 29
45 37 82
74 52 50
4 11 87
61 59 90
15 30 46
27 12 6
73 93 28
86 84 28
93 41 3
3 47 21
25 33 42
53 9 34
74 10 61
6 26 78
6 62 5
74 58 88
28 59 49
52 28 6
65 68 79
6 76 62
22 66 31
85 44 3
67 72 64
0 80 24
28 11 16
63 54 10
25 62 4
7 90 6
67 69 94
27 15 93
31 26 64
54 92 89
70 66 84
77 42 91
63 74 69
27 79 70
43 5 70
26 97 84
90 59 8
64 59 64
33 53 91
26 16 16
25 91 75
58 44 96
85 96 14
72 54 60
70 9 59
52 49 75
42 67 14
74 46 99
92 0 49
8 29 41
84 44 51
34 41 67
45 79 39
85 53 84
83 77 73
15 24 12
23 45 19
74 62 56
78 28 79
14 44 48
28 28 35
57 28 80
56 16 2
47 96 61
54 90 30
65 67 34
41 31 65
33 58 19
7 27 67
51 95 57
27 75 20
18 74 50
91 78 42
86 64 47
79 7 67
18 56 27
54 67 54
2 57 13
24 8 26
32 96 63
25 1 97
84 19 13
58 96 95
76 11 75
41 9 19
12 68 66
46 41 57
25 72 46
91 53 19
58 84 9
13 53 59
98 23 78
51 57 61
76 30 88
97 43 82
76 69 66
7 28 17
45 24 63
15 3 82
58 31 51
10 84 12
49 80 88
72 83 60
51 64 24
6 74 81
67 74 53
77 73 8
58 59 47
15 78 68
30 10 35
20 29 66
19 3 63
62 95 94
39 28 16
37 25 93
49 40 79
31 14 84
45 50 54
55 56 82
77 32 13
69 24 14
94 93 75
36 96 94
30 27 72
99 50 28
75 12 60
63 93 30
24 88 10
39 2 6
36 81 10
27 0 86
55 14 62
9 3 3
12 91 32
65 52 4
11 27 68
38 3 60
73 36 45
38 53 47
22 74 89
45 28 52
3 79 14
52 36 30
58 20 80
15 80 48
9 10 93
57 61 48
64 49 41
46 85 53
18 56 58
70 60 6
94 43 41
24 16 83
87 52 34
73 35 96
26 24 98
25 24 90
76 2 36
1 72 32
31 4 7
3 68 33
54 47 86
36 41 58
66 7 59
37 34 6
40 47 31
89 32 29
56 72 8
28 48 89
48 69 56
58 17 24
27 41 52
94 42 20
88 28 35
42 16 58
87 53 19
16 15 63
24 72 12
89 49 53
83 60 59
19 15 73
23 28 77
29 39 34
51 41 47
13 56 15
38 49 80
50 5 99
72 22 44
87 3 72
31 56 69
14 66 89
18 65 37
91 59 66
13 81 89
6 5 8
19 71 19
52 44 55
26 0 28
69 93 77
9 47 60
94 80 22
45 96 37
31 14 1
40 26 58
56 70 22
44 82 7
44 21 25
28 7 23
31 16 20
81 65 51
94 32 42
96 42 43
25 32 35
65 52 47
87 33 31
64 48 5
30 76 92
63 79 53
31 15 25
29 21 41
20 85 89
86 2 78
32 83 81
63 32 97
26 13 51
73 5 51
50 24 90
64 11 52
52 59 71
75 9 7
56 67 58
82 86 67
56 81 67
83 79 46
28 83 27
47 55 45
88 30 7
80 0 90
89 7 2
91 49 3
92 6 0
2 75 39
95 50 48
80 13 17
6 15 43
86 84 29
21 47 48
63 41 76
93 59 27
70 85 8
30 79 93
65 58 88
57 47 36
21 58 53
89 20 98
21 83 9
62 97 21
6 62 52
15 15 29
32 97 96
74 18 97
59 25 39
9 89 99
62 65 76
83 77 96
95 58 20
6 39 0
27 88 11
3 44 52
22 86 19
90 3 33
47 72 1
46 92 71
64 26 73
13 52 52
20 68 60
46 5 38
39 30 68
4 56 27
70 18 38
43 28 51
74 67 22
88 6 71
28 62 79
60 19 19
81 35 63
83 95 59
68 92 85
16 56 12
80 85 82
49 61 54
89 12 79
53 21 94
28 20 79
16 80 18
4 63 13
4 9 34
70 73 18
17 31 59
29 61 43
39 7 7
41 46 3
60 93 91
32 67 84
37 46 88
5 33 87
16 25 10
25 48 68
87 16 72
86 65 49
56 88 11
89 83 60
2 98 35
76 25 23
12 37 82
20 13 31
41 35 33
80 27 82
17 96 12
75 60 33
69 34 90
42 78 35
49 40 65
67 93 62
37 69 39
17 5 84
36 51 31
8 44 39
17 86 64
68 95 62
86 42 22
42 16 86
41 14 6
18 60 72
50 2 8
30 73 84
96 14 71
99 66 82
16 8 98
84 85 88
97 42 85
94 51 83
73 44 19
53 47 7
8 65 33
47 30 91
96 42 69
70 64 94
50 82 64
83 21 42
76 57 15
69 27 96
6 99 81
97 56 54
54 58 7
69 87 39
96 68 95
17 98 22
47 68 46
65 42 29
71 98 16
21 64 49
76 54 20
46 91 32
69 46 47
51 67 67
97 40 50
90 20 99
63 19 74
0 62 11
77 95 67
59 72 29
34 4 1
88 30 3
82 93 5
46 39 85
58 43 21
37 21 52
34 96 95
67 81 70
51 34 67
87 51 42
19 67 28
45 84 95
8 17 59
95 7 62
86 81 10
20 33 22
18 95 19
14 73 6
54 43 43
97 65 59
97 29 91
79 68 60
95 20 41
30 95 29
35 7 40
12 14 33
8 60 38
57 22 58
99 27 13
62 11 86
4 67 42
37 36 75
48 58 79
55 87 17
57 9 1
38 45 63
19 52 87
42 83 49
81 44 69
15 34 40
68 67 60
75 40 29
65 61 56
96 68 11
45 37 74
20 78 40
2 22 35
16 83 58
63 72 42
88 27 45
56 56 2
96 80 38
45 97 74
28 65 10
97 60 6
51 28 10
13 93 39
95 5 80
99 92 39
15 55 13
6 65 15
56 82 51
10 62 31
2 68 22
4 11 20
74 34 64
41 98 39
26 92 21
98 24 79
85 87 61
0 76 33
12 13 56
33 94 51
3 4 28
5 27 33
86 54 68
54 79 45
46 69 12
90 88 13
70 2 62
45 31 71
84 99 3
33 72 25
42 8 35
18 62 99
75 60 4
46 21 94
33 30 67
37 99 86
29 79 66
35 95 47
30 32 79
40 60 28
48 15 59
25 29 96
37 70 3
31 62 76
11 2 43
30 84 65
12 25 36
44 7 27
77 41 45
21 65 28
27 49 52
39 13 23
44 9 15
4 65 58
14 64 35
84 36 14
87 48 46
30 75 87
11 93 4
80 5 23
43 17 88
39 46 37
93 65 89
86 77 57
76 17 40
3 64 85
88 5 3
6 27 78
50 65 89
3 60 87
71 71 80
3 88 30
43 19 82
52 1 25
43 65 40
16 43 41
30 95 60
96 89 95
68 69 89
47 12 87
36 97 89
31 95 12
46 64 90
83 8 47
6 25 28
46 7 34
50 85 66
56 86 57
84 29 59
90 65 69
31 57 39
83 71 2
32 60 11
58 84 8
68 62 67
16 84 47
61 11 15
25 11 15
93 5 16
80 94 7
96 92 80
89 2 39
4 91 83
20 39 0
2 99 91
20 43 54
93 4 30
20 20 43
22 86 0
2 51 14
27 12 59
52 37 16
92 28 31
97 48 64
96 12 66
6 33 73
22 79 39
42 71 82
85 87 62
83 38 70
27 8 2
52 16 24
88 52 71
10 39 79
65 74 78
56 58 73
