70 29 52
20 36 44
83 32 14
20 49 90
14 65 48
20 73 31
11 56 56
65 23 32
90 93 89
53 72 60
14 7 52
14 65 52
16 21 53
63 50 75
31 67 7
72 91 11
90 73 63
70 14 31
82 99 27
28 79 62
93 94 90
70 7 52
74 67 53
78 65 48
65 72 7
23 67 27
4 89 28
31 71 53
23 67 61
37 2 10
88 85 80
14 7 63
83 32 43
28 79 37
83 64 62
90 89 44
31 85 7
3 2 7
82 67 61
90 61 83
65 89 28
85 30 68
20 89 28
43 55 28
58 67 53
90 51 39
82 67 53
14 77 63
78 65 52
70 73 63
22 0 62
83 2 10
14 64 63
4 30 62
38 48 90
3 2 14
58 14 18
90 89 18
4 77 68
30 91 13
29 67 91
67 64 23
71 74 39
16 61 53
93 94 89
86 51 24
78 64 46
2 77 75
71 91 39
82 49 3
30 91 39
22 64 14
41 23 32
29 67 53
83 68 62
86 34 13
4 89 60
2 50 75
29 71 99
58 51 24
63 89 28
58 14 28
83 0 62
28 79 89
65 89 32
28 99 90
90 74 24
90 51 24
28 94 62
60 77 75
85 77 60
74 80 53
40 4 89
31 61 99
65 73 18
60 89 62
83 2 43
90 61 13
16 91 53
2 52 60
72 71 53
86 34 83
2 89 62
18 29 52
70 36 44
93 48 89
3 0 10
82 48 37
40 83 89
4 52 75
43 56 28
18 65 63
90 51 13
30 61 24
58 34 24
20 49 37
38 48 89
4 77 62
43 91 11
92 93 91
53 85 80
72 67 91
38 99 90
29 91 91
41 72 66
74 74 90
70 73 28
28 94 37
60 52 68
63 77 60
74 74 27
71 51 83
72 67 11
43 61 99
43 4 91
20 79 3
29 67 11
63 30 68
58 51 83
20 94 37
82 48 3
14 77 52
70 65 52
60 77 60
63 30 28
93 94 3
90 56 56
22 32 7
82 74 27
31 21 66
23 74 53
40 0 62
90 56 28
65 67 32
82 60 61
29 21 91
82 49 90
92 56 56
31 72 80
90 89 63
70 57 63
63 89 62
30 51 83
11 93 91
43 67 66
18 77 23
31 71 11
70 36 28
58 73 18
37 68 7
3 32 14
70 77 46
53 67 7
71 74 65
90 4 91
43 55 89
43 55 91
78 7 23
2 89 60
90 36 63
83 0 10
83 0 14
4 50 60
37 32 14
82 80 61
78 77 23
31 71 66
82 99 3
23 67 90
30 34 83
23 80 27
58 60 24
2 52 75
72 61 53
82 74 53
90 93 90
65 85 66
93 49 62
3 0 7
37 64 62
40 56 56
85 52 62
4 77 75
28 99 89
78 77 46
53 85 66
82 74 61
82 60 53
40 32 10
71 74 13
58 73 44
53 67 80
65 67 7
90 57 31
20 73 44
31 67 32
16 67 53
31 72 32
20 36 18
90 4 89
60 50 28
70 65 46
29 67 66
3 64 43
74 74 53
11 93 89
67 77 52
92 55 90
74 99 61
18 64 48
31 91 91
2 50 60
74 67 90
65 36 18
58 80 90
23 99 24
90 57 18
70 73 18
41 72 60
60 77 62
93 79 89
43 91 99
65 36 31
71 61 13
22 2 43
58 99 61
83 64 10
43 93 90
53 89 80
65 23 60
93 49 89
70 77 52
2 77 62
78 64 23
20 48 62
65 89 44
70 36 31
63 50 62
92 83 28
11 55 89
14 7 46
64 74 90
58 34 65
20 99 37
85 30 75
22 64 10
71 61 24
64 80 24
88 72 7
90 34 65
28 79 3
28 94 89
22 0 7
40 83 91
72 71 11
82 99 89
31 67 11
58 67 90
4 52 68
90 61 24
85 89 75
29 91 11
14 77 48
53 72 7
92 83 90
43 83 91
85 89 68
92 55 91
93 48 3
74 60 24
3 32 62
28 48 3
90 91 65
90 91 24
20 99 89
72 61 11
72 91 99
90 74 83
64 74 27
82 49 37
58 74 61
90 89 31
23 80 24
65 67 80
11 93 90
22 68 62
60 52 62
20 79 90
58 60 53
65 57 18
29 71 66
65 57 28
37 32 62
58 89 31
37 0 10
67 29 23
28 48 37
64 67 61
14 29 46
67 29 46
29 61 66
85 52 68
65 14 28
82 99 90
2 89 68
90 34 39
31 23 80
40 56 90
37 0 7
63 89 68
72 61 99
38 49 37
72 61 66
60 77 28
58 73 63
3 0 14
70 36 18
82 99 37
64 60 61
40 93 89
4 77 28
93 99 90
43 93 56
22 32 14
37 2 43
93 49 3
71 91 24
90 61 39
40 0 14
70 14 28
14 29 52
58 57 28
90 83 91
53 89 32
11 93 28
22 32 62
90 56 90
58 99 53
41 23 80
92 4 56
30 91 65
93 99 89
41 85 7
11 56 28
67 64 48
90 4 90
28 49 62
38 48 3
58 74 65
90 93 28
67 77 46
40 93 28
70 89 63
60 30 75
63 30 75
78 7 48
58 89 18
88 67 60
58 61 65
82 60 24
65 14 63
4 30 75
78 64 52
41 67 7
82 94 89
67 29 63
71 91 65
31 71 91
63 52 28
2 52 62
53 67 32
16 61 91
23 60 27
58 74 90
88 72 80
67 7 48
82 99 61
4 89 75
4 30 28
38 94 62
30 51 39
65 14 18
16 91 99
4 89 68
60 50 60
43 93 28
64 67 27
40 93 91
16 61 99
23 99 90
82 79 3
38 79 37
78 29 48
92 56 90
63 52 62
83 64 43
41 67 60
43 67 53
92 56 89
83 68 7
31 71 99
30 61 13
90 51 65
23 80 53
90 83 89
74 80 61
90 57 63
88 23 32
18 64 63
65 23 80
72 21 66
90 74 65
14 65 46
43 21 66
43 71 99
83 32 62
65 72 80
18 7 46
78 65 46
86 74 13
40 64 62
43 93 91
67 65 46
38 49 3
78 29 46
16 67 91
86 74 24
82 99 62
18 65 23
70 77 63
72 21 53
37 2 62
30 91 83
3 32 7
82 94 37
31 91 53
71 74 24
85 77 62
64 99 53
40 2 10
65 73 44
2 50 62
78 65 63
88 23 7
20 89 63
31 89 66
67 77 48
2 50 28
43 71 11
40 32 14
90 34 13
71 51 24
3 0 62
88 89 7
60 50 62
22 68 10
86 74 39
70 57 31
58 74 39
41 89 60
64 60 90
11 93 56
90 73 44
82 60 90
58 91 83
29 61 91
41 85 32
37 32 43
88 85 7
65 36 44
70 64 63
14 65 23
90 91 39
65 85 7
82 99 24
18 7 63
43 55 56
53 23 7
71 34 13
63 50 60
2 52 68
58 57 31
70 57 28
53 67 60
4 52 60
53 85 7
67 65 23
2 77 68
65 72 66
37 68 43
40 4 28
3 2 10
40 68 14
30 74 13
2 30 68
70 89 28
43 67 91
53 72 80
11 83 56
22 68 43
85 50 62
11 55 56
58 61 13
88 67 32
58 61 24
88 23 66
90 55 28
30 34 13
90 83 28
92 93 56
65 14 31
58 91 24
4 50 75
58 14 31
31 61 66
16 71 11
88 89 66
86 34 39
92 4 91
20 79 37
31 85 66
71 34 83
41 85 60
20 48 89
90 4 28
3 68 43
22 2 7
83 68 43
90 34 24
90 91 13
40 64 43
41 72 80
37 0 62
18 77 63
38 99 3
43 61 91
58 51 65
71 34 39
90 83 90
16 71 91
29 71 91
86 91 65
20 14 31
30 61 65
14 29 23
93 49 90
53 89 60
70 77 23
72 71 66
65 89 31
65 72 32
31 91 99
83 68 14
70 14 63
14 7 23
16 21 11
22 68 14
43 83 28
43 21 11
43 83 56
30 91 24
65 57 31
11 83 90
86 61 13
65 36 63
58 91 65
82 94 3
40 56 28
40 55 90
38 94 89
11 55 90
85 77 68
65 14 44
31 23 32
31 67 91
20 57 28
88 72 60
71 51 13
65 89 18
38 79 90
31 85 32
37 0 14
53 23 60
65 67 66
83 32 7
58 14 63
67 77 23
74 67 61
60 52 60
38 79 62
40 2 43
58 61 83
70 57 18
67 64 46
43 56 90
28 48 89
41 89 80
65 89 7
86 34 65
31 23 66
90 34 83
40 32 7
65 89 63
38 99 62
38 99 37
90 36 18
82 79 62
16 71 99
16 67 99
22 32 43
71 61 83
30 74 65
93 79 3
82 48 90
31 89 80
43 91 91
65 57 44
20 99 62
92 4 90
70 14 18
23 67 24
86 91 24
41 67 80
64 74 61
92 93 89
43 61 66
37 0 43
18 64 23
20 99 3
14 29 48
74 67 27
40 93 56
28 99 62
11 4 89
88 85 60
93 48 37
20 49 89
31 21 91
40 2 62
71 74 83
3 32 43
90 55 89
88 67 7
83 0 43
63 89 75
14 7 48
43 61 11
83 2 7
92 55 28
41 89 7
58 67 27
74 74 24
18 29 63
30 51 65
82 48 89
31 67 53
37 68 62
29 61 53
18 29 46
88 85 66
58 99 24
83 32 10
58 74 24
67 29 52
82 94 62
65 89 60
63 52 60
20 36 31
78 7 46
53 89 7
23 80 90
43 4 89
30 51 13
22 64 43
31 89 7
40 56 89
22 64 62
82 79 89
20 14 18
82 74 24
2 30 60
37 68 14
22 0 43
90 74 13
85 50 68
20 57 44
83 0 7
58 89 63
85 50 60
70 89 18
92 83 89
16 91 91
37 68 10
90 51 83
31 21 53
70 7 63
86 91 39
18 77 52
65 73 28
67 65 48
65 85 60
85 52 75
82 80 24
92 55 89
72 21 91
43 71 91
63 30 62
29 91 53
3 64 7
65 85 32
92 83 91
43 56 56
2 30 62
93 48 90
41 23 7
11 56 89
90 74 39
40 64 14
20 99 90
38 94 90
58 91 13
16 71 53
18 64 46
23 60 90
23 99 61
71 61 39
86 61 65
71 91 13
30 74 24
67 64 63
78 77 63
74 99 24
29 21 99
30 34 39
43 21 91
31 67 99
64 60 53
2 77 60
88 67 80
65 73 63
74 60 90
72 67 53
67 29 48
82 49 89
82 60 27
29 67 99
85 50 75
29 21 11
58 80 61
88 23 80
31 67 80
71 91 83
53 23 32
72 67 99
20 94 89
40 0 43
16 21 66
90 14 31
90 4 56
90 36 31
11 56 90
86 34 24
82 80 27
70 29 23
78 64 48
43 61 53
85 77 75
74 67 24
41 72 32
38 49 89
37 64 14
40 55 91
64 80 90
20 48 90
65 73 31
86 61 39
38 79 3
23 74 24
31 89 32
31 72 60
78 29 63
30 34 65
90 55 90
22 0 10
4 77 60
88 72 66
64 67 90
14 77 23
40 55 56
31 72 66
78 7 63
74 80 27
31 23 7
90 89 28
30 51 24
60 89 28
20 73 28
65 23 66
43 91 53
72 91 66
67 64 52
92 55 56
29 21 66
22 0 14
20 36 28
22 2 14
40 32 62
22 2 10
60 30 28
58 51 39
22 68 7
58 80 24
63 77 28
20 49 62
88 89 80
74 99 90
43 21 53
82 48 62
90 73 18
65 57 63
71 51 39
20 79 62
3 68 10
40 68 7
64 67 53
31 72 7
58 80 27
40 83 28
53 23 66
38 79 89
67 7 63
90 55 56
65 85 80
20 14 63
40 4 91
83 2 14
28 49 89
88 89 60
29 21 53
28 99 3
2 77 28
31 85 80
83 2 62
58 73 28
28 49 37
23 67 53
60 50 68
3 2 43
64 60 24
23 80 61
41 23 60
85 89 60
16 21 99
82 67 90
92 93 28
86 91 13
53 67 66
2 30 75
70 64 52
18 65 52
23 74 90
58 91 39
60 30 62
82 80 53
82 67 27
53 89 66
86 74 83
92 83 56
30 74 39
86 51 13
43 56 89
40 4 56
82 80 90
41 72 7
37 2 14
4 89 62
41 89 66
31 61 91
20 73 18
82 79 37
22 32 10
63 77 62
43 4 56
16 61 66
37 32 7
93 99 37
78 65 23
40 83 90
88 67 66
90 57 28
71 61 65
58 61 39
67 77 63
72 71 99
29 71 11
41 67 66
86 51 39
31 61 11
4 50 28
31 67 66
20 57 63
4 50 62
20 89 44
65 23 7
31 23 60
2 30 28
72 21 99
14 64 46
70 7 23
22 64 7
64 67 24
2 89 75
90 91 83
40 68 10
3 0 43
20 48 37
88 23 60
14 64 52
20 14 44
85 30 28
23 60 24
11 83 91
86 91 83
20 89 31
20 14 28
58 67 24
18 65 48
83 64 14
4 52 28
58 89 28
11 4 90
20 94 62
72 71 91
16 67 11
64 80 53
85 30 62
85 89 62
38 99 89
58 74 27
70 65 63
11 55 28
70 7 48
41 23 66
43 56 91
2 52 28
93 94 62
65 67 60
65 36 28
29 91 99
23 60 53
58 14 44
14 64 48
28 94 90
92 4 89
23 99 27
40 55 28
31 67 60
70 64 23
88 89 32
58 99 27
86 74 65
71 51 65
64 74 53
43 91 66
70 65 48
82 49 62
63 77 75
70 64 48
43 67 11
63 50 68
64 80 27
30 61 83
70 29 46
40 0 7
14 64 23
37 64 43
41 67 32
93 94 37
3 68 14
88 85 32
