22 0 14
23 74 27
72 21 91
70 7 46
64 99 53
78 29 63
85 77 60
86 61 13
82 48 89
65 36 63
3 64 7
74 99 61
72 61 11
20 49 3
65 36 28
58 61 24
71 34 13
83 64 14
53 23 66
31 61 99
11 93 28
29 71 53
40 68 43
93 94 3
38 79 62
70 73 18
29 61 99
20 49 90
90 57 63
65 73 31
37 68 62
74 74 90
58 61 13
64 67 24
92 83 56
58 34 39
82 79 3
43 67 11
20 89 18
90 36 18
31 67 11
20 79 62
71 34 24
43 71 11
72 61 66
38 48 89
58 99 27
11 83 90
14 64 23
2 77 75
14 65 46
72 71 99
40 55 56
11 56 56
90 93 90
2 52 60
74 67 27
41 67 32
14 29 48
60 50 75
2 50 68
78 64 46
90 14 28
90 55 56
30 91 13
71 61 39
31 85 66
16 21 99
63 52 75
70 73 31
60 77 68
41 89 60
65 89 7
93 99 89
41 23 80
28 99 90
70 7 52
30 34 83
40 93 28
70 77 63
60 30 68
20 89 28
40 56 91
31 21 53
74 74 61
67 7 46
85 50 62
4 77 60
3 0 10
20 99 89
4 52 75
60 50 62
18 65 48
16 91 99
3 0 62
20 36 44
64 74 24
58 74 39
23 67 24
58 91 24
40 2 14
23 60 27
72 71 91
14 7 63
16 21 66
30 61 24
82 80 27
63 50 75
11 56 28
28 99 89
53 85 60
78 77 46
86 51 24
58 74 27
90 74 83
3 64 43
22 2 43
70 14 28
70 77 48
82 80 90
63 30 75
29 71 91
70 29 63
82 94 89
74 67 61
58 34 13
65 72 66
92 56 56
31 85 32
23 99 27
22 64 7
40 2 43
20 99 90
72 67 66
30 34 13
22 64 43
72 21 99
92 4 90
31 85 7
43 56 89
60 30 62
60 30 28
58 67 53
90 91 13
40 68 7
65 67 66
60 50 28
92 83 89
65 14 63
71 51 83
83 2 10
53 67 32
18 7 46
58 91 13
93 99 3
74 99 27
58 67 24
28 49 3
53 72 32
14 77 52
20 73 28
74 74 27
16 71 11
88 72 66
20 48 3
71 61 83
29 67 91
65 72 80
40 2 10
18 64 63
16 61 53
82 99 27
18 7 23
65 36 18
88 67 32
16 91 66
40 2 7
70 57 28
3 0 43
53 89 32
58 80 27
40 68 62
31 23 66
14 64 63
58 34 24
70 36 31
31 72 7
30 61 65
40 93 89
53 72 7
90 93 56
83 32 14
28 94 89
88 23 32
20 57 28
93 48 37
40 55 89
64 74 90
31 91 99
41 67 7
85 77 62
60 30 60
65 89 63
70 65 48
30 91 83
78 7 46
86 34 13
2 77 68
29 21 66
88 89 60
2 50 62
90 36 63
65 36 44
31 61 66
85 50 75
3 32 7
72 91 66
20 48 62
3 32 10
40 93 91
88 23 80
23 67 27
28 49 89
37 0 43
74 67 90
82 60 53
31 71 91
82 60 61
20 48 90
71 91 39
37 2 62
82 48 37
88 85 60
72 21 66
37 2 43
82 67 24
30 34 65
93 79 90
60 52 75
40 32 7
38 48 62
4 30 62
82 74 24
11 4 56
71 74 13
20 48 37
63 30 28
86 61 24
22 2 62
88 85 7
85 50 28
31 91 66
90 93 28
90 91 39
11 55 91
90 14 44
41 23 32
65 73 28
86 74 83
29 91 91
2 77 28
16 71 99
82 94 62
90 93 89
23 67 61
74 74 24
83 68 14
93 94 90
86 61 65
11 4 89
83 68 10
58 51 13
88 67 60
20 36 31
40 32 14
58 99 90
70 64 46
93 79 3
18 65 23
90 36 44
28 79 89
40 56 90
63 50 60
60 52 28
3 0 7
72 21 11
29 71 66
63 52 62
74 60 53
11 4 28
67 7 48
60 77 75
37 32 14
2 89 75
64 99 90
86 51 83
67 65 63
90 34 13
64 80 24
90 83 90
43 4 91
28 79 37
2 52 75
38 94 37
90 51 65
2 50 60
85 50 60
37 68 10
90 4 56
67 77 52
70 89 18
37 32 7
58 80 53
31 23 80
53 23 7
60 50 68
85 77 28
58 57 28
40 4 90
2 30 28
4 89 68
58 89 44
20 99 62
83 64 7
65 23 32
2 52 68
30 51 39
82 80 61
20 48 89
18 65 63
63 30 68
60 77 60
31 67 80
74 60 61
66 57 71
82 74 53
37 64 14
70 7 23
30 61 13
43 91 66
58 61 39
30 91 24
4 50 68
83 0 10
53 85 66
86 74 13
43 93 89
29 61 53
40 55 90
64 99 24
18 7 52
41 89 7
53 85 80
41 67 80
23 60 90
31 71 66
22 32 14
43 61 53
43 56 28
43 55 90
90 14 18
22 64 62
78 65 46
14 29 63
93 94 62
70 29 23
92 93 90
43 61 66
85 52 68
20 73 63
43 21 11
30 51 65
53 85 32
14 65 48
71 61 24
64 67 90
18 64 23
20 89 31
43 93 56
70 29 46
40 56 56
90 57 18
71 74 83
18 29 63
92 55 28
86 51 13
88 23 7
82 74 27
38 94 89
31 23 32
14 29 46
64 74 61
22 0 7
58 14 44
90 14 31
23 67 53
29 67 11
90 55 91
38 79 3
18 29 48
70 65 52
83 32 7
53 23 80
20 36 28
11 55 89
20 49 62
31 23 60
43 71 99
86 34 24
20 94 3
58 51 65
20 14 63
37 64 7
38 49 3
93 48 89
20 94 37
31 61 11
38 48 3
23 99 24
47 55 95
40 93 90
31 71 53
83 2 43
70 14 44
92 93 91
90 56 56
82 60 24
58 67 61
78 65 23
85 30 28
58 51 83
16 21 91
64 60 53
74 99 53
65 72 7
40 83 28
37 2 10
64 80 27
82 99 61
40 4 56
55 78 12
65 57 63
2 30 60
22 69 64
43 21 53
70 7 48
93 48 3
29 21 53
90 61 24
58 75 61
71 91 65
65 57 18
88 67 80
41 85 32
29 21 11
29 67 53
63 52 68
83 0 43
41 10 98
86 91 24
37 32 10
40 0 62
41 72 80
86 34 83
40 32 10
90 55 89
90 4 90
30 74 83
60 77 28
83 2 62
70 73 44
4 30 28
22 64 14
82 99 24
58 73 28
20 73 18
64 80 90
72 71 66
23 80 27
63 50 62
90 83 89
3 2 14
70 64 23
28 39 55
43 61 11
40 64 7
86 74 39
18 64 48
85 30 60
60 52 60
72 91 99
90 4 91
40 2 62
64 60 27
78 64 63
20 99 37
74 74 53
65 67 7
67 29 46
63 77 62
23 60 24
64 60 24
78 64 48
82 67 61
83 64 62
64 67 27
93 48 62
82 49 37
63 77 75
65 36 31
18 29 46
65 23 60
3 2 10
85 28 61
74 80 24
83 79 43
65 67 60
53 89 80
22 50 61
90 73 18
65 73 18
3 64 62
31 83 82
58 60 53
90 61 83
4 52 62
58 80 90
8 7 95
86 61 83
90 89 18
18 77 52
90 91 83
2 52 62
72 61 53
47 58 15
90 51 39
90 36 31
83 32 10
63 52 28
78 65 63
88 72 60
20 36 18
82 79 90
54 68 75
22 68 10
70 73 28
90 36 28
20 73 31
83 0 14
82 99 3
8 66 25
18 29 23
88 72 32
43 55 56
67 77 23
90 89 28
90 93 91
23 80 53
73 98 64
25 88 82
28 48 90
58 14 18
14 64 46
41 23 60
30 91 73
58 67 90
90 4 28
40 0 7
90 74 39
90 56 91
18 77 48
4 30 68
82 99 53
85 52 62
72 14 7
4 89 60
65 23 80
41 85 66
14 61 7
65 57 28
44 57 10
43 83 91
18 7 48
2 89 60
79 91 39
82 49 89
55 5 91
14 64 48
85 50 68
47 9 36
50 40 91
2 89 62
70 77 52
54 70 60
90 73 31
71 74 24
23 80 90
20 73 44
74 60 24
11 93 90
14 77 48
58 74 61
43 33 46
21 63 70
65 72 32
74 99 90
50 66 34
84 70 96
63 77 28
88 89 32
92 83 91
83 32 62
58 61 83
78 65 48
28 48 3
46 33 39
29 61 91
4 52 28
38 49 62
90 9 37
90 89 31
90 83 28
85 89 75
65 67 80
93 49 90
82 99 90
88 89 7
93 49 3
70 36 44
37 68 14
70 65 23
2 37 96
74 99 24
23 4 2
20 16 57
64 67 61
92 75 15
72 71 11
53 67 80
93 67 25
2 50 75
4 30 75
14 61 26
67 65 46
22 0 10
41 72 60
51 11 70
82 49 90
59 75 17
5 93 76
23 74 90
43 64 82
82 60 27
75 5 60
64 35 95
82 65 24
64 80 61
67 29 52
58 91 65
65 72 60
4 52 68
28 99 3
22 68 43
16 67 91
40 64 10
43 91 91
90 57 31
65 89 60
72 91 91
63 30 62
65 57 31
82 79 62
5 50 5
3 68 43
82 80 53
90 89 63
30 85 65
93 81 81
37 68 7
16 71 91
23 74 61
24 10 93
35 72 55
52 17 32
67 29 63
92 73 23
14 64 52
84 13 89
6 66 95
82 94 3
0 22 60
37 64 43
89 29 49
47 9 33
3 64 10
71 74 39
67 64 63
4 89 62
63 30 60
90 61 39
65 89 31
16 61 99
53 67 60
30 74 13
71 91 13
82 99 62
90 73 44
47 59 36
30 91 39
57 9 75
73 91 78
82 94 90
4 50 28
21 43 27
43 21 66
30 34 24
65 23 66
44 59 86
1 95 7
16 14 49
48 17 49
29 91 11
74 60 27
18 65 52
10 68 62
30 74 39
82 74 90
82 67 90
65 14 28
41 72 7
29 91 99
89 73 0
58 14 63
20 14 31
22 0 62
43 67 53
80 86 24
31 71 11
38 79 37
24 1 14
86 34 39
63 89 60
3 64 14
60 50 60
58 89 18
4 54 88
32 5 79
58 51 39
4 52 60
83 34 13
82 60 90
68 78 30
74 80 27
83 35 91
72 61 99
54 25 4
92 46 73
79 12 52
56 43 88
72 61 91
64 92 27
31 85 60
19 8 9
14 7 52
67 64 52
94 95 6
80 61 92
37 83 94
1 67 8
70 77 23
7 79 43
43 21 91
64 99 61
22 2 14
61 39 11
35 95 39
13 22 18
64 0 98
70 77 46
74 60 58
89 53 75
40 83 56
72 67 99
65 73 63
3 2 62
72 67 53
82 94 37
31 91 11
71 93 16
90 83 56
20 57 44
42 78 66
67 7 23
92 55 89
2 21 37
93 48 90
8 81 3
34 17 23
62 24 45
16 21 11
4 50 62
55 76 39
92 93 28
67 1 14
88 41 49
70 73 63
48 86 5
72 67 91
32 23 29
16 61 11
58 74 13
85 51 35
64 80 53
3 68 14
29 77 11
36 4 33
6 65 17
90 55 90
41 89 66
9 41 62
20 99 3
11 56 89
36 10 27
71 74 51
43 55 91
25 49 72
58 57 63
40 55 28
93 79 89
57 72 37
16 67 66
67 64 48
43 61 99
58 74 90
71 74 65
53 89 7
41 23 66
55 84 42
11 56 91
5 82 91
89 78 44
58 34 65
58 60 61
43 91 11
95 64 56
38 94 3
78 82 52
41 71 26
70 67 40
59 44 61
11 56 90
78 78 3
40 18 99
41 89 32
29 21 99
99 22 46
85 27 29
16 67 99
10 57 74
30 14 42
3 68 62
58 34 83
3 32 62
75 19 5
62 86 71
72 80 52
11 4 90
38 99 89
58 67 81
67 86 62
20 94 62
67 65 23
90 51 83
69 34 85
71 91 83
26 82 92
43 6 41
43 91 53
40 83 90
86 30 77
20 49 89
32 11 42
20 78 46
60 30 75
31 67 66
86 51 65
37 96 55
2 4 8
0 51 43
44 96 46
90 79 43
35 39 82
17 15 2
59 82 78
23 36 40
23 80 24
58 36 18
22 2 7
41 59 45
50 66 53
93 52 49
17 61 7
88 93 69
82 49 62
70 76 13
6 18 35
67 73 42
98 29 44
14 48 73
38 48 37
8 2 29
82 74 61
4 92 20
72 73 26
82 89 99
97 13 37
28 48 62
64 60 90
70 4 37
32 32 52
42 99 79
12 95 94
87 95 74
14 40 42
23 87 10
84 46 26
53 59 12
78 23 45
6 71 75
67 64 23
20 93 93
30 51 83
4 50 60
13 17 58
58 67 27
99 58 53
91 31 80
81 36 49
24 8 49
96 56 90
32 87 71
77 60 36
20 94 89
47 37 21
60 89 60
3 69 93
65 73 44
72 21 53
97 84 96
83 22 71
35 56 13
29 31 54
58 74 24
88 85 80
20 57 63
72 87 82
58 99 53
8 72 53
31 67 7
0 25 90
48 6 79
72 63 90
22 64 97
71 7 31
54 16 12
43 84 39
82 99 37
80 80 98
30 51 13
98 48 56
59 37 28
81 11 43
43 4 90
4 50 75
73 45 15
14 77 46
16 88 97
31 93 11
74 73 44
88 19 97
80 83 97
3 46 29
54 24 63
57 42 49
60 43 7
56 21 37
65 89 32
3 0 14
70 57 18
24 10 3
42 95 38
30 74 24
0 32 5
86 91 65
32 60 6
23 74 24
16 6 26
13 70 47
32 40 39
82 80 24
