70 57 18
40 55 56
16 21 91
30 91 13
65 73 18
65 14 18
93 79 90
71 61 83
28 94 62
20 57 44
64 60 90
65 23 7
14 7 46
4 77 60
53 89 60
85 77 28
4 52 68
16 21 66
22 2 43
58 51 65
18 7 48
90 89 31
41 85 32
4 52 60
28 94 3
18 29 23
14 7 23
37 68 62
20 48 37
22 0 62
65 85 60
31 91 91
18 65 48
72 21 11
53 23 32
53 85 80
29 61 91
72 71 11
65 67 7
11 83 89
90 51 24
86 51 65
78 65 63
82 74 27
41 72 80
82 94 37
37 68 7
40 68 14
78 65 46
88 23 32
43 55 91
40 2 7
82 67 90
65 67 32
31 71 11
38 48 37
31 21 91
20 48 89
90 73 31
40 2 62
70 57 44
23 74 24
28 48 90
83 2 10
88 23 60
90 74 24
18 64 48
58 99 27
92 93 56
58 74 90
38 79 89
67 29 46
18 65 63
67 65 46
64 99 61
38 94 89
31 71 99
3 32 10
58 57 28
11 55 56
72 21 66
31 67 7
53 23 80
65 14 44
83 0 14
86 74 65
65 89 66
67 64 63
4 52 28
63 52 28
40 55 89
92 93 91
85 30 68
86 91 24
29 67 66
72 61 53
41 67 7
29 21 66
67 7 23
31 23 80
60 89 75
58 74 65
58 91 65
30 61 13
71 34 13
86 61 65
58 51 24
4 30 75
67 64 48
58 91 13
22 68 43
67 64 52
16 91 99
58 99 90
31 91 11
58 61 65
3 0 14
4 89 68
70 73 44
58 60 90
58 60 53
43 4 90
29 61 11
14 77 46
14 64 52
83 2 62
20 49 37
3 0 7
38 49 89
82 67 27
86 91 13
43 91 91
41 67 32
3 68 7
18 7 52
67 77 63
41 89 32
30 61 83
4 52 75
38 49 62
4 50 28
86 34 83
90 36 31
90 4 90
16 67 91
65 57 44
43 83 56
30 61 65
72 91 11
23 67 53
20 36 63
23 60 53
23 80 24
43 71 53
14 64 48
82 99 24
20 49 62
71 51 65
67 7 48
20 79 90
74 99 90
31 61 99
60 52 68
38 99 3
63 52 62
43 21 66
40 32 62
43 21 53
14 65 63
83 32 43
64 74 61
37 64 14
65 23 60
40 93 90
29 91 53
31 23 66
88 72 66
74 74 61
43 83 91
74 74 90
43 67 66
93 99 62
58 73 44
11 83 91
71 51 39
43 83 89
86 91 39
64 99 53
82 94 90
28 48 37
14 29 23
3 2 43
71 74 65
30 51 83
70 73 18
37 0 7
58 34 39
70 14 28
72 67 53
16 91 91
72 61 66
82 74 90
70 89 31
85 50 28
2 89 60
53 67 60
93 99 90
20 94 3
4 50 60
2 89 62
64 60 53
16 61 53
60 50 75
31 85 7
63 30 75
11 4 90
83 2 43
90 83 90
11 56 28
29 91 91
38 48 89
11 56 90
65 73 28
67 29 63
60 89 68
30 34 65
43 67 11
11 93 90
58 80 24
58 34 24
90 14 31
86 51 24
43 93 90
29 61 53
53 23 66
40 64 10
2 52 68
67 77 52
14 29 63
71 34 65
43 71 91
58 36 63
65 36 18
43 61 66
11 4 91
70 64 48
90 14 28
18 77 23
11 83 28
20 99 3
3 0 10
85 50 68
92 56 91
18 64 63
30 61 39
20 36 28
37 32 43
2 52 62
71 91 39
71 51 13
78 77 23
4 50 62
11 56 89
82 60 90
30 74 83
58 99 61
53 89 32
30 51 39
93 49 62
60 52 75
90 55 91
40 68 10
90 34 65
64 99 27
11 83 90
58 91 39
37 32 62
83 64 7
64 80 90
82 94 89
85 77 75
43 55 89
38 48 90
93 48 3
63 52 68
3 32 7
93 49 3
86 74 13
31 67 66
64 74 53
88 89 66
85 50 60
90 55 90
40 0 43
70 73 63
70 89 28
72 71 66
67 29 48
72 61 99
31 61 66
82 67 24
14 77 23
3 2 14
31 61 91
88 67 66
22 0 14
2 50 28
41 85 66
65 89 28
28 48 3
83 2 14
83 32 62
88 67 80
3 0 62
71 91 13
90 91 65
70 57 63
93 99 37
71 61 65
53 67 80
58 36 31
64 74 24
29 91 11
71 61 13
83 68 43
38 79 37
82 49 89
43 91 53
20 79 37
30 74 24
92 4 28
90 74 65
31 21 53
20 94 37
70 73 28
64 99 24
22 2 14
22 0 10
72 67 91
16 61 91
18 29 46
90 61 39
93 94 3
2 30 68
82 60 27
65 73 31
28 49 3
72 67 66
63 77 62
60 52 62
92 4 56
22 64 43
40 0 7
23 99 24
85 30 62
20 49 90
70 89 18
85 30 75
65 23 80
58 89 28
20 14 18
11 56 91
70 57 28
93 79 89
90 73 28
2 50 62
85 52 62
40 55 91
43 21 91
82 48 62
2 89 75
70 77 48
90 74 39
58 89 44
18 64 46
41 89 60
40 32 43
20 57 63
41 72 66
65 14 28
63 89 75
71 91 83
23 60 27
78 64 48
22 32 43
31 61 53
20 14 44
37 0 43
93 48 90
41 85 7
85 52 60
82 48 90
90 89 18
82 67 61
64 80 61
16 61 99
93 48 89
14 65 52
65 57 18
23 67 61
22 32 14
86 61 83
65 85 32
41 85 80
20 89 44
28 48 89
82 94 62
65 57 63
82 60 24
3 68 43
16 71 99
43 56 89
2 50 60
82 79 62
38 48 62
88 72 7
38 79 90
64 67 27
40 2 14
82 74 24
30 34 83
31 23 32
90 61 24
88 85 60
43 67 91
92 55 89
90 34 13
18 29 63
92 55 56
90 93 89
65 67 80
64 74 27
18 65 23
23 67 24
3 68 62
18 65 46
29 21 11
85 89 60
78 77 63
20 89 31
78 64 23
85 30 60
58 60 24
72 71 91
58 57 18
37 32 7
67 64 46
37 0 10
65 23 32
14 7 52
78 77 46
2 30 75
65 85 80
40 93 56
58 67 90
63 50 62
70 89 44
85 52 28
43 21 11
40 55 28
43 71 66
43 56 56
90 89 44
78 64 52
14 29 52
31 85 66
41 23 7
40 4 28
67 7 63
86 51 39
92 83 28
31 72 66
82 79 89
90 73 63
86 61 39
63 30 28
88 89 60
20 99 89
93 49 90
20 79 89
58 91 83
37 68 10
85 89 68
31 71 91
16 91 11
67 29 52
2 50 68
31 23 60
90 56 89
93 48 62
43 55 28
23 99 61
43 55 90
88 23 7
93 94 89
85 30 28
28 94 90
74 80 24
58 74 39
90 55 28
20 48 62
20 57 31
88 89 80
70 29 48
67 7 46
90 36 18
14 7 63
83 32 10
37 2 10
92 4 91
37 2 43
70 77 23
70 64 46
71 74 39
20 79 62
58 34 65
28 99 89
65 36 31
82 99 90
70 36 44
31 67 60
64 80 53
90 34 83
82 99 61
64 80 27
92 56 28
60 30 75
14 77 52
63 30 68
31 91 99
82 60 53
40 4 90
40 32 14
30 34 24
20 49 3
28 79 37
58 91 24
90 89 28
3 32 14
72 61 11
43 56 90
90 51 83
2 52 28
58 80 61
65 89 7
3 32 62
88 85 66
82 80 90
86 51 83
2 77 68
82 74 61
67 77 23
90 36 63
3 64 10
58 74 27
92 93 90
20 48 3
3 32 43
88 89 32
14 64 63
40 83 91
43 93 89
20 36 31
41 67 66
11 55 28
37 68 43
43 83 28
38 48 3
58 51 13
82 48 3
58 61 13
22 64 14
90 83 91
65 14 31
70 29 46
85 89 28
71 91 65
83 68 62
2 89 68
70 7 63
64 67 24
31 21 11
28 79 3
85 50 62
58 80 90
58 36 28
74 67 53
65 57 28
43 61 53
82 80 24
53 23 60
78 77 52
22 64 7
22 2 62
86 61 13
22 68 14
78 7 48
2 30 28
18 64 23
14 64 23
92 55 90
65 89 18
38 99 62
41 85 60
31 71 53
74 67 27
93 49 37
90 4 56
31 67 91
20 79 3
37 2 62
4 89 28
38 99 90
90 93 28
58 61 24
78 7 63
70 77 52
41 89 7
37 32 14
83 2 7
23 99 27
90 51 65
72 67 99
88 72 80
60 50 62
85 77 62
16 21 53
28 94 37
58 67 53
88 85 80
20 57 18
18 7 46
70 29 63
90 61 83
74 80 90
30 51 24
93 49 89
3 64 14
41 89 66
67 7 52
14 77 48
37 64 62
29 67 91
63 77 75
63 89 68
90 56 56
31 71 66
90 57 18
40 4 91
90 51 13
31 89 32
64 60 27
92 93 28
74 60 24
86 91 83
88 72 60
90 83 56
90 89 63
53 85 66
28 49 62
64 67 61
40 64 7
31 67 53
29 91 99
37 2 7
90 83 28
40 68 7
11 93 56
71 34 83
70 14 44
40 2 43
40 64 14
29 67 99
20 49 89
31 85 80
38 94 3
40 83 56
82 80 53
43 55 56
58 99 53
3 2 10
53 89 80
86 91 65
38 49 37
90 4 28
23 74 27
63 52 75
11 55 89
3 68 10
37 64 43
90 57 28
72 21 91
43 93 56
86 61 24
83 68 10
40 55 90
78 65 48
2 77 28
90 83 89
31 85 32
72 91 99
4 77 62
90 55 56
90 73 18
74 67 61
71 74 24
70 14 63
18 77 48
23 60 90
83 64 43
23 80 53
65 89 32
22 2 10
90 74 13
53 89 66
63 50 28
40 56 89
88 23 80
31 67 99
43 67 99
82 49 90
16 61 66
20 73 63
43 93 28
23 67 27
58 57 63
83 0 7
58 80 27
43 83 90
37 64 10
40 93 28
4 52 62
38 99 89
28 99 3
65 89 44
16 67 99
70 57 31
30 34 39
83 64 14
60 89 28
70 14 18
20 73 44
3 64 62
78 29 52
43 71 11
31 89 60
93 94 37
16 67 66
90 56 28
60 30 60
43 91 99
92 4 89
22 68 62
70 65 23
92 83 56
29 21 91
53 72 66
58 14 31
72 21 53
41 72 32
58 74 83
93 94 90
60 30 62
37 64 7
70 77 46
90 14 18
90 93 90
4 77 75
18 7 63
78 7 46
23 74 61
38 94 37
20 73 18
60 50 28
82 79 37
67 65 23
40 56 56
58 36 44
11 83 56
4 50 68
43 67 53
65 36 63
16 21 99
28 49 37
63 77 60
31 85 60
90 57 44
2 30 62
58 67 27
90 93 56
22 68 10
11 55 91
70 64 23
31 67 80
72 71 53
53 72 80
16 91 66
58 51 83
60 77 60
67 64 23
82 79 3
60 52 60
78 7 52
65 14 63
40 56 28
28 49 90
65 67 60
70 65 52
30 74 39
16 71 66
23 60 24
20 89 18
43 93 91
71 61 24
92 83 91
58 36 18
20 94 90
4 30 62
43 56 91
20 48 90
22 68 7
90 34 39
70 73 31
2 30 60
90 14 44
23 99 90
67 77 48
74 60 53
64 60 24
43 4 91
22 0 7
2 52 60
65 73 44
88 67 7
70 7 23
41 23 80
2 77 62
58 74 24
20 14 63
82 48 89
23 74 53
30 91 39
82 48 37
58 67 24
92 55 28
20 57 28
43 4 89
67 29 23
71 34 24
92 93 89
65 36 44
58 74 53
40 93 89
53 85 7
4 30 28
41 23 66
90 61 13
43 71 99
4 50 75
63 77 28
58 57 44
41 23 60
90 91 83
63 50 60
70 65 63
85 52 75
72 91 91
90 36 44
38 94 90
67 65 52
82 99 3
60 77 75
60 30 68
58 61 83
41 72 7
18 77 46
58 73 63
70 7 46
83 64 10
67 65 63
82 99 62
20 99 62
83 32 14
72 61 91
37 32 10
53 85 32
58 14 63
31 21 66
86 34 24
83 32 7
31 89 80
64 67 90
78 29 48
74 74 27
22 0 43
40 4 89
58 67 61
90 57 63
72 91 66
20 36 44
60 89 62
82 49 3
43 61 11
63 52 60
38 49 90
58 89 31
63 50 75
3 64 43
82 99 53
70 64 63
58 74 61
82 99 27
2 77 75
88 67 32
85 77 60
74 60 27
14 65 46
40 32 10
70 36 28
18 29 52
38 79 62
70 29 52
74 60 61
40 0 10
22 32 62
70 89 63
53 72 7
71 34 39
16 61 11
40 64 43
58 60 27
3 0 43
90 61 65
23 80 27
2 89 28
23 67 90
53 85 60
83 68 7
40 83 90
53 23 7
88 85 7
14 65 48
88 67 60
53 72 32
41 72 60
90 4 89
70 36 63
28 79 89
43 61 91
31 91 66
74 80 61
74 99 53
67 77 46
16 67 53
37 68 14
72 91 53
70 64 52
65 72 66
58 57 31
28 79 90
31 91 53
30 61 24
31 67 11
31 21 99
11 55 90
90 91 13
3 2 7
4 89 75
58 89 18
28 79 62
41 67 80
43 91 11
92 56 89
63 89 60
82 49 37
29 61 66
86 74 24
28 99 62
85 52 68
78 29 23
65 57 31
93 79 37
72 71 99
74 74 24
86 74 83
64 60 61
86 51 13
74 80 53
90 14 63
71 61 39
92 83 90
11 93 91
65 85 66
43 4 56
43 56 28
82 80 61
60 89 60
40 93 91
86 34 65
64 74 90
