14 77 23
31 91 66
18 65 46
18 7 46
20 14 31
29 61 66
18 65 52
64 80 24
70 77 48
65 89 31
88 72 60
23 74 61
90 56 28
92 4 91
93 79 89
88 89 80
92 55 56
30 74 39
90 61 13
58 74 65
90 61 83
63 77 62
18 77 48
78 64 46
3 64 10
58 57 28
38 94 62
64 99 27
83 2 14
4 52 60
43 71 91
20 94 3
22 2 14
71 61 39
78 7 23
70 73 18
74 80 24
72 61 99
82 74 61
70 73 44
65 85 7
82 49 89
70 73 31
82 80 24
18 29 48
28 48 37
58 80 27
16 67 91
64 67 53
72 40 20
11 55 91
18 29 52
29 91 53
16 67 11
20 57 44
65 23 7
57 90 70
11 4 56
65 89 66
67 7 63
88 89 66
18 29 46
40 78 75
60 94 99
40 68 62
74 99 27
86 74 65
41 89 60
63 77 68
18 64 23
30 91 83
58 74 13
44 99 9
3 32 43
63 50 68
76 45 45
90 51 24
20 48 3
8 96 58
65 85 60
92 55 91
71 91 13
86 61 65
92 83 90
33 32 8
11 83 91
15 11 94
90 4 90
3 32 14
20 89 28
82 74 53
4 52 62
82 25 90
35 21 5
16 41 26
88 89 60
67 64 23
38 48 3
90 74 13
92 83 56
80 6 34
40 93 28
93 79 58
82 60 61
20 57 63
4 77 75
47 67 12
90 61 39
31 85 7
43 55 56
82 80 90
65 67 7
37 2 14
91 93 77
94 70 64
58 73 28
76 32 25
21 43 62
12 14 11
22 64 10
37 56 50
70 29 52
20 36 28
74 99 53
40 64 14
62 88 79
78 91 50
46 51 68
72 71 66
88 85 66
71 74 13
36 6 75
3 68 14
58 89 18
85 5 55
30 51 24
37 32 14
41 23 66
70 89 44
24 8 89
63 30 62
32 46 61
72 67 66
23 99 53
5 59 77
91 80 59
29 67 53
43 83 89
59 83 51
20 36 44
94 98 8
16 21 91
37 0 14
28 99 90
37 64 43
53 85 32
85 70 52
26 47 29
12 32 14
63 30 60
46 69 40
30 61 39
92 28 18
2 63 86
53 72 66
18 57 20
65 72 60
8 18 66
34 28 51
83 32 14
20 49 37
91 20 6
38 94 16
25 71 15
88 23 80
11 47 99
22 35 41
70 14 63
40 56 90
65 36 63
92 99 29
88 72 32
37 68 43
83 4 62
71 72 4
40 2 14
71 73 19
65 69 70
70 7 52
76 27 17
15 90 18
85 40 73
83 2 43
28 99 37
38 90 0
65 91 89
8 91 82
58 99 53
14 7 63
29 71 11
93 49 89
31 89 51
23 80 90
55 81 91
37 37 8
58 74 90
74 74 53
62 43 13
38 79 89
86 51 24
72 24 83
51 49 14
1 37 44
3 0 7
9 13 26
93 20 25
27 49 27
12 99 63
29 30 78
78 65 46
75 37 87
90 57 40
72 61 11
95 10 92
4 77 68
91 7 87
21 36 48
16 71 91
37 91 71
78 7 48
64 24 81
5 17 31
96 88 74
37 68 62
2 30 28
65 85 66
86 91 24
64 60 61
70 57 31
74 99 61
3 64 43
58 36 44
75 51 95
35 70 78
66 13 67
20 14 44
64 67 24
78 64 63
75 89 4
61 98 8
65 89 32
31 61 91
58 73 44
84 76 76
12 9 81
52 0 9
43 67 99
28 79 37
55 53 34
64 74 27
85 32 53
65 67 60
9 40 24
58 75 61
51 1 81
92 4 56
23 80 24
48 15 26
15 54 28
40 4 56
55 66 80
79 4 38
92 9 11
74 29 17
30 93 96
16 67 66
96 27 35
40 93 91
67 65 63
93 99 37
41 22 65
56 22 15
46 45 62
90 14 28
44 91 64
70 28 49
75 76 81
20 57 31
44 58 98
94 82 36
12 55 10
53 23 22
85 50 68
95 29 87
20 73 63
0 48 94
91 68 77
38 42 12
20 14 18
3 68 62
33 77 78
91 72 23
21 96 31
17 97 66
74 60 90
44 26 8
2 13 20
66 59 76
49 78 94
70 67 71
71 14 77
20 86 84
8 83 88
58 80 61
92 93 56
12 95 24
66 34 10
91 86 67
86 61 83
71 25 7
10 6 52
67 77 46
92 4 89
71 91 65
67 20 31
4 95 88
4 52 75
26 38 17
83 76 49
14 15 13
58 36 31
74 40 48
72 21 11
31 89 80
0 10 35
58 67 27
63 99 96
90 73 18
78 84 89
63 20 39
63 50 62
10 90 83
78 76 20
72 67 11
90 4 89
14 77 46
56 58 2
62 42 7
8 61 24
75 57 99
31 52 78
20 48 62
90 36 18
95 71 90
40 68 43
78 77 52
11 83 89
20 94 90
58 51 24
23 13 77
61 37 93
30 51 83
49 65 31
65 89 63
54 87 51
11 43 77
50 7 40
83 2 7
38 71 62
43 83 80
40 75 51
78 65 48
72 92 6
39 7 95
60 30 75
86 90 6
31 61 66
15 45 96
23 60 53
73 11 58
40 2 7
85 50 62
77 10 46
46 50 67
6 71 69
82 37 28
41 67 7
55 17 37
22 64 14
40 2 10
34 94 38
40 48 81
58 67 24
8 55 35
87 27 64
90 55 56
4 90 76
50 80 60
93 49 90
22 2 62
99 92 50
71 68 44
14 39 29
22 32 14
15 69 1
18 21 12
79 61 12
71 5 25
59 68 37
20 56 14
39 9 64
85 30 68
18 21 11
69 6 91
4 30 75
11 55 89
18 2 26
53 1 19
40 81 84
31 23 60
37 0 10
82 8 50
43 93 90
61 86 13
15 24 63
83 68 10
25 88 21
30 29 32
82 93 41
40 83 56
65 69 73
88 89 32
2 12 85
63 0 49
4 43 43
65 66 20
44 22 27
7 36 47
21 82 21
80 9 69
82 67 86
88 59 83
3 69 0
71 51 65
16 49 75
86 74 39
90 48 29
52 14 88
54 90 11
88 21 89
63 56 22
86 50 69
39 94 84
5 49 98
29 44 70
85 95 97
14 30 33
25 84 50
1 90 49
86 72 41
40 56 91
76 41 24
44 64 48
96 93 20
69 20 26
85 75 98
6 34 17
10 80 19
14 65 46
53 23 66
11 82 43
34 1 1
52 5 43
76 64 88
97 45 29
2 54 21
63 52 62
14 2 55
30 34 24
94 11 31
47 63 33
11 87 76
83 68 7
38 99 3
51 59 27
40 2 43
63 24 33
94 77 13
43 46 80
88 62 49
82 79 89
18 21 47
78 29 52
58 93 58
34 87 44
26 39 35
83 0 43
17 31 86
55 68 86
10 97 86
64 80 53
0 55 57
51 97 5
38 7 35
18 47 25
14 50 20
76 23 49
98 55 12
4 50 62
40 39 79
92 55 90
8 96 45
9 57 36
12 75 43
67 84 5
46 58 37
84 10 97
2 75 13
13 30 52
58 77 47
97 25 81
15 88 40
59 55 39
48 97 83
38 37 71
72 43 93
94 34 91
17 2 39
30 32 26
56 67 66
64 23 49
2 52 64
38 94 89
80 40 65
58 63 74
20 57 28
83 60 80
48 82 34
94 52 92
44 79 92
2 98 40
11 45 62
70 36 18
18 29 23
71 61 65
82 69 21
19 74 17
14 91 99
28 99 89
40 4 28
27 79 62
25 93 93
79 5 85
48 35 44
47 94 7
82 59 43
37 4 61
3 2 14
70 65 48
38 48 37
78 77 48
58 22 38
52 2 94
74 79 64
94 96 54
28 48 90
46 3 2
6 20 9
58 60 27
88 31 54
44 81 1
24 10 59
27 70 99
47 96 74
31 23 80
18 64 82
51 17 31
31 14 37
39 80 97
13 52 4
12 89 60
78 64 52
86 61 24
91 41 99
16 53 46
39 77 20
32 77 86
65 74 4
48 27 65
43 55 91
90 55 91
60 95 11
72 74 34
76 34 6
73 19 88
41 20 56
91 25 59
45 83 40
27 70 37
56 50 43
34 81 83
52 65 40
64 12 26
70 64 63
97 71 25
30 1 42
21 20 58
10 98 73
88 26 96
36 1 51
46 94 59
42 2 55
61 97 19
53 89 80
76 8 45
8 55 21
25 5 28
23 67 24
87 88 78
49 66 26
87 12 11
68 33 71
88 67 66
38 79 3
81 63 11
64 80 90
82 13 53
96 57 99
17 50 31
64 92 93
4 10 13
13 24 6
20 9 60
63 30 68
20 89 36
83 30 62
27 84 39
75 51 73
61 48 1
81 12 12
30 87 86
92 35 0
74 60 53
41 37 80
99 86 20
40 82 65
43 68 73
52 67 3
93 73 4
20 26 48
11 83 56
59 63 17
5 37 26
68 42 52
91 53 36
86 12 35
55 44 78
92 15 10
22 73 41
77 23 59
60 38 93
8 57 28
41 85 32
35 2 85
57 30 7
40 83 28
38 75 57
67 29 52
83 84 19
18 84 97
28 11 14
67 60 42
67 53 26
79 29 84
9 7 28
70 93 97
92 45 42
0 75 93
36 77 93
20 48 90
48 74 51
43 71 86
39 91 11
87 94 60
62 63 88
3 68 10
3 40 59
63 87 86
62 72 58
90 91 39
43 56 90
58 67 53
43 91 16
2 32 90
31 99 83
29 61 41
54 59 5
39 29 0
33 46 34
81 22 31
94 50 89
74 74 61
43 61 11
12 43 73
46 89 28
80 5 86
48 98 67
81 82 68
15 62 0
24 86 71
62 28 48
8 43 55
36 99 35
25 14 92
13 82 14
93 14 34
60 3 54
64 37 19
51 63 52
53 67 7
22 19 39
68 96 56
98 48 91
23 67 53
70 12 56
17 58 37
34 22 22
52 56 37
63 37 86
92 78 3
46 69 58
21 58 9
4 57 3
70 36 31
64 49 94
31 51 17
0 45 62
89 68 96
98 99 46
98 55 33
40 0 62
18 22 45
64 12 86
8 90 68
70 75 67
54 66 93
50 99 57
63 89 75
85 58 57
48 72 23
98 76 50
48 16 49
28 25 54
79 95 25
91 25 39
61 29 74
98 98 16
33 67 18
40 4 89
52 51 62
83 62 36
86 87 49
78 67 54
84 2 39
14 64 46
47 53 46
31 21 99
15 73 12
19 6 73
58 34 24
80 54 36
12 59 67
36 90 57
75 76 98
22 68 7
17 86 5
92 27 7
57 26 23
70 32 19
88 56 89
26 46 23
72 76 29
21 35 81
31 17 99
84 65 11
49 15 91
23 80 53
54 21 55
31 72 48
5 54 31
83 88 25
78 64 7
11 3 59
50 41 47
18 33 86
25 28 59
77 33 54
83 32 7
53 63 43
93 36 33
6 60 64
96 50 69
58 2 62
80 29 56
49 97 6
21 62 31
57 98 18
9 45 7
82 60 27
60 15 47
46 13 41
55 9 52
74 60 74
10 33 44
12 6 3
27 38 12
4 30 68
40 53 89
38 65 5
52 88 79
37 0 7
90 5 72
92 40 99
39 65 65
2 71 43
33 11 18
91 8 76
63 25 95
27 91 55
9 7 76
19 94 15
10 31 6
4 77 60
3 2 62
58 45 8
77 76 97
11 56 56
93 48 57
31 40 42
84 46 17
30 22 73
31 67 7
76 87 18
0 44 84
0 35 83
57 50 49
63 35 53
90 19 29
89 71 68
89 4 1
90 19 34
34 30 6
12 83 77
16 39 22
96 92 28
46 99 63
31 88 79
48 15 9
39 34 12
43 90 0
15 62 64
52 99 91
13 11 31
31 61 53
58 91 65
62 1 86
63 42 57
95 70 25
89 47 73
38 95 79
39 22 76
2 40 63
0 92 16
82 93 26
61 71 13
29 21 91
70 4 91
24 52 59
61 27 42
82 79 62
26 16 29
66 73 73
71 53 72
47 62 26
3 72 37
65 89 80
40 93 90
59 65 60
24 40 87
41 20 86
22 68 14
46 71 52
16 52 20
12 66 61
69 91 56
56 88 4
70 91 60
17 48 64
88 89 39
89 89 11
15 53 4
89 2 75
14 26 18
54 2 56
20 92 49
39 74 81
23 60 24
1 98 96
67 29 23
39 57 38
66 17 91
50 4 90
82 79 3
85 89 35
67 8 46
30 38 9
81 0 15
46 93 52
73 37 12
93 47 74
60 72 0
8 8 82
83 91 67
43 61 53
90 53 45
7 84 24
58 51 65
40 32 62
42 23 39
8 1 71
18 65 63
73 99 15
50 87 95
61 26 13
35 88 37
57 3 44
18 30 71
18 77 63
2 52 68
74 73 1
77 47 19
21 17 86
95 67 98
41 72 7
90 36 44
12 55 34
50 43 28
37 32 7
96 78 71
93 99 62
3 13 69
77 66 25
36 2 36
14 65 52
7 65 13
22 30 34
67 73 72
35 87 2
28 14 80
28 49 37
94 99 98
8 14 55
43 65 59
11 35 15
59 95 44
86 71 69
95 68 97
2 30 60
0 84 77
20 73 11
97 87 39
45 4 92
63 50 47
35 17 81
41 98 22
11 83 74
83 0 14
9 83 12
53 23 80
18 99 79
72 67 53
95 37 7
83 32 43
55 79 47
85 75 95
88 26 35
69 90 5
60 50 86
81 33 65
51 28 66
42 99 46
77 65 95
77 27 38
60 52 25
85 52 60
71 3 26
86 91 39
43 93 89
90 50 46
58 91 83
