67 64 46
23 60 24
18 65 48
94 32 40
85 77 75
78 7 48
93 76 82
4 30 75
39 1 63
95 54 2
2 96 68
54 34 62
73 72 96
11 56 89
58 67 90
58 74 90
16 91 96
64 74 24
4 23 57
52 9 9
16 39 30
91 60 1
94 25 4
72 62 17
38 9 22
90 89 28
42 14 64
92 83 89
23 78 85
11 87 84
81 88 32
99 95 77
27 59 26
33 21 45
65 36 18
88 85 66
47 19 81
90 14 3
75 12 79
65 14 44
24 61 45
18 69 63
5 79 91
9 89 66
63 4 57
16 65 82
16 71 53
56 60 70
23 10 48
2 38 34
38 36 30
44 94 62
98 68 31
91 59 70
47 22 8
11 36 18
73 79 65
86 50 12
86 11 35
18 29 46
81 87 92
46 10 20
83 43 86
43 24 91
18 5 30
24 12 74
13 90 19
33 88 97
98 27 20
78 63 35
78 68 81
71 15 0
86 55 60
38 90 75
42 86 48
75 44 13
98 34 68
59 18 97
38 48 89
84 1 14
80 93 5
90 57 28
37 64 14
30 87 20
43 82 43
31 85 32
32 20 13
12 18 97
4 88 36
40 64 79
52 3 20
55 13 34
81 10 4
40 56 89
83 68 7
25 51 50
69 56 33
90 57 44
84 77 83
32 43 76
29 31 22
44 4 19
98 62 41
94 68 86
1 17 41
99 63 56
20 96 17
78 76 38
0 44 70
48 8 57
53 35 25
77 94 87
58 61 26
31 89 24
33 30 30
55 57 93
12 11 72
27 20 84
60 21 51
52 57 77
28 71 73
60 89 28
39 72 68
92 41 83
17 25 25
5 69 20
58 60 27
23 43 23
31 72 7
42 22 30
74 98 46
3 18 40
4 45 48
23 51 11
57 50 53
67 92 28
50 24 13
91 39 38
33 54 29
70 68 51
34 80 9
26 96 63
62 12 76
94 21 33
98 82 28
86 19 29
76 37 17
11 58 11
20 89 44
10 23 59
15 26 93
70 33 98
58 74 87
33 92 45
90 54 22
57 8 77
25 33 35
32 57 94
12 23 14
15 97 11
17 62 27
73 27 43
88 38 69
86 80 81
1 70 1
82 38 52
80 91 66
90 91 39
75 3 51
92 42 96
49 38 32
28 47 0
34 92 92
31 23 66
95 23 65
16 78 8
23 74 59
35 25 69
33 41 42
95 41 17
43 56 89
86 49 59
26 21 54
82 62 64
17 2 93
89 98 15
20 40 18
57 95 23
33 53 46
64 99 3
76 11 46
22 0 55
28 0 98
75 86 79
36 96 92
83 50 23
90 29 23
95 2 79
50 26 73
37 66 64
25 36 38
21 85 74
41 57 13
73 4 81
39 24 87
83 62 12
17 80 53
60 30 68
67 34 73
23 55 62
17 39 46
53 25 23
49 55 74
71 71 14
78 51 1
93 45 2
60 35 88
75 83 78
54 95 40
58 9 48
91 3 84
23 85 84
65 36 44
84 56 92
76 70 43
73 31 89
44 32 7
44 33 17
31 93 1
19 22 54
25 72 32
10 42 51
8 94 9
0 76 91
79 78 22
14 66 32
60 80 54
63 4 78
93 19 94
20 55 65
76 10 64
58 60 53
71 61 13
93 71 78
67 87 59
35 89 0
35 71 3
40 53 53
38 32 83
1 93 62
17 97 55
34 57 93
19 91 76
40 83 89
79 82 64
76 60 45
90 38 69
90 65 2
60 58 83
19 5 61
56 65 35
90 81 89
36 0 22
85 91 0
3 89 76
50 49 95
13 51 42
41 86 5
11 51 93
47 96 56
3 40 12
3 55 59
53 59 13
55 95 24
9 15 63
79 23 76
75 7 78
85 21 3
12 9 36
47 41 18
62 45 86
39 12 16
89 31 95
82 24 75
68 20 1
84 52 80
48 17 8
52 54 29
61 64 56
27 28 5
33 97 15
95 85 0
33 21 67
14 72 12
47 90 30
55 56 4
60 89 60
77 95 55
83 90 62
19 25 78
58 80 53
41 62 32
52 50 37
43 11 88
8 86 4
63 33 4
38 79 37
3 96 37
1 72 96
3 68 14
4 36 73
65 8 82
66 64 12
93 52 70
97 94 86
5 54 94
12 84 37
77 93 28
58 14 44
43 32 30
72 5 69
57 31 74
71 49 53
2 89 75
5 63 81
99 19 59
2 77 67
42 3 16
24 31 92
4 16 96
4 78 29
48 14 79
32 83 36
60 53 50
95 20 36
72 4 96
23 74 27
10 17 19
16 29 49
63 52 28
64 59 93
62 84 67
40 26 0
32 41 82
32 43 9
90 93 89
24 2 26
87 50 30
17 32 27
35 38 80
84 61 16
57 64 93
0 79 67
59 71 91
98 92 44
4 53 70
37 2 14
82 53 74
16 78 10
78 29 63
45 45 95
98 15 4
4 27 53
15 97 97
65 17 53
38 73 50
65 68 56
20 44 75
84 27 96
65 37 93
45 76 2
1 41 3
60 78 70
74 43 78
5 26 99
66 32 5
27 17 39
62 43 4
37 25 1
86 84 34
60 92 78
24 42 71
57 30 73
50 63 62
19 96 46
43 93 78
86 75 4
99 22 99
41 74 7
1 70 92
44 43 80
67 45 26
22 33 8
52 74 55
2 57 76
54 5 19
74 17 66
34 98 95
44 72 86
98 59 9
12 63 14
28 49 37
12 45 80
33 12 30
7 75 76
57 95 89
88 45 66
33 61 89
50 92 82
86 51 39
0 1 82
81 69 11
21 20 44
39 36 10
10 86 81
17 24 71
67 36 12
83 62 78
11 25 33
6 89 58
56 99 81
22 2 7
52 4 31
79 4 20
95 80 73
59 39 88
18 77 52
74 51 76
22 41 55
52 81 36
12 45 93
24 34 44
13 71 46
6 9 39
57 6 47
6 47 3
69 75 16
91 44 33
16 69 28
70 74 45
27 34 67
34 38 89
3 31 25
62 31 65
68 21 78
92 15 12
22 62 70
84 13 20
52 99 55
85 57 59
80 27 10
52 74 3
45 19 0
55 13 71
0 74 36
35 57 92
35 60 9
91 64 30
15 30 34
8 61 10
36 50 37
64 89 66
1 68 80
85 1 85
41 11 3
57 56 57
9 93 92
9 28 76
59 12 76
33 61 95
38 7 93
55 57 80
36 95 63
42 52 59
18 33 59
87 94 73
59 96 54
45 28 48
59 3 35
40 76 90
53 4 36
7 19 66
72 18 7
70 71 80
81 44 35
65 23 80
45 35 21
86 88 10
55 15 20
85 58 15
46 23 84
21 74 69
54 24 76
9 35 70
57 64 86
50 34 64
83 60 37
53 65 38
32 2 14
78 57 40
90 41 2
83 45 0
23 62 61
84 46 45
86 93 34
34 77 21
76 98 50
52 57 14
39 92 59
59 86 47
84 85 36
25 56 84
14 28 44
56 3 69
88 1 16
72 24 10
71 61 24
18 51 52
53 55 45
97 21 33
93 97 73
71 95 29
84 13 98
53 5 82
31 91 53
31 37 45
52 60 43
63 77 68
91 56 60
95 91 30
75 16 45
78 32 34
62 70 83
87 26 40
22 47 9
82 74 24
36 94 7
33 19 88
44 99 88
8 75 21
25 61 0
17 25 1
31 56 38
60 27 76
69 23 42
63 69 88
67 7 53
55 78 25
5 26 37
89 5 20
10 82 46
57 22 28
30 22 0
2 31 57
61 44 3
22 19 12
28 76 0
18 25 26
79 56 87
65 14 31
74 40 14
6 52 72
91 11 69
65 14 77
20 18 44
3 80 87
46 10 51
85 60 44
57 51 76
90 83 90
2 82 57
16 64 25
35 70 52
77 79 28
11 83 95
33 15 44
79 16 69
57 72 37
93 79 59
82 12 67
70 24 40
61 6 37
63 22 1
92 14 1
16 29 63
56 63 28
29 40 17
39 45 2
73 71 95
64 74 61
64 36 68
76 39 92
69 91 9
78 65 90
50 26 43
24 79 11
5 87 13
67 6 99
38 35 18
32 95 36
72 43 76
2 72 37
16 75 61
38 58 29
22 3 84
29 24 39
26 91 96
30 10 16
29 84 71
79 92 33
5 68 28
54 34 38
39 0 80
0 41 46
68 92 81
66 73 42
32 63 82
28 74 38
56 8 5
80 13 81
54 36 56
97 18 21
18 55 67
30 7 9
31 26 79
57 40 22
6 49 98
33 94 7
17 19 38
8 12 46
21 96 92
63 38 84
64 12 51
92 51 74
69 80 35
3 15 88
0 45 62
69 38 73
46 37 38
55 77 5
62 18 75
38 68 7
64 51 75
76 76 27
13 81 95
20 43 54
5 2 3
73 24 27
6 73 99
78 33 73
94 8 40
90 89 63
88 86 3
24 60 37
42 11 22
58 34 83
79 29 99
88 47 29
68 26 18
32 38 60
97 69 65
49 73 49
78 64 63
47 40 44
28 4 52
29 96 74
68 10 48
26 29 22
92 4 89
94 27 6
96 39 50
44 91 76
13 38 49
7 45 20
55 15 67
35 42 31
77 33 65
48 33 58
77 39 94
73 10 96
36 91 80
30 74 13
7 15 33
42 3 24
7 69 24
7 11 53
33 14 54
6 56 70
21 18 64
13 69 44
24 55 96
51 42 85
71 38 33
37 35 19
36 96 27
52 47 99
69 52 26
29 53 69
78 17 26
21 55 54
29 19 7
55 40 23
48 33 33
38 25 65
48 26 52
82 93 66
88 93 71
42 73 95
84 52 10
29 43 63
44 19 70
49 6 21
14 1 87
79 24 84
46 38 22
45 9 6
3 74 11
70 31 40
27 54 94
91 80 27
81 38 7
16 80 77
52 30 45
54 92 73
88 37 83
83 39 73
41 30 46
97 73 65
80 91 81
9 77 19
12 59 20
77 19 41
74 32 49
31 53 66
10 16 99
66 31 39
85 92 4
57 61 54
22 29 97
18 29 4
35 72 4
49 43 21
73 78 24
20 75 26
70 73 31
65 32 7
74 62 22
2 86 18
95 75 88
24 53 26
2 8 24
60 17 22
87 50 6
6 91 26
20 92 21
98 8 64
21 74 89
62 21 97
18 62 94
73 17 92
96 44 70
16 29 99
79 60 96
35 62 30
7 16 14
35 4 43
37 51 57
5 60 48
88 23 16
92 4 28
22 68 10
0 50 74
50 59 52
6 61 78
39 26 46
93 30 42
40 9 26
68 47 96
7 0 37
97 40 37
71 69 77
33 63 82
37 76 27
3 87 70
9 70 48
25 7 69
47 94 66
49 73 76
19 80 30
63 65 45
51 30 93
13 82 56
19 84 24
13 87 91
30 32 76
26 4 89
24 65 70
56 78 23
31 81 72
4 84 79
38 84 35
56 94 78
18 9 0
63 30 75
70 73 3
57 67 65
27 97 66
66 48 81
96 99 34
87 27 58
63 50 9
65 91 85
34 95 88
58 13 11
62 22 76
34 98 87
43 51 95
1 46 83
44 10 72
22 47 25
14 94 60
94 27 90
86 29 89
0 96 96
97 6 81
4 39 70
59 65 82
71 15 11
79 92 12
1 24 86
69 5 16
83 38 88
70 10 71
17 25 73
70 41 50
71 33 69
64 22 86
96 67 76
8 6 9
87 86 8
29 92 91
86 25 90
6 91 5
18 46 2
47 2 63
44 15 50
28 80 85
37 85 73
25 50 15
66 74 6
54 15 85
40 12 58
61 96 60
23 65 29
25 35 36
98 64 47
56 42 12
63 2 72
24 93 43
36 26 30
73 7 89
71 79 12
64 63 91
38 93 23
20 65 21
28 0 61
1 30 8
85 43 50
37 62 69
24 79 27
70 57 28
92 77 90
73 34 29
19 72 62
64 80 90
35 76 85
40 15 40
11 6 93
22 16 76
2 20 57
63 98 33
68 21 49
22 34 21
11 66 94
83 11 61
25 16 58
84 96 15
17 29 27
28 3 26
35 87 39
36 5 28
93 83 71
45 46 76
86 20 45
0 14 15
7 30 32
99 42 80
18 7 48
93 27 37
75 7 31
31 20 36
76 28 60
50 46 11
10 98 32
73 12 98
99 90 69
49 75 17
17 40 44
39 87 98
2 10 69
30 12 14
26 5 65
32 99 84
69 92 94
0 45 33
62 37 90
37 74 54
2 82 8
83 82 86
90 84 56
46 28 83
50 23 49
34 77 70
60 85 62
72 92 15
90 12 23
44 46 45
21 86 5
84 95 78
57 74 39
66 18 11
20 9 91
85 43 48
35 92 46
43 45 80
16 74 37
29 75 75
0 31 10
72 20 22
1 33 22
1 18 58
17 76 64
76 54 65
37 35 4
58 25 90
21 23 68
16 65 89
11 54 92
56 28 87
67 79 5
96 62 35
83 56 42
33 99 57
76 49 54
36 25 18
16 94 5
52 7 68
65 5 18
30 89 50
56 53 71
29 25 0
3 98 32
49 54 80
34 52 91
55 95 83
12 57 42
83 28 22
58 49 21
43 68 33
5 11 93
11 50 77
6 13 63
64 54 7
19 92 17
20 90 2
54 76 93
82 33 77
19 31 53
62 66 83
84 23 32
93 7 14
69 79 44
52 35 82
12 37 20
12 93 11
96 47 56
56 54 82
95 71 73
69 56 47
64 49 48
87 43 83
72 86 81
62 71 14
38 16 87
48 38 56
84 42 25
82 29 74
92 49 43
43 79 35
52 36 71
