820 226
318 844
510 263
284 652
307 728
550 168
119 221
335 415
550 435
67 805
61 634
330 221
26 48
514 787
339 877
281 342
450 241
54 374
100 992
763 353
648 37
750 670
634 247
373 805
628 442
821 32
195 877
628 330
902 424
949 555
996 905
830 424
659 414
223 775
171 994
634 576
828 603
796 424
437 424
967 880
865 930
539 681
164 913
530 994
522 866
437 387
510 213
261 414
352 666
884 48
628 478
373 539
606 221
442 104
177 284
852 71
264 221
250 375
628 515
326 666
647 353
261 382
821 353
870 793
324 282
923 151
352 841
529 755
826 69
923 837
544 474
30 179
541 566
560 40
29 872
721 787
568 844
388 634
516 72
551 698
855 934
628 241
44 892
204 66
820 387
665 459
998 265
223 418
789 556
475 467
352 755
437 713
17 262
347 634
323 619
146 250
344 612
162 705
119 793
686 556
721 308
960 399
177 999
146 853
816 728
591 398
845 522
476 514
632 478
74 155
510 71
100 841
223 449
326 63
402 775
830 222
550 475
90 822
516 880
967 252
673 747
634 389
335 892
459 793
826 89
426 844
28 905
103 713
352 742
789 387
281 442
450 43
552 435
863 241
366 864
44 380
250 66
193 581
171 359
17 793
329 492
628 79
347 877
604 647
90 793
31 865
632 705
16 98
236 435
659 186
168 308
316 387
999 524
497 895
177 563
49 612
138 801
952 700
136 330
208 903
90 581
999 69
544 663
383 905
344 48
264 739
335 572
146 153
136 262
522 63
162 71
223 475
967 663
330 86
659 221
261 49
510 21
347 609
204 49
688 775
686 127
375 713
821 398
335 885
476 859
845 297
136 486
845 241
103 953
193 474
61 877
538 968
335 747
654 912
585 883
44 647
799 98
793 271
529 467
44 442
622 895
236 666
137 221
796 442
323 398
67 838
554 893
190 81
688 169
923 263
162 478
800 37
964 70
661 151
491 805
511 603
863 911
929 539
685 670
587 776
279 619
551 962
764 853
763 408
29 467
90 69
925 841
204 398
516 556
497 905
872 380
318 414
497 968
826 104
284 362
570 492
560 374
844 581
821 736
851 713
485 247
854 892
586 89
610 848
111 414
442 297
600 714
880 736
164 350
821 304
899 550
344 492
250 153
335 435
796 775
636 328
722 566
828 883
344 566
871 555
204 417
146 675
476 905
810 893
450 478
119 822
281 424
845 911
725 492
193 893
722 301
476 79
796 509
681 380
600 414
788 231
2 384
967 40
769 838
744 866
330 265
44 359
26 736
739 730
324 389
871 994
470 993
475 329
136 684
725 180
538 459
722 837
516 356
119 619
750 280
44 275
879 187
967 226
190 563
914 222
459 32
29 168
436 262
880 418
111 739
347 351
67 263
119 853
870 663
632 486
852 805
862 470
721 98
461 515
164 877
964 793
193 614
852 539
49 576
323 838
949 913
810 648
352 848
870 905
622 728
324 492
879 522
193 514
821 814
71 739
171 519
365 414
541 576
832 736
942 728
960 301
854 572
606 187
978 739
647 994
514 864
522 865
710 615
16 861
999 478
190 676
383 712
170 934
568 348
929 437
250 49
323 539
585 712
921 265
880 675
491 932
863 522
335 550
632 69
44 572
949 221
627 755
516 222
193 157
44 399
728 648
226 619
437 459
236 329
26 848
810 684
171 887
67 563
820 776
395 996
574 509
681 855
987 515
681 514
111 675
828 237
914 353
726 414
782 155
28 475
590 286
339 304
444 492
347 418
934 887
74 787
987 793
785 855
541 492
796 859
318 73
734 331
110 69
29 449
648 418
964 49
830 252
455 872
514 213
66 359
627 418
673 844
648 666
530 408
571 631
279 615
100 571
243 373
69 742
733 63
978 49
610 247
171 350
587 501
899 714
450 581
188 351
13 461
437 895
436 705
942 713
185 433
851 69
865 619
600 73
845 820
16 151
725 566
340 168
69 666
610 775
820 622
838 586
539 237
2 151
266 86
865 271
758 430
162 328
903 307
557 329
284 615
381 231
821 887
909 271
226 736
902 222
632 99
879 399
436 330
938 186
685 393
681 309
90 675
929 155
561 698
539 905
684 221
112 72
606 619
137 675
170 509
645 271
145 974
171 73
880 586
307 776
900 814
879 309
557 428
94 79
30 776
491 676
673 859
738 548
914 877
955 463
476 996
879 652
728 775
387 992
316 883
673 647
673 876
26 180
998 754
604 866
744 93
369 330
485 934
574 848
899 814
551 647
557 938
552 475
568 698
749 695
44 93
699 522
722 374
855 237
250 716
413 864
996 742
942 603
871 693
871 903
137 398
764 739
541 393
3 715
164 222
799 221
871 609
103 736
728 346
851 262
344 522
426 647
44 844
628 99
514 284
402 48
365 866
874 144
767 707
26 822
461 275
862 713
316 252
585 603
998 408
12 842
673 993
362 273
54 519
436 486
323 250
902 883
661 284
365 698
139 962
352 435
900 962
769 864
138 475
223 666
475 428
516 615
554 89
844 69
909 566
26 389
539 556
330 693
90 586
560 231
557 467
728 492
330 304
964 153
921 992
26 169
474 83
516 553
26 70
865 221
899 519
828 470
15 537
516 226
90 522
744 114
544 321
743 850
591 953
261 70
721 837
485 648
335 37
511 905
606 652
455 1
366 837
326 415
870 275
854 698
335 168
744 698
26 571
324 169
395 706
604 919
955 777
628 713
661 647
133 547
830 127
497 681
998 222
661 155
344 568
722 663
511 713
728 696
335 742
600 844
604 698
600 885
237 897
450 272
285 576
17 330
223 467
162 213
627 63
719 811
461 157
796 105
830 883
821 962
826 478
164 351
863 69
284 39
514 98
90 49
612 835
654 470
208 219
56 930
2 563
112 652
627 435
246 952
654 179
673 79
162 262
54 362
710 663
136 99
799 864
226 398
562 886
960 356
2 999
199 803
904 244
854 547
468 653
450 713
111 398
324 953
829 850
390 794
339 555
354 97
828 459
659 63
447 514
29 742
923 308
529 957
383 894
522 572
6 380
721 328
816 501
236 438
552 957
69 872
136 713
88 985
884 733
335 114
925 169
60 998
94 342
844 713
560 663
6 663
717 380
369 89
863 297
699 374
459 70
23 666
103 153
865 102
725 696
782 838
281 290
188 219
375 684
497 179
799 384
134 807
238 523
722 3
942 820
230 871
574 566
395 905
781 894
923 887
402 648
135 319
879 39
714 905
82 805
514 563
31 93
871 877
323 953
610 571
673 865
159 559
90 911
854 114
28 622
352 934
74 81
799 861
529 838
190 805
880 992
799 155
638 927
800 801
349 731
793 40
354 85
821 609
552 428
193 297
960 275
612 634
826 99
714 418
964 32
844 104
541 848
23 938
673 414
686 406
17 382
967 179
750 612
375 89
744 63
964 804
769 263
316 406
855 728
489 53
99 566
647 877
810 43
413 81
323 98
552 329
793 930
821 66
490 790
645 221
369 99
442 99
560 356
136 648
830 237
899 63
681 492
902 895
880 739
612 11
925 509
188 634
925 566
139 572
563 18
852 328
23 742
366 213
999 89
521 449
103 793
816 127
598 757
100 180
570 612
899 547
310 603
685 346
497 728
918 712
791 241
90 953
344 775
879 880
444 731
6 399
612 304
830 387
111 375
282 60
591 793
837 889
714 651
636 861
330 713
687 215
736 269
872 474
204 793
764 953
820 556
41 280
956 87
658 732
26 798
998 999
688 798
105 327
857 962
74 999
168 805
111 417
568 414
828 968
110 99
444 663
67 21
11 631
476 275
634 648
61 555
586 486
648 622
789 222
783 382
764 153
570 733
340 957
285 696
2 81
659 418
569 992
475 168
115 49
612 408
957 236
44 114
364 615
855 406
923 437
344 247
29 37
900 441
170 282
340 475
365 714
636 98
61 222
436 297
340 418
865 231
496 152
627 651
136 297
146 221
685 247
863 89
110 241
870 993
170 648
146 407
402 169
538 127
366 71
774 318
739 423
516 102
330 684
133 519
942 912
324 733
538 681
791 297
285 393
785 859
693 787
645 930
566 890
922 891
818 674
366 155
44 515
634 571
426 550
236 755
665 237
934 73
722 880
771 945
562 504
710 522
726 485
999 713
138 467
743 229
604 519
658 499
344 615
131 68
31 63
673 342
769 932
43 269
188 155
491 81
85 913
960 231
738 393
193 993
586 911
921 353
305 725
281 744
793 362
791 10
307 883
33 980
914 693
564 599
879 515
717 793
476 474
402 733
450 297
602 524
177 151
852 81
375 43
75 161
279 663
554 820
459 414
111 573
699 519
541 179
516 374
442 262
436 69
921 903
999 297
960 859
357 707
16 838
862 814
821 714
485 612
845 614
550 63
173 492
536 13
967 713
403 433
243 486
796 309
871 992
330 524
870 380
459 804
352 449
628 111
604 814
550 938
925 571
865 341
511 681
832 250
996 428
733 168
628 706
210 44
796 180
628 876
536 764
898 522
459 398
629 441
996 622
364 356
699 301
647 913
