586 520
875 197
808 242
588 784
928 8
123 8
48 320
498 654
480 219
400 804
691 57
941 985
516 747
669 863
12 148
234 550
409 62
340 784
466 883
669 490
407 403
612 159
92 614
315 872
301 19
400 573
774 598
154 187
310 619
292 673
56 61
942 824
832 652
711 812
301 499
588 657
548 110
957 597
308 605
134 123
243 294
443 126
238 106
55 954
999 332
871 896
101 304
4 658
102 721
557 638
279 547
621 845
126 676
463 724
707 937
315 883
548 364
948 652
817 7
509 747
476 671
105 751
488 722
481 319
983 937
255 721
167 43
696 886
942 18
582 682
115 608
526 968
955 240
238 222
386 270
640 370
993 123
291 648
201 24
628 375
126 721
550 846
817 800
260 499
12 678
808 652
757 683
717 853
846 111
924 814
233 341
645 989
63 2
266 2
327 99
758 936
91 332
384 271
994 1
86 491
436 763
458 706
354 844
249 355
695 594
12 563
88 471
4 216
949 557
435 178
640 605
918 136
59 273
237 349
566 395
587 687
757 624
234 695
872 90
83 981
964 911
468 496
586 617
394 240
805 282
582 64
646 770
957 836
121 470
715 361
358 505
745 647
439 19
834 433
817 775
946 104
949 22
102 989
699 188
655 242
225 866
75 837
61 468
142 883
134 655
856 968
373 179
200 664
134 931
174 469
698 214
260 449
485 432
872 143
428 521
957 342
875 727
44 683
67 39
920 204
141 883
815 580
301 299
198 433
978 973
410 335
435 136
71 551
373 314
4 430
694 136
183 18
655 964
466 915
214 615
180 320
152 984
387 512
409 433
694 334
174 223
463 526
384 160
759 57
895 908
757 841
545 917
151 334
957 465
871 216
162 947
587 437
388 58
335 702
196 301
373 971
327 8
850 289
595 584
698 551
869 133
56 543
959 607
993 268
235 968
875 678
553 635
821 703
557 341
955 793
106 653
232 985
508 661
701 204
153 520
555 879
863 982
875 240
292 747
515 437
96 291
60 890
382 281
190 13
388 299
342 459
76 151
233 316
356 112
318 159
836 677
386 518
772 659
232 304
371 814
32 525
74 482
123 695
330 108
968 365
757 159
969 911
485 586
836 839
893 375
102 598
232 145
717 334
113 631
971 822
375 437
501 679
559 893
785 744
369 482
731 90
955 233
789 56
233 88
518 765
744 294
952 174
699 234
352 969
758 110
234 906
715 835
448 709
180 949
819 204
563 742
859 976
96 581
717 914
364 314
726 799
196 342
297 652
217 437
620 400
957 452
592 725
279 843
771 423
546 7
696 200
515 317
471 400
170 913
895 336
309 162
67 299
227 812
494 316
339 809
23 102
293 648
566 379
435 251
816 333
406 467
414 425
715 30
339 222
736 712
225 830
212 837
133 127
685 543
193 420
993 753
126 597
257 927
310 981
253 33
635 666
186 22
625 713
435 648
363 522
255 720
456 327
76 777
357 203
971 279
924 954
938 921
632 200
363 216
690 50
960 622
305 466
509 814
718 664
92 18
719 878
809 757
613 735
307 635
454 110
233 515
4 547
451 800
448 67
196 194
778 457
242 505
733 464
494 346
827 336
371 431
135 516
737 45
659 510
160 778
101 515
371 747
664 62
156 919
555 906
932 731
404 540
492 596
129 440
126 106
876 456
308 750
23 18
956 238
612 837
340 936
396 693
888 503
732 992
979 853
557 233
759 71
962 118
602 578
970 88
265 715
778 61
903 361
743 833
878 13
143 87
12 784
305 699
898 775
315 915
571 284
306 739
341 579
950 43
752 832
51 358
983 182
612 160
948 997
689 890
77 110
115 40
158 461
409 460
317 302
225 454
392 917
984 148
945 533
120 104
643 52
729 859
520 384
774 759
991 262
472 69
486 922
558 719
558 383
89 779
816 998
140 928
35 354
444 856
803 260
264 385
160 174
939 249
845 141
333 276
330 442
301 223
985 159
2 837
118 18
381 816
698 134
32 267
882 676
473 954
207 314
948 863
253 160
632 67
249 61
841 614
340 223
54 768
621 203
440 992
322 148
308 217
982 153
330 432
428 531
608 707
784 958
463 494
973 79
832 361
663 722
453 520
139 791
331 620
766 437
464 175
499 604
490 25
957 539
4 883
100 683
677 269
927 297
343 916
419 99
159 673
159 111
32 147
308 515
863 365
434 740
272 739
555 197
715 684
652 255
387 804
776 853
29 398
810 94
554 828
863 43
91 342
48 148
885 285
233 913
711 223
207 460
382 13
48 547
931 116
14 2
413 159
883 5
107 808
248 926
434 240
993 332
440 329
227 542
579 429
789 260
695 731
6 883
11 647
171 86
645 794
256 277
997 835
599 20
409 624
85 358
948 301
959 457
401 273
244 187
112 850
8 928
714 1
208 685
301 745
287 381
125 468
731 884
245 683
991 28
7 854
84 158
110 244
681 621
240 652
382 152
689 761
411 74
880 921
475 243
209 301
478 511
188 388
623 980
876 954
57 561
682 331
123 304
893 928
262 864
206 127
955 879
773 27
821 175
613 803
507 15
211 932
666 494
613 647
416 497
4 5
243 651
557 617
565 403
639 370
805 861
363 117
298 652
470 696
358 380
102 2
938 320
387 865
227 563
712 468
605 236
400 493
273 965
802 415
30 32
781 688
445 804
500 299
284 69
107 322
262 853
643 977
466 397
67 153
864 2
913 70
342 649
242 483
758 39
655 106
471 717
685 324
851 599
264 97
761 111
266 111
966 848
583 349
574 746
90 337
330 676
500 738
842 432
319 206
404 536
942 845
815 395
758 433
648 214
773 161
77 861
525 317
699 722
134 640
34 804
731 315
816 320
201 381
971 163
454 161
766 81
0 502
597 550
458 685
617 355
718 12
506 12
335 790
473 432
265 69
488 593
995 998
677 294
242 262
616 39
73 979
655 830
443 726
489 35
102 841
761 96
762 361
834 683
400 959
761 936
151 739
745 346
300 405
808 886
903 14
973 853
877 230
102 917
658 680
298 122
927 49
930 98
236 512
974 191
420 519
829 569
929 787
939 771
589 105
731 348
896 637
576 224
959 195
814 471
603 482
870 980
868 11
997 436
538 874
814 665
532 70
568 104
505 680
284 693
990 238
56 57
994 453
309 763
670 576
232 262
771 897
793 547
12 934
101 630
124 649
3 165
177 598
467 958
745 437
477 674
256 681
848 216
797 701
993 649
498 519
688 644
660 193
834 864
718 673
387 651
434 554
266 223
973 681
33 760
533 65
91 193
237 913
232 355
137 669
603 230
980 325
627 809
276 773
565 275
327 648
886 766
808 12
578 983
521 872
303 895
671 470
437 562
318 776
722 899
741 722
802 823
836 363
708 93
360 465
562 276
945 37
484 637
572 380
678 902
730 400
140 65
424 593
121 343
44 801
83 816
766 438
245 617
190 222
841 954
804 938
533 811
932 77
244 338
488 937
348 712
782 28
889 887
768 485
662 107
608 499
190 494
148 16
476 289
238 721
346 717
322 111
716 796
113 15
253 626
446 883
396 589
732 7
622 546
961 117
319 134
191 717
553 720
310 632
455 678
566 178
761 469
545 459
875 159
310 903
439 602
727 917
503 228
790 973
575 919
615 383
182 55
8 798
409 914
439 482
308 129
484 187
863 291
848 432
68 130
834 279
881 940
819 429
499 584
561 995
380 207
331 815
206 604
776 591
142 430
149 514
899 798
460 227
351 233
844 162
684 877
36 565
109 807
100 341
487 342
861 393
971 444
882 28
815 687
349 540
179 882
474 999
540 331
491 416
835 940
490 463
307 117
665 943
564 606
744 286
535 470
23 100
948 315
527 83
484 57
371 193
652 599
328 787
578 873
636 537
357 499
685 516
13 850
394 207
875 643
708 742
370 935
956 927
537 897
416 872
337 634
238 442
222 770
468 350
894 325
616 654
975 461
656 292
747 530
793 666
357 311
209 608
330 933
176 571
610 205
25 351
964 550
110 107
457 313
791 47
95 895
144 224
671 135
485 672
508 837
406 849
922 664
113 610
39 271
794 950
349 224
117 3
341 872
56 192
417 165
845 552
640 913
988 26
827 828
994 517
369 197
63 5
130 625
941 569
922 187
629 934
769 240
581 706
302 241
225 284
800 684
83 658
620 130
286 202
183 881
688 286
360 568
973 365
274 710
242 625
645 304
909 991
782 49
129 184
509 512
214 648
310 153
34 215
77 324
164 429
476 955
273 961
199 834
141 436
527 52
488 251
266 68
779 491
986 609
516 986
495 546
908 800
340 569
915 118
683 282
406 276
410 539
614 987
819 663
30 695
792 187
387 740
485 922
151 877
506 932
721 288
996 257
792 82
982 308
474 972
876 571
4 637
286 851
366 506
520 898
961 983
848 601
33 370
151 943
354 312
969 320
832 536
296 295
576 702
952 216
376 131
989 197
492 289
659 781
788 166
549 882
782 144
941 464
607 599
935 360
516 83
297 88
157 599
67 328
604 989
926 488
68 535
484 331
888 203
656 642
112 52
