833 77
964 907
911 296
998 20
730 109
115 415
270 932
319 553
781 296
658 539
918 261
595 345
319 412
280 949
781 951
855 902
929 643
981 963
272 553
425 26
929 341
522 745
457 648
663 935
948 132
469 341
187 387
237 466
961 633
658 20
285 733
169 715
289 347
804 502
788 827
892 347
579 718
301 109
892 379
403 26
431 72
633 898
210 138
618 665
437 998
312 297
327 733
684 297
332 779
270 981
25 327
600 718
737 758
957 115
53 754
806 265
737 190
171 490
449 648
504 859
716 648
396 927
522 212
320 490
668 277
307 944
144 589
908 255
76 347
581 733
320 690
144 757
608 32
753 204
332 939
210 148
833 204
364 337
170 335
633 174
296 296
245 680
415 174
628 415
855 453
497 524
978 775
330 695
276 758
457 679
129 460
458 138
992 456
496 314
604 132
289 205
131 898
300 524
948 932
301 779
618 451
798 280
679 479
872 736
120 955
730 836
364 231
403 939
504 826
144 158
169 275
580 261
699 496
18 234
640 77
613 440
245 988
458 466
806 781
617 496
269 346
345 980
259 669
811 539
707 929
555 203
121 362
121 397
964 951
54 553
289 836
253 178
855 228
653 756
27 874
104 314
145 967
608 716
270 350
43 415
396 953
285 944
359 524
379 981
731 346
319 967
604 757
469 187
581 20
489 680
555 510
275 269
504 125
237 463
473 300
18 138
978 323
482 902
147 696
981 703
25 451
448 294
458 462
25 576
837 874
691 898
194 800
253 493
269 665
413 543
581 84
527 333
137 950
798 434
192 839
237 481
966 84
64 234
202 462
781 333
758 984
103 20
957 228
207 397
193 852
270 67
511 941
479 325
577 92
908 502
878 944
781 859
904 55
195 806
194 865
210 466
103 253
484 715
129 874
138 680
494 426
730 205
415 39
364 664
787 453
76 14
608 39
798 456
577 296
364 278
879 594
568 48
284 754
147 665
53 733
34 417
319 806
491 205
731 5
131 758
449 436
927 800
469 669
865 253
193 337
527 777
581 298
210 325
608 187
730 739
581 335
272 32
228 690
27 253
473 125
327 212
138 466
195 158
469 806
797 496
383 944
753 117
886 526
279 935
169 836
80 865
31 589
801 695
359 255
484 347
187 951
269 659
47 636
484 968
872 636
317 417
699 739
730 423
479 493
142 898
497 984
301 800
187 904
577 437
522 346
439 968
120 799
25 898
479 347
456 779
456 775
327 456
359 15
705 231
241 502
255 277
413 327
482 594
753 609
600 599
202 325
379 350
716 314
280 900
222 664
383 733
886 115
600 275
912 652
300 824
210 591
482 115
308 891
241 496
458 234
929 932
458 560
184 362
823 779
458 325
787 670
300 15
413 520
210 560
731 415
272 341
581 689
510 775
134 787
253 462
716 889
584 337
11 661
241 93
966 524
327 690
730 453
618 696
618 576
270 950
876 261
458 267
876 294
34 115
113 948
634 591
579 968
753 777
275 557
679 852
142 680
797 109
584 852
144 980
88 690
727 385
289 907
769 836
473 333
234 733
115 741
924 904
716 741
53 460
253 148
981 62
228 148
833 117
47 963
147 174
620 609
496 466
497 62
912 495
769 739
464 929
144 187
911 524
739 14
484 690
975 410
904 109
838 633
623 85
345 932
964 275
855 417
64 524
170 93
27 72
510 362
330 114
838 453
568 879
879 771
600 347
383 72
439 739
327 72
924 930
787 972
538 664
727 697
534 204
628 314
497 935
911 490
510 397
653 984
207 892
494 907
195 67
839 278
584 648
11 941
581 544
753 63
11 269
663 799
781 980
275 158
739 712
345 67
466 594
103 291
307 443
608 643
112 984
276 174
739 39
327 689
975 417
359 963
103 661
301 417
712 291
138 988
470 950
924 679
497 335
510 77
992 212
712 3
534 55
753 892
806 670
192 712
908 62
307 3
684 239
929 625
121 323
806 526
448 787
792 314
18 980
504 275
892 279
345 341
679 679
27 51
855 410
928 314
134 712
909 437
269 314
27 928
364 526
957 116
731 479
253 477
180 477
53 596
872 84
908 703
76 898
256 543
617 524
34 410
883 117
839 387
434 190
628 466
712 20
580 190
11 412
383 203
928 953
470 158
145 950
584 727
730 277
53 689
439 426
195 132
522 436
301 385
140 907
234 874
781 953
942 733
727 609
34 737
883 63
223 643
613 771
489 927
781 560
300 321
691 543
568 481
275 350
522 178
403 397
121 777
947 93
634 114
504 347
170 496
804 62
806 582
510 323
924 665
978 800
147 716
837 298
484 456
758 602
663 93
457 5
469 269
280 456
275 553
195 967
904 385
697 148
34 633
234 20
900 950
851 417
234 876
928 741
758 736
269 679
806 949
876 712
11 677
400 84
308 733
707 294
275 757
458 188
470 557
957 239
998 307
716 599
457 879
634 267
684 115
458 92
25 14
327 307
496 852
144 358
490 279
883 865
364 116
668 205
47 799
439 347
234 298
434 712
270 269
142 524
202 745
34 239
806 634
112 824
187 902
663 984
192 451
320 437
978 26
942 948
469 932
792 463
618 898
716 48
900 689
345 757
608 158
618 543
878 661
469 132
491 889
908 756
538 781
993 665
434 321
620 892
415 231
345 358
113 466
584 741
947 636
797 426
839 453
43 5
131 745
663 502
434 327
788 239
115 879
43 481
758 799
456 77
904 892
876 929
76 275
731 152
712 891
924 5
112 93
180 695
464 665
804 824
727 26
705 787
801 325
640 892
131 280
705 839
147 14
522 904
241 636
628 904
615 690
144 234
439 889
469 350
580 716
27 443
623 109
892 826
31 625
272 187
320 949
161 907
245 980
241 756
301 323
966 15
279 255
674 492
482 228
379 643
510 55
658 253
88 114
730 907
904 777
312 228
187 205
716 968
403 333
993 659
580 665
792 346
275 643
490 889
978 85
320 477
345 948
691 327
76 907
883 323
195 981
510 892
184 800
908 799
396 907
296 524
456 333
76 426
482 417
437 727
131 582
280 347
839 116
317 670
180 462
608 486
538 278
466 116
727 800
137 715
308 3
115 231
837 460
900 907
697 690
458 280
320 900
942 203
731 852
194 779
76 968
345 234
876 520
11 733
345 296
276 520
998 3
663 881
758 93
806 456
823 362
581 291
458 114
31 341
359 596
144 932
904 362
909 466
317 904
308 876
892 496
256 190
615 456
992 434
18 972
721 553
804 15
80 609
494 968
942 188
234 510
179 756
511 132
628 852
663 596
300 84
280 679
838 410
194 777
140 707
128 67
458 333
18 466
957 526
184 63
272 557
320 927
210 462
308 661
184 779
653 502
142 478
855 297
975 633
918 174
147 261
716 951
284 874
975 670
64 490
88 646
457 436
908 955
684 634
482 278
192 58
737 520
458 591
998 733
684 410
699 718
142 125
345 680
908 417
187 715
604 967
34 345
909 524
909 707
909 948
716 125
128 589
31 932
113 495
837 3
458 680
978 109
76 929
43 879
491 950
697 462
425 117
279 502
942 51
838 827
76 665
43 34
633 758
456 697
54 341
615 900
345 333
927 26
142 261
640 117
223 854
80 892
296 953
223 412
448 451
640 800
43 466
389 85
568 665
482 453
11 132
948 557
684 781
345 125
134 294
568 466
25 261
54 757
604 553
787 827
319 187
180 114
330 591
781 889
307 928
194 323
345 490
259 806
144 953
653 62
489 437
928 138
964 889
415 929
912 333
112 417
489 524
496 463
307 51
456 55
600 379
788 902
285 291
511 950
555 20
193 415
491 277
103 733
280 178
737 321
978 892
396 333
511 358
608 757
579 715
961 345
497 955
237 152
47 502
721 757
801 591
928 481
705 321
449 904
769 907
88 582
837 539
787 664
413 758
739 787
131 929
769 599
256 231
270 341
76 109
364 594
466 345
617 703
147 787
811 443
31 806
716 275
180 492
319 950
300 935
668 275
210 680
53 824
876 758
458 980
140 927
839 410
187 125
981 15
878 876
634 695
448 486
285 677
210 280
171 652
496 436
961 737
317 594
112 62
301 239
437 463
400 321
53 524
909 980
138 972
716 715
383 544
489 138
53 636
918 576
320 972
918 294
113 524
839 902
379 806
615 679
489 972
332 85
838 239
886 228
730 125
527 892
301 297
327 510
798 477
484 900
209 493
18 92
668 423
25 174
458 988
439 950
439 275
948 950
54 158
301 362
120 636
806 633
170 736
806 594
978 397
804 984
927 55
234 291
383 3
730 947
730 115
169 947
705 543
400 596
581 213
11 583
144 988
245 490
256 716
255 889
618 520
801 114
47 84
131 576
120 881
464 481
900 496
210 707
272 806
456 397
413 712
27 291
103 874
209 745
484 718
392 679
284 544
301 397
147 543
193 152
634 690
169 205
466 526
269 5
275 669
663 255
600 277
253 265
758 824
171 707
892 859
312 664
584 665
285 891
383 677
193 879
27 298
301 453
716 423
144 341
908 963
80 77
234 944
716 379
307 72
53 661
908 496
364 665
