30 574
576 707
662 401
872 996
302 204
789 370
583 117
793 399
953 191
107 757
862 600
257 434
145 256
857 507
837 618
64 775
885 200
257 965
788 793
780 955
759 821
718 167
127 214
499 163
711 618
250 259
900 775
107 533
527 192
716 746
794 942
443 907
864 40
467 801
990 928
179 854
882 707
167 173
495 167
585 365
425 854
103 91
899 788
222 489
872 944
24 895
693 615
648 902
253 415
180 734
512 600
531 573
206 481
206 985
654 12
752 435
22 381
414 135
81 22
449 366
329 204
180 370
127 854
848 232
855 746
722 985
798 518
545 353
590 944
793 785
443 727
103 191
855 497
920 228
340 956
912 310
67 374
179 907
980 574
850 160
590 753
650 538
343 399
833 606
175 135
758 228
410 458
123 498
593 985
551 902
329 865
534 453
553 353
363 848
990 173
565 629
720 651
531 606
736 914
136 415
34 353
855 720
855 167
935 370
540 178
173 232
866 895
850 934
206 790
180 458
404 894
764 178
527 463
103 808
129 847
798 365
974 753
449 42
650 946
352 57
710 894
287 681
343 118
850 342
865 684
563 310
304 672
912 297
194 132
303 832
833 875
222 437
218 799
159 914
153 775
718 178
673 374
34 539
796 679
483 497
864 165
355 875
899 467
425 214
920 434
26 789
534 989
991 236
421 191
943 57
457 788
414 457
180 232
593 514
558 199
410 173
159 819
857 228
940 955
716 727
612 606
63 600
833 636
693 481
255 793
355 895
860 61
376 167
540 272
373 183
302 955
920 453
585 186
780 865
170 808
885 117
960 518
805 370
895 61
167 22
303 669
257 453
753 434
401 350
593 793
850 141
860 141
833 831
6 167
798 757
758 611
901 894
386 801
528 985
303 987
281 22
376 199
34 985
222 669
107 793
499 202
855 727
794 533
654 209
708 383
572 437
960 907
796 902
988 191
857 514
246 173
826 995
943 989
928 259
798 17
857 578
103 155
736 951
350 613
793 600
707 16
736 200
255 165
145 874
136 162
81 831
175 591
653 237
163 491
355 967
654 498
22 135
148 613
572 474
943 613
67 466
837 214
222 591
117 848
340 573
689 118
150 310
525 977
255 186
257 874
900 958
798 956
165 707
81 232
6 858
194 710
487 452
618 184
990 962
654 228
935 914
23 847
831 938
527 236
826 155
457 987
187 15
401 191
877 904
123 573
6 856
648 656
990 606
837 163
991 90
34 684
780 342
864 518
611 713
170 557
341 563
376 372
590 713
163 632
247 365
902 186
814 965
902 507
855 366
250 788
576 256
322 17
912 657
531 272
711 821
729 183
788 40
848 452
818 914
866 606
487 956
879 350
449 178
764 858
718 720
250 209
855 996
909 232
866 636
677 613
150 458
540 481
662 131
656 476
287 657
798 907
328 656
656 707
23 91
662 15
22 457
588 463
482 894
247 200
708 474
553 684
281 967
650 162
689 375
165 12
805 158
935 42
145 578
175 533
990 297
85 657
895 914
66 906
22 151
179 202
585 996
12 415
553 600
545 18
499 938
729 12
322 907
253 162
764 476
576 551
850 82
565 370
281 734
165 353
190 551
909 16
710 191
376 141
22 538
148 611
834 602
895 103
487 593
269 374
190 196
941 799
165 684
611 63
527 977
148 256
174 606
117 656
352 680
697 656
673 701
170 132
783 192
850 819
565 481
703 847
174 539
352 256
720 793
343 541
756 191
483 938
22 514
26 778
218 3
159 96
911 613
487 996
355 310
656 856
527 330
716 757
111 328
618 821
693 856
255 63
525 701
866 173
246 664
333 944
953 61
736 467
710 132
329 819
789 16
655 353
826 520
2 498
333 365
410 636
940 191
689 131
64 91
117 551
145 679
61 990
188 630
425 618
789 297
24 297
443 944
160 370
483 395
329 61
789 962
563 831
173 593
206 370
877 96
333 534
12 946
576 42
677 989
759 563
572 799
111 407
425 907
752 18
443 906
596 821
860 160
935 373
247 757
443 746
618 563
205 995
565 985
34 381
803 291
793 847
988 565
590 533
396 91
148 932
714 158
148 989
988 679
576 250
703 808
129 606
525 330
302 467
939 985
912 606
376 178
26 22
877 865
368 184
987 632
758 453
257 90
857 57
24 636
26 797
534 366
545 228
396 799
253 270
756 819
845 990
850 129
341 339
123 375
855 165
188 497
707 875
201 775
722 366
111 907
350 799
61 466
572 129
107 17
632 895
877 82
798 793
48 319
756 70
920 874
160 720
255 214
545 399
865 541
850 669
253 651
150 636
565 214
333 793
902 214
540 372
563 962
302 632
788 713
376 342
943 874
545 209
860 904
714 898
26 664
920 91
572 350
612 865
527 989
601 985
601 782
457 35
92 962
826 383
588 453
495 993
25 832
943 192
376 82
697 63
864 365
593 63
61 437
759 938
553 785
818 70
512 18
990 875
834 907
943 256
34 375
960 200
756 160
173 602
632 778
764 167
693 707
565 186
246 928
860 191
988 3
174 785
483 319
545 573
565 366
255 700
63 992
736 632
25 135
953 103
991 434
187 191
373 600
512 118
117 985
340 165
540 788
788 906
81 657
769 167
611 162
764 720
30 932
826 858
943 551
988 437
528 782
26 657
34 651
703 520
697 186
525 551
866 278
752 992
127 202
304 942
410 310
909 310
864 727
340 600
22 985
850 374
703 383
798 165
136 651
499 958
165 600
759 854
596 574
64 395
805 615
991 192
924 956
720 510
26 962
129 18
253 946
22 669
655 498
525 680
756 96
656 615
900 43
596 958
588 989
831 43
425 328
303 707
623 538
753 57
531 131
866 458
850 199
24 606
803 987
22 510
414 707
187 680
729 847
92 16
857 989
401 894
12 510
530 990
250 669
601 64
980 328
30 563
711 706
866 681
855 713
900 706
194 723
656 237
376 993
396 847
482 808
814 701
123 507
410 657
269 437
764 160
805 272
421 204
814 680
585 40
247 518
857 415
163 865
576 370
222 135
127 907
404 474
928 467
92 990
22 489
901 350
111 339
877 199
165 498
34 270
662 819
540 167
611 801
404 155
534 707
722 216
194 784
534 192
788 746
123 606
716 232
924 18
530 437
837 395
673 489
167 928
834 497
304 591
764 70
218 710
495 898
255 568
588 701
499 907
333 657
22 942
22 651
572 132
12 568
837 184
583 200
303 437
328 651
756 199
655 539
601 993
572 707
611 727
899 374
150 778
612 118
540 730
648 568
833 797
990 970
201 676
173 200
764 141
990 831
255 162
759 319
855 250
707 606
677 103
793 498
333 16
26 967
720 63
136 526
703 793
531 481
953 96
882 374
328 985
179 958
623 151
596 907
329 191
333 778
410 797
576 91
457 489
935 790
421 342
720 629
618 339
722 372
145 463
129 709
23 427
194 847
901 679
722 782
194 383
865 131
83 944
879 557
814 196
623 983
410 16
611 983
902 526
328 162
376 158
651 676
796 799
714 237
826 710
48 202
201 328
421 373
960 727
991 57
857 977
911 799
583 951
153 563
987 819
814 57
703 801
882 259
651 43
572 995
187 710
194 799
160 476
410 962
22 793
534 90
655 992
722 370
991 965
585 907
928 942
92 928
729 435
467 514
218 808
653 370
565 946
558 904
845 209
247 727
24 970
623 402
302 951
188 17
833 370
12 651
877 191
980 202
862 539
941 427
576 434
939 651
899 209
376 42
708 995
943 330
170 710
396 995
34 214
831 574
222 259
48 775
673 965
67 832
708 858
483 184
572 934
865 539
943 236
61 533
363 793
287 232
764 216
341 775
718 993
585 985
386 538
711 574
758 256
572 591
655 12
153 163
708 710
180 278
127 163
814 228
341 903
643 173
153 574
764 237
179 706
534 858
467 848
990 370
66 713
872 907
160 481
534 236
355 458
255 946
129 435
352 799
250 591
373 707
34 526
269 135
585 629
34 541
697 214
611 526
153 526
583 491
576 965
877 467
879 191
716 463
703 63
643 22
576 330
85 297
988 799
716 965
540 707
803 934
483 526
457 291
651 407
590 602
34 186
623 656
988 847
92 734
833 232
988 131
987 914
531 476
117 983
935 904
703 191
247 753
826 427
736 819
720 568
623 651
350 453
247 713
716 680
714 64
611 629
352 103
553 165
25 788
48 214
576 453
421 491
593 656
897 518
449 831
61 788
443 365
850 373
909 681
940 82
857 983
25 669
885 904
355 297
92 987
304 987
596 775
129 539
899 565
596 903
618 676
860 103
103 679
534 965
793 541
736 82
693 167
363 538
576 993
123 209
525 611
22 565
857 551
34 656
512 131
201 526
499 526
159 82
576 858
525 965
117 568
467 63
205 520
673 228
611 602
2 18
872 713
525 874
64 706
187 874
865 709
534 790
826 350
376 204
253 793
988 155
716 799
601 42
831 775
322 630
558 467
30 163
287 278
632 928
117 965
111 395
576 196
368 676
483 534
187 557
764 782
877 342
879 383
653 856
673 434
85 370
648 510
758 989
24 278
855 365
