816 179
2 805
138 801
828 728
138 37
497 912
627 467
610 612
90 153
685 571
133 441
99 522
851 648
632 262
316 179
661 155
17 478
604 887
659 222
330 155
627 755
266 581
726 865
475 467
799 838
591 675
236 651
364 930
340 905
799 98
863 297
796 731
552 438
26 576
789 712
103 153
960 514
788 930
684 362
725 169
136 241
879 566
550 938
591 153
442 820
628 424
699 653
852 539
791 297
511 603
17 375
316 470
914 155
146 417
629 919
552 957
17 153
146 739
137 853
323 716
344 389
388 155
190 999
855 237
967 237
622 459
530 418
171 555
964 739
339 351
899 814
686 387
879 731
193 99
828 905
796 905
688 180
998 835
788 231
880 414
681 157
26 70
67 219
383 905
522 550
335 485
628 442
733 435
600 441
388 609
381 301
28 712
514 539
659 835
402 992
339 903
636 21
909 221
791 893
828 883
629 114
763 219
323 736
71 716
139 844
162 539
497 776
16 308
659 304
967 776
862 556
326 449
261 398
826 262
923 805
28 666
195 994
733 329
177 384
190 837
763 994
455 712
544 275
785 876
281 731
632 99
880 586
796 841
960 652
170 566
799 693
349 993
69 742
522 63
402 576
681 321
561 550
475 449
610 670
569 877
929 384
810 43
352 934
820 603
899 698
789 501
688 389
788 72
261 822
111 619
799 999
820 127
632 581
785 424
119 250
632 893
516 459
821 547
685 648
900 114
539 252
530 609
266 272
628 876
264 221
71 49
530 913
851 99
964 853
26 346
769 837
43 398
964 49
610 180
195 903
673 865
851 911
204 804
16 437
964 145
395 79
929 213
26 586
491 263
733 168
364 522
899 73
138 63
750 48
188 155
329 775
586 43
743 930
74 219
17 398
491 328
100 576
366 414
816 712
279 615
785 706
764 739
383 957
49 612
750 670
530 351
622 776
162 263
855 905
366 153
854 919
193 793
684 229
162 861
329 180
461 492
628 731
884 576
880 822
29 712
996 666
285 992
550 428
569 350
511 252
171 219
550 651
722 308
998 353
119 822
164 994
568 359
138 467
538 681
69 712
821 63
339 353
826 330
491 437
800 37
344 576
369 89
551 572
871 992
510 308
44 79
606 653
26 804
352 438
339 502
54 187
226 382
284 850
570 733
743 653
871 749
2 539
170 775
750 612
929 155
250 414
659 490
133 892
236 801
177 71
648 801
909 475
112 301
561 962
796 280
316 127
610 848
726 919
30 424
103 49
750 509
236 415
266 478
364 356
177 263
628 561
880 877
30 905
810 478
103 739
879 859
366 586
830 459
318 359
94 309
647 418
793 187
387 418
16 861
510 805
710 974
193 515
830 237
444 399
74 213
763 502
870 706
681 855
585 222
554 111
43 375
796 157
628 321
744 919
223 712
323 66
447 321
560 522
865 362
522 647
16 213
173 996
914 693
476 993
335 329
162 297
476 157
67 308
796 798
119 739
162 71
744 414
800 905
188 265
600 962
722 930
793 271
816 905
381 566
67 932
673 519
685 180
485 775
880 634
381 356
636 263
204 716
782 308
329 934
164 502
632 272
568 547
810 104
684 519
763 634
455 168
516 653
279 72
74 437
99 229
934 919
455 775
648 666
789 387
204 153
365 519
551 414
612 994
318 550
344 612
900 814
714 755
529 838
855 127
923 838
266 648
788 522
373 384
722 155
17 614
821 609
94 380
726 93
173 157
717 474
799 563
459 382
978 382
349 905
673 731
281 793
854 114
845 648
339 221
188 408
67 864
223 329
606 221
450 522
476 424
49 696
654 912
279 653
785 474
17 705
862 883
413 328
347 351
54 231
902 713
459 398
459 70
426 865
810 89
799 418
628 706
796 342
862 459
632 684
743 356
604 547
967 653
100 566
541 492
796 733
830 681
769 284
112 72
872 996
788 362
632 911
329 992
339 350
628 86
574 509
967 850
685 670
855 798
538 728
171 502
568 647
339 693
987 492
673 399
721 838
743 187
56 374
90 478
743 850
648 651
284 221
648 622
136 89
137 675
208 408
855 603
44 698
388 490
921 903
335 666
261 716
800 63
996 905
476 321
56 356
923 155
587 424
733 712
369 911
475 651
570 696
673 550
284 374
722 328
659 155
699 522
170 648
782 805
316 226
721 71
459 153
828 713
373 787
816 728
340 712
136 684
820 713
459 953
364 653
61 265
628 581
485 733
622 728
828 237
330 330
43 713
529 168
261 953
90 736
6 309
987 79
852 71
99 519
826 89
330 350
193 486
177 864
574 934
830 501
364 974
366 676
475 435
339 490
810 86
54 362
921 913
193 399
681 993
44 485
323 713
402 280
510 837
190 328
554 648
628 648
561 698
168 284
645 930
586 111
388 219
279 850
226 716
870 515
307 603
538 406
743 271
717 492
162 111
832 66
510 787
250 375
530 222
28 905
925 282
914 304
921 186
845 820
529 475
31 866
318 73
171 414
884 934
223 755
383 475
170 509
497 883
318 892
845 478
204 221
383 838
459 221
307 776
281 905
497 459
369 99
736 79
909 301
634 247
112 519
879 974
862 406
279 301
606 39
622 406
728 733
387 350
636 151
648 438
921 408
514 999
511 459
461 706
223 37
111 853
880 351
316 895
821 736
461 663
344 653
998 994
880 70
728 280
475 938
17 619
459 586
514 328
830 179
261 414
190 539
190 861
661 437
852 98
339 634
71 414
522 519
497 713
323 864
223 438
929 861
442 478
863 684
560 362
516 776
444 731
568 962
600 550
750 992
733 622
281 424
793 72
188 490
375 522
171 73
810 911
16 71
574 576
447 275
782 98
710 231
871 351
554 486
461 905
622 681
54 930
204 619
645 519
54 40
791 272
587 814
250 145
71 619
6 514
604 359
557 801
69 418
208 351
56 566
90 330
821 382
551 63
71 32
743 615
195 221
541 841
949 903
413 151
307 501
628 104
208 219
634 282
726 814
978 853
844 684
632 713
673 866
710 566
208 992
600 114
133 63
587 179
960 271
193 731
170 169
688 346
544 996
863 648
442 911
110 820
16 805
459 417
673 876
133 547
925 346
569 634
636 284
323 417
6 855
987 859
796 663
852 932
17 66
173 905
728 992
826 581
250 739
177 861
2 71
426 714
323 375
880 739
285 798
223 415
119 793
960 492
43 716
880 350
587 713
782 284
514 263
728 389
539 912
30 883
29 905
139 865
673 547
190 263
763 186
285 576
111 793
344 648
879 930
714 651
74 805
610 648
750 389
323 861
100 282
323 153
347 186
49 733
686 912
29 872
193 69
632 522
352 576
899 547
722 663
612 913
16 676
447 996
821 153
387 219
326 651
137 953
560 229
686 424
942 681
54 229
476 876
335 475
437 776
884 393
699 519
444 996
725 612
111 382
208 877
999 713
585 681
684 301
591 417
821 693
344 346
648 712
335 775
137 822
736 561
323 838
164 490
681 309
960 566
999 478
204 417
855 501
344 169
899 485
538 895
925 280
978 153
330 89
349 309
347 555
26 648
863 478
284 522
942 728
30 556
557 415
497 237
366 49
99 653
516 470
190 71
654 226
820 912
821 804
330 490
402 393
627 838
788 880
511 968
226 713
373 676
821 853
511 776
395 514
828 712
557 838
90 145
29 435
352 696
497 905
510 155
796 848
673 887
366 250
330 648
119 153
381 519
110 99
574 612
146 414
279 40
522 485
437 406
119 70
69 622
90 804
366 675
138 872
967 229
461 380
552 838
339 835
402 670
899 519
516 968
960 615
661 861
318 814
61 418
190 437
586 104
137 414
606 301
900 359
647 353
967 615
450 486
872 731
226 853
960 424
987 442
475 37
112 850
339 609
999 581
74 837
511 226
17 49
591 250
373 805
996 428
17 221
855 280
173 876
647 992
551 698
31 114
94 275
688 247
978 713
177 328
318 887
6 996
557 438
665 237
204 398
782 563
914 992
726 414
552 775
344 733
436 581
447 663
226 822
61 693
721 676
884 48
591 586
960 996
364 229
529 775
591 716
710 72
330 104
335 938
789 895
442 705
349 442
996 651
43 70
967 712
629 814
110 911
793 221
999 820
146 66
998 186
821 675
796 48
960 221
782 864
236 37
162 89
629 359
29 742
26 414
659 693
750 576
863 272
26 398
610 992
925 798
681 706
654 127
863 241
365 73
870 492
610 247
728 848
110 684
665 459
476 731
661 81
516 222
568 572
2 787
722 437
816 222
800 838
426 844
684 221
785 793
899 550
717 514
366 328
162 478
530 634
909 619
94 876
193 705
204 793
799 81
413 308
960 859
851 272
717 380
195 749
648 449
627 63
996 775
31 844
673 859
497 814
855 968
74 539
352 742
586 893
340 938
914 877
721 219
964 713
139 572
119 382
570 576
627 37
177 539
193 876
16 21
307 814
855 509
208 222
551 485
725 393
522 885
323 145
628 79
710 102
491 71
94 399
600 485
111 145
335 747
586 486
684 102
138 755
844 648
820 728
791 89
964 66
402 492
960 229
557 418
162 21
