78 21 66
69 23 17
69 53 70
35 37 90
69 23 70
49 45 63
39 82 99
35 21 10
75 4 94
35 79 89
16 46 51
76 18 45
16 81 2
10 5 62
26 79 31
49 42 1
16 76 22
32 36 36
65 87 61
35 96 49
8 45 21
38 36 36
61 33 72
17 45 94
17 45 70
89 44 32
56 8 81
44 6 72
0 84 2
17 4 96
16 42 21
16 81 22
87 88 10
35 61 31
0 84 88
38 36 58
88 81 51
76 18 69
89 87 88
17 53 70
87 81 49
76 31 63
84 21 51
35 20 49
26 88 49
84 20 51
62 88 49
20 23 36
39 82 50
22 95 50
76 97 90
56 18 90
74 55 90
99 4 70
10 5 65
56 19 7
21 18 72
61 33 81
97 36 92
20 97 88
84 56 58
88 46 13
26 81 27
53 2 31
16 59 13
17 26 70
61 44 14
97 23 36
87 88 49
17 23 70
74 37 45
25 79 10
74 97 7
38 12 27
53 45 94
36 97 88
22 2 99
38 12 58
22 82 31
65 44 32
56 18 64
61 87 88
95 95 65
44 19 32
25 81 49
54 96 66
44 33 64
41 84 13
8 96 1
88 59 2
51 6 7
53 95 99
10 5 50
8 31 67
78 21 27
75 26 74
35 97 69
54 96 2
56 55 7
35 36 45
20 87 61
35 18 7
20 37 27
75 45 74
84 67 51
20 37 24
84 56 27
65 92 88
84 60 66
84 36 92
53 26 74
51 18 7
32 12 24
20 56 36
73 84 2
73 84 88
62 21 27
16 46 88
65 60 51
97 36 58
20 13 32
76 37 90
65 96 49
51 18 32
10 49 99
22 95 62
39 82 62
56 37 7
56 33 81
88 81 13
54 21 2
36 97 32
61 87 14
10 2 99
51 18 72
20 42 21
0 81 2
25 81 89
8 45 67
44 33 72
75 45 70
35 88 89
8 45 1
89 44 36
0 76 13
38 36 24
36 92 88
35 79 49
51 19 7
87 21 10
87 81 89
8 4 67
97 37 36
41 76 51
87 61 31
76 96 67
53 82 50
84 96 49
10 82 50
73 46 88
0 81 22
32 56 58
84 21 66
84 21 49
76 55 7
74 18 45
25 79 31
62 81 49
65 20 2
89 92 36
61 13 61
53 95 31
62 79 27
35 61 10
56 6 72
73 46 51
35 55 7
25 81 27
73 76 88
61 6 72
88 76 13
20 97 36
10 5 31
10 2 50
95 82 31
35 18 45
65 60 49
61 33 64
49 31 9
35 20 66
61 44 32
49 42 63
36 92 61
41 84 2
84 12 92
35 20 27
74 18 90
22 2 31
95 2 99
61 97 88
20 45 9
20 37 92
89 97 36
97 37 24
32 23 36
16 59 22
97 23 58
78 60 49
0 46 2
97 36 24
76 97 7
38 23 36
16 4 9
17 4 94
51 33 64
54 67 49
56 37 76
69 23 74
76 4 67
20 87 88
25 88 27
8 4 21
26 21 49
41 46 2
62 21 89
10 49 50
76 37 69
49 96 1
49 45 21
53 49 62
51 19 72
10 95 62
56 55 76
75 53 94
0 46 51
41 59 13
20 36 92
74 55 7
49 45 67
78 96 49
16 76 88
53 45 70
99 23 17
61 13 32
99 4 94
84 96 66
75 4 74
38 36 92
74 55 76
35 18 69
20 96 21
22 49 65
56 18 76
61 92 36
20 23 92
75 26 17
26 79 10
41 81 22
95 5 31
61 19 64
49 4 67
61 97 14
36 13 88
73 81 13
88 59 51
36 92 14
35 36 76
22 2 50
73 59 22
84 96 27
53 45 74
53 5 50
8 45 9
16 84 51
17 45 74
32 37 58
20 4 1
54 67 66
35 97 7
84 36 36
53 53 96
25 21 49
65 97 36
53 95 50
76 96 63
25 61 89
61 18 72
38 12 92
84 67 49
65 21 2
62 88 31
44 6 81
76 4 21
61 33 32
89 13 61
69 53 74
54 20 2
84 67 2
22 5 99
54 21 27
35 67 27
56 18 45
97 23 92
32 36 92
95 82 50
65 13 14
54 21 49
99 26 96
20 42 63
44 6 7
62 61 10
56 18 72
21 33 72
0 46 13
51 6 64
61 55 90
97 56 92
95 5 65
20 13 36
39 95 65
61 19 81
36 92 36
53 45 17
99 23 96
20 87 32
89 92 88
69 53 94
56 97 69
75 45 94
62 21 10
39 2 65
88 84 88
32 36 27
61 37 76
88 59 13
35 36 90
65 21 27
38 56 36
76 36 90
84 20 66
10 82 31
84 67 27
21 18 64
95 5 50
25 79 89
21 8 81
17 26 94
20 92 36
20 13 14
17 45 17
69 23 94
44 18 32
88 84 13
69 45 70
65 67 66
87 88 27
56 8 64
16 42 9
20 45 21
76 4 63
78 20 27
54 60 49
20 96 67
99 26 17
62 81 10
51 6 72
84 12 36
44 33 81
35 67 51
76 18 7
84 60 51
35 60 49
88 81 22
61 97 90
95 95 62
62 79 31
41 76 22
56 36 90
95 2 62
88 59 88
62 61 49
76 31 21
56 6 32
0 81 88
17 4 74
53 5 99
73 84 13
97 23 27
78 20 49
39 5 65
65 97 32
95 49 99
73 59 13
65 96 27
89 92 14
20 4 21
20 45 1
20 56 27
75 53 96
65 67 27
16 59 88
26 79 49
26 79 27
16 45 1
75 4 70
87 88 31
54 20 49
73 81 88
25 88 89
21 19 81
56 6 7
84 37 58
74 37 69
21 6 81
56 33 72
61 19 32
10 2 31
99 4 74
16 42 1
61 8 81
21 33 81
36 44 32
56 97 76
21 19 64
35 21 49
84 12 58
8 42 21
62 79 89
87 79 49
26 61 10
78 21 49
0 84 22
38 23 92
39 5 62
8 4 1
51 19 32
21 6 64
75 26 96
20 36 27
76 45 67
0 84 51
97 12 24
49 42 67
36 97 36
56 8 72
39 82 65
62 61 89
0 76 88
69 53 96
76 45 21
41 59 88
95 49 62
26 61 49
17 23 96
95 2 31
51 8 64
21 6 72
69 4 70
76 96 9
53 53 74
87 21 89
0 76 22
17 53 17
56 8 7
35 55 90
78 21 51
95 5 99
61 13 36
76 37 45
65 97 14
39 49 31
49 31 63
35 88 10
53 2 99
69 4 74
78 20 2
21 8 7
20 92 88
74 97 69
84 37 27
35 96 66
53 23 17
44 8 7
38 37 27
20 96 1
32 23 58
61 37 69
17 23 74
39 82 31
54 60 2
73 81 22
41 46 13
36 13 32
87 88 89
95 82 65
53 53 94
89 13 36
84 20 2
44 18 72
62 21 49
35 18 76
61 97 69
56 36 76
22 2 62
61 6 81
84 12 24
61 87 61
35 37 69
22 95 31
87 81 31
44 18 7
35 36 7
38 37 92
53 4 17
87 81 10
35 61 49
49 4 21
78 67 66
16 84 88
10 49 62
8 96 67
65 44 36
89 87 61
84 23 24
54 67 2
20 4 67
44 6 32
16 76 2
36 97 61
73 81 2
89 44 14
38 37 58
49 45 1
89 97 14
99 45 94
20 97 14
25 61 49
16 4 63
61 18 76
35 61 89
84 20 27
20 45 67
54 60 27
49 42 9
69 45 96
35 88 31
17 23 17
53 95 62
38 36 27
65 21 51
75 23 74
39 2 50
99 53 74
16 46 2
53 82 99
61 55 76
41 76 13
95 49 65
51 8 81
16 84 22
74 97 90
56 36 45
61 18 69
39 2 62
87 79 89
61 87 32
88 46 88
73 76 2
78 60 66
35 60 51
20 36 24
16 31 9
22 49 31
20 12 27
41 84 22
25 88 31
89 13 88
54 96 27
0 76 51
44 33 32
87 79 27
76 97 69
20 4 9
99 45 17
87 21 27
76 55 69
78 67 49
22 5 62
97 56 36
41 59 22
38 37 36
84 36 27
99 23 70
53 49 31
99 53 17
49 96 67
76 45 1
49 4 1
17 4 70
61 92 14
61 97 61
88 84 2
10 2 65
69 26 96
35 55 45
25 61 27
38 56 58
20 12 92
76 36 7
51 33 81
22 49 99
84 21 27
22 82 62
35 97 76
0 59 88
16 96 1
39 95 62
56 33 32
17 53 96
26 88 31
99 45 96
69 53 17
51 8 32
87 61 27
21 8 64
22 5 31
51 8 7
78 60 2
87 79 10
87 81 27
56 36 69
16 46 13
41 59 51
35 37 45
35 61 27
84 37 92
21 6 32
53 5 31
76 96 21
54 21 51
56 33 7
62 81 31
20 56 58
32 56 24
36 44 61
75 53 74
74 18 7
65 20 27
89 97 88
35 67 66
20 87 14
49 31 21
89 44 88
21 33 32
16 96 67
35 81 27
61 19 72
53 23 70
32 23 92
21 8 32
0 46 88
89 87 36
35 96 2
35 20 2
75 45 17
88 46 51
32 56 27
10 95 99
74 36 90
49 4 9
62 81 27
22 82 50
99 53 94
56 37 69
26 81 31
35 36 69
20 12 58
8 45 63
36 13 36
49 31 67
73 81 51
97 37 58
16 76 51
16 59 51
35 55 69
61 44 88
73 76 51
76 4 1
56 97 45
56 37 90
69 4 94
53 95 65
78 96 51
26 21 10
65 67 51
36 87 32
8 4 9
32 37 24
41 76 2
38 56 92
16 31 1
87 61 89
35 81 89
20 31 1
73 46 13
20 23 58
99 26 94
44 19 72
54 20 51
20 31 21
38 23 58
35 67 49
99 45 70
61 55 7
89 92 61
61 92 88
51 18 81
84 56 36
74 37 7
65 44 14
54 21 66
74 97 76
20 23 27
95 49 31
88 76 88
26 21 89
69 23 96
22 49 62
56 97 90
84 20 49
61 36 7
61 36 45
36 87 14
61 97 7
16 45 9
53 53 17
8 96 21
97 56 24
65 92 32
75 23 96
32 56 92
61 36 69
75 26 94
26 61 27
20 31 63
20 45 63
35 81 10
26 61 31
20 42 9
97 56 58
16 31 21
84 56 24
0 81 51
61 6 32
54 60 51
95 2 65
54 67 51
88 84 51
74 37 76
97 36 36
56 19 32
62 88 89
38 56 24
8 31 21
89 97 32
26 88 89
49 96 63
56 97 7
75 4 96
53 82 62
84 36 58
76 96 1
35 21 89
39 49 50
41 46 51
54 96 51
56 19 64
16 31 67
20 4 63
0 59 22
17 53 74
17 53 94
76 31 67
26 81 49
69 45 94
76 18 90
56 36 7
65 13 61
65 87 32
49 96 21
21 33 64
65 97 88
44 6 64
65 21 66
41 46 22
10 95 65
36 92 32
65 60 27
25 88 49
61 8 32
51 19 81
41 81 13
26 88 27
76 4 9
88 84 22
65 92 36
65 60 66
53 26 17
16 45 63
53 23 96
65 20 51
53 2 62
97 12 92
20 12 24
49 4 63
78 96 66
61 92 32
16 4 21
0 59 51
8 42 63
65 92 14
10 49 65
65 96 51
76 36 45
61 36 90
0 59 13
62 61 31
56 19 72
16 42 67
69 45 74
61 97 36
44 19 7
44 19 64
65 92 61
38 12 36
49 31 1
62 88 10
61 18 81
95 2 50
25 21 10
61 97 76
10 49 31
16 31 63
35 37 7
36 97 14
20 23 24
22 82 65
97 37 92
32 12 36
8 96 63
21 8 72
20 97 32
99 23 74
99 53 70
74 97 45
51 6 32
73 84 22
97 23 24
35 60 2
84 23 36
0 59 2
39 49 65
76 45 9
0 76 2
75 26 70
51 33 72
61 33 7
0 81 13
56 33 64
97 12 36
53 5 62
26 79 89
20 56 24
76 31 9
26 81 10
20 31 67
39 5 99
56 37 45
41 81 51
53 82 65
56 6 81
25 21 89
89 92 32
16 42 63
32 12 92
20 92 32
51 19 64
95 49 50
25 61 10
44 33 7
73 59 88
36 87 88
20 87 36
17 26 17
97 12 58
75 53 70
74 37 90
38 37 24
84 21 2
16 45 21
35 21 66
88 81 88
84 96 51
53 5 65
35 81 49
73 76 22
56 18 69
20 96 9
56 6 64
99 4 96
78 67 51
35 21 2
26 88 10
44 8 32
76 37 76
32 12 58
35 20 51
76 18 76
84 60 27
16 46 22
69 26 17
69 4 96
61 36 76
21 18 32
54 20 66
25 88 10
69 45 17
65 60 2
32 56 36
56 8 32
22 5 65
61 87 36
75 23 17
22 2 65
25 81 31
39 5 50
35 67 2
61 18 90
78 20 51
35 37 76
61 8 72
39 5 31
54 60 66
17 26 74
10 82 65
16 84 13
35 21 31
88 59 22
65 96 2
84 60 2
65 44 88
20 37 36
22 82 99
76 37 7
61 18 32
10 2 62
20 44 14
35 18 90
10 5 99
8 31 1
75 45 96
61 8 7
84 67 66
21 19 72
62 79 10
35 55 76
56 18 81
20 44 36
84 12 27
56 18 7
78 67 2
75 53 17
53 4 96
88 46 22
16 81 51
99 45 74
61 92 61
35 88 27
76 45 63
56 55 69
61 13 14
44 19 81
44 8 72
16 4 67
41 46 88
35 88 49
49 96 9
20 31 9
78 67 27
20 92 14
44 18 64
53 82 31
16 76 13
87 61 49
10 82 99
95 95 99
20 97 61
56 55 45
62 88 27
95 5 62
