35 37 69
26 88 89
26 79 89
49 31 67
62 21 10
35 36 45
39 82 62
36 87 32
95 95 50
49 42 9
53 49 62
22 2 62
76 4 1
10 95 31
21 19 64
65 67 66
20 44 32
88 84 2
75 23 17
78 96 49
62 21 89
97 36 24
21 18 64
62 81 10
8 96 67
84 21 2
41 84 13
95 2 50
16 45 1
56 6 64
97 56 92
39 95 99
54 60 27
20 56 92
88 81 88
78 20 51
32 56 27
35 55 90
51 19 32
35 36 90
44 33 64
69 45 94
73 76 13
61 18 81
84 23 27
44 8 64
26 81 31
65 13 32
74 36 7
76 96 21
51 33 72
44 33 72
75 53 17
84 37 24
10 82 50
38 56 58
99 53 96
44 19 81
84 67 49
61 19 32
26 61 89
38 23 36
95 82 62
35 21 31
54 21 66
97 37 92
51 33 7
97 56 27
41 59 88
41 76 13
39 82 65
69 23 70
35 96 2
73 76 2
49 96 67
95 2 65
20 36 24
61 55 90
76 36 90
25 21 89
41 81 88
74 97 7
10 2 62
89 92 32
65 21 2
26 81 27
95 82 50
56 55 90
8 42 21
97 23 36
89 92 88
61 6 81
61 37 76
35 61 27
44 6 72
78 60 51
10 95 99
20 87 32
88 81 22
10 82 31
95 49 65
69 53 17
16 4 67
21 8 72
35 79 31
35 97 90
51 18 64
16 4 1
16 81 22
36 92 88
95 95 65
36 87 88
21 18 72
35 88 10
76 37 76
74 55 90
41 59 22
25 61 10
61 13 88
56 8 81
88 46 2
69 45 74
61 97 76
20 44 88
38 12 58
53 2 31
76 31 1
36 92 32
39 49 99
0 76 51
61 87 36
61 13 32
65 13 88
56 19 7
78 96 27
35 79 27
16 81 13
88 76 88
89 13 32
20 36 27
35 55 76
0 81 2
51 6 32
17 45 70
51 18 32
49 42 21
20 87 88
20 92 88
76 37 45
16 96 67
35 81 27
8 42 63
20 13 14
69 23 94
49 31 21
89 13 14
95 2 62
36 13 36
38 36 24
26 21 31
97 37 58
36 97 88
36 97 14
39 82 99
56 97 45
17 45 74
53 53 17
20 36 92
73 76 22
8 31 9
54 20 27
78 67 49
65 20 49
39 2 65
61 33 32
95 49 99
53 4 70
22 82 31
21 33 32
41 84 88
20 13 61
87 61 31
38 23 92
88 84 51
38 56 92
22 82 50
49 4 9
35 81 31
10 82 65
38 23 58
26 81 89
65 67 49
78 20 49
84 23 92
8 4 63
54 60 51
16 31 63
84 56 24
56 18 81
20 97 36
39 49 31
49 4 21
62 88 31
20 42 67
35 81 49
78 67 66
0 76 88
54 67 2
75 53 94
26 79 31
87 88 49
0 84 13
35 61 89
17 26 96
17 4 70
35 96 66
16 81 88
76 31 9
49 96 21
78 67 2
17 26 70
53 49 50
35 18 7
32 12 27
99 4 74
61 87 61
97 36 36
84 37 36
49 4 63
21 6 7
61 97 90
39 95 65
56 36 7
99 23 94
22 82 99
38 12 27
53 5 99
20 42 21
41 46 51
22 49 99
36 92 14
73 84 13
32 12 24
69 23 17
88 76 2
89 87 36
65 60 51
35 60 27
88 76 51
20 45 63
26 79 49
36 92 61
75 45 96
0 59 13
8 31 63
8 45 1
39 82 31
84 20 2
41 84 22
20 56 27
56 6 72
62 88 10
99 23 17
89 97 32
10 95 50
84 36 92
20 23 92
25 81 49
84 96 66
61 55 45
99 53 17
39 95 62
88 76 22
78 67 27
49 45 9
54 20 49
87 61 49
16 4 9
76 18 76
61 13 36
78 67 51
26 61 10
56 18 72
54 96 51
75 4 94
76 42 1
87 81 27
75 26 74
32 56 24
16 76 13
22 49 31
87 88 31
13 10 59
80 29 74
35 36 76
76 36 45
26 88 10
20 37 92
56 55 69
10 49 50
22 95 65
51 19 81
89 44 36
78 21 66
44 18 7
25 61 31
61 37 90
53 53 70
75 23 74
53 45 17
74 37 69
76 42 63
99 26 74
54 21 2
84 20 27
56 8 64
21 8 7
56 37 69
44 33 32
75 45 70
0 46 88
56 33 72
61 44 32
73 59 51
73 81 88
20 31 63
84 36 58
87 79 31
65 92 36
10 5 99
53 2 62
53 23 70
39 56 25
61 37 45
73 84 22
38 37 27
75 23 94
65 97 61
76 42 9
17 53 96
61 19 7
61 55 7
16 4 21
21 6 72
20 92 36
35 96 51
51 33 81
78 20 2
20 13 32
53 49 65
22 5 50
61 44 61
17 53 94
73 46 2
51 18 81
21 6 81
69 23 96
20 12 58
88 76 13
26 61 49
56 6 32
17 53 70
16 42 63
0 84 88
74 97 76
20 31 1
10 82 62
20 92 14
16 59 13
32 23 36
21 33 72
75 23 96
17 26 17
76 97 7
76 37 7
54 67 27
87 79 27
20 97 61
84 36 36
0 59 2
61 97 69
7 69 13
53 45 70
20 42 63
20 23 24
61 8 32
95 5 50
0 17 80
73 59 2
20 13 88
44 18 72
76 55 90
53 95 99
22 5 99
73 84 2
56 18 64
78 20 27
61 97 88
76 4 63
76 45 1
21 8 81
65 96 51
76 55 76
76 97 76
65 20 51
8 31 21
74 97 69
61 33 64
87 79 89
25 61 49
35 21 49
61 19 64
8 4 9
16 96 21
49 4 1
21 19 32
84 36 27
69 53 74
0 46 2
65 92 88
89 92 36
97 56 24
26 15 18
10 95 62
63 48 49
25 21 49
65 60 2
69 45 17
44 18 32
35 37 45
62 61 10
53 4 96
35 97 45
87 79 49
76 97 45
56 8 72
25 88 27
53 82 65
69 60 26
97 37 27
32 37 58
56 37 7
20 87 36
35 97 76
62 79 89
97 12 58
0 46 51
61 97 32
84 12 36
95 82 31
20 45 9
74 18 69
56 33 81
12 77 47
10 95 65
53 95 50
38 36 36
21 33 64
99 4 70
54 20 2
51 33 64
35 55 69
44 8 72
10 2 65
54 20 66
8 4 21
74 36 90
25 79 10
61 36 90
16 45 63
25 79 31
0 84 22
20 31 67
97 23 27
95 62 88
0 46 13
88 59 88
61 19 81
53 26 17
16 45 21
32 36 24
35 21 2
84 21 49
61 18 45
20 97 32
51 6 81
54 60 66
61 95 86
61 55 76
91 35 6
35 67 66
73 81 22
32 37 92
65 92 61
35 88 49
61 36 7
20 96 63
49 42 63
53 4 74
62 61 31
62 79 10
53 45 74
53 5 31
16 81 51
10 82 99
35 60 49
32 37 27
87 88 10
51 33 32
44 19 64
49 31 1
75 4 74
20 97 14
56 97 7
61 87 88
54 60 49
26 27 88
16 31 1
9 62 80
87 21 49
25 79 27
87 16 23
20 40 35
8 4 67
41 46 2
56 55 76
61 18 76
35 36 7
35 67 2
59 80 50
84 12 58
17 26 94
84 12 24
65 67 2
20 44 61
56 37 90
80 65 41
35 20 66
89 13 61
61 74 1
53 2 65
20 4 21
35 37 76
65 96 66
10 72 10
21 19 81
62 21 31
88 59 2
77 18 89
8 45 21
10 2 99
35 79 10
62 81 89
73 46 13
53 95 62
38 23 27
35 21 89
32 36 58
95 5 65
16 59 51
38 36 92
20 56 24
32 36 92
87 21 89
75 45 94
25 81 31
53 5 50
27 42 1
56 33 64
33 13 14
35 88 31
20 56 36
65 60 66
61 18 69
22 2 31
26 88 31
15 89 62
54 31 15
69 4 96
36 75 3
39 95 31
69 23 74
35 96 27
6 51 15
62 79 27
84 67 27
84 13 36
39 50 40
26 22 25
88 41 6
76 97 90
62 61 49
63 86 18
65 92 14
62 88 27
49 45 63
87 61 27
20 45 67
65 60 27
56 19 64
15 15 63
17 23 96
16 42 67
35 97 69
61 36 76
61 18 72
22 95 99
54 20 51
51 8 32
56 6 7
62 79 49
75 53 74
95 2 99
4 99 17
20 12 27
62 61 27
20 44 14
73 84 51
28 88 53
49 4 67
16 4 63
20 92 61
99 23 70
61 8 64
74 18 90
78 96 51
25 88 10
39 2 62
32 37 36
97 36 58
26 81 49
32 12 92
69 4 17
99 45 17
59 90 79
97 12 36
98 40 29
32 23 58
21 18 32
95 30 75
61 8 81
17 9 36
56 19 72
51 8 72
53 26 70
20 42 1
61 13 14
21 6 64
65 13 36
16 46 51
38 37 58
3 86 55
62 88 49
78 41 17
61 36 69
65 13 61
20 12 92
87 81 10
83 40 5
70 77 8
54 67 66
35 30 43
17 18 17
36 87 14
84 21 66
54 21 51
41 76 51
39 5 65
94 36 86
35 61 10
53 59 92
95 2 31
39 49 65
35 20 27
88 59 51
20 42 9
73 59 10
48 4 47
78 60 49
99 26 17
60 12 64
16 31 9
44 19 32
77 64 37
71 93 70
22 64 34
36 44 14
87 21 31
99 23 46
38 12 92
16 84 88
18 86 4
76 31 63
23 0 73
84 36 24
20 31 21
53 45 96
38 35 49
95 49 62
39 98 19
22 2 99
73 76 51
61 32 98
16 59 88
84 67 66
6 53 79
44 6 7
99 23 74
99 11 45
79 95 83
81 67 95
69 48 85
56 8 32
0 76 2
21 8 64
41 84 51
51 19 72
32 12 58
49 93 33
22 2 50
99 26 96
84 60 66
82 95 20
61 6 32
65 97 88
74 55 45
24 25 78
35 55 45
88 80 7
65 20 2
28 84 26
64 67 98
99 45 70
73 46 51
97 12 27
51 18 72
60 59 60
53 4 17
54 63 79
75 26 96
93 62 11
26 21 27
35 60 51
75 84 36
89 97 61
87 61 10
35 79 49
20 37 27
61 92 88
16 84 22
35 79 89
81 53 63
18 15 83
83 54 32
21 33 7
38 2 36
62 21 27
88 46 51
96 31 76
78 64 11
8 42 9
62 81 27
84 21 51
99 4 96
55 3 13
10 5 31
97 23 92
56 19 81
97 37 36
74 97 45
88 84 22
50 81 43
72 31 71
56 36 90
54 81 37
95 95 62
84 21 27
73 59 22
39 54 49
17 74 70
43 92 77
99 52 33
87 81 31
36 87 61
33 21 93
16 31 67
50 70 65
80 5 8
70 72 90
25 81 10
28 15 26
43 71 96
22 81 86
20 4 9
22 90 54
23 55 63
71 85 76
39 56 42
80 64 74
38 40 13
65 87 88
8 93 90
59 15 58
20 88 90
4 43 42
26 7 12
8 97 91
30 45 76
56 98 24
16 72 39
78 60 66
36 3 32
35 0 94
33 58 69
41 74 28
10 60 28
0 59 22
76 45 63
30 9 22
35 88 27
37 27 51
85 66 32
88 46 13
5 24 37
61 87 32
32 32 83
62 88 89
38 62 50
76 37 90
24 87 43
76 36 76
15 57 63
76 45 9
37 87 9
66 0 6
76 45 21
35 60 2
39 5 31
76 96 63
50 68 98
89 44 14
84 60 27
11 19 90
54 96 49
70 92 46
0 81 13
38 23 24
61 97 14
99 26 70
70 4 74
75 0 10
8 4 1
25 88 31
0 59 88
83 26 86
69 26 70
56 33 32
19 72 38
82 82 3
73 46 88
7 38 26
65 67 51
94 4 11
91 99 82
83 29 86
0 36 99
76 55 69
43 49 73
36 81 59
56 55 7
73 97 99
87 21 27
95 88 25
61 18 32
84 89 78
13 95 69
40 40 6
10 5 50
85 3 77
53 7 55
8 91 41
97 56 58
97 12 92
73 81 2
46 45 59
27 47 79
73 96 8
45 41 11
16 31 21
73 81 51
91 1 49
51 6 64
15 99 51
35 88 89
35 37 90
42 69 32
43 5 7
74 18 76
72 69 4
53 26 96
65 97 32
53 49 31
2 65 84
74 36 76
79 63 10
56 97 90
83 88 19
39 2 12
45 25 16
45 59 20
62 97 52
76 18 69
32 56 92
73 96 45
43 47 81
44 6 32
93 59 15
3 75 33
69 34 37
76 45 67
0 84 51
11 72 41
10 49 31
92 2 90
78 60 2
86 76 51
79 2 52
24 32 28
20 56 58
91 99 61
84 12 92
70 99 21
91 32 28
62 81 31
61 37 7
79 43 76
56 18 32
26 81 10
39 62 54
32 37 30
52 29 75
46 17 67
25 61 27
25 26 73
47 41 13
56 18 76
48 98 25
26 79 10
75 16 60
66 87 21
16 75 5
36 87 36
56 37 76
21 6 13
46 57 92
16 96 9
48 27 88
48 58 72
66 58 0
62 40 92
76 96 67
68 35 17
47 26 35
32 23 24
41 10 81
8 36 85
86 37 11
59 33 0
65 87 14
35 21 27
88 46 88
51 69 64
98 80 87
3 8 78
12 58 1
91 43 90
44 8 32
90 67 47
93 64 30
19 34 2
35 61 49
44 6 64
93 44 97
83 37 9
4 87 96
36 44 32
89 2 18
57 62 38
63 31 60
21 97 48
84 60 2
84 67 51
91 98 25
61 92 61
17 45 96
17 4 17
90 15 91
95 24 87
16 59 22
53 26 94
