26 81 27
61 18 72
41 81 13
76 36 7
20 45 21
99 4 70
25 81 31
87 79 27
38 36 27
56 37 76
41 84 13
16 84 51
89 92 14
53 82 99
95 2 31
44 8 72
53 5 50
51 8 81
62 61 31
0 76 2
76 4 21
17 26 94
95 82 62
51 33 32
97 36 36
61 55 45
75 4 17
61 44 61
25 81 10
20 36 58
76 31 67
49 45 1
61 18 90
38 23 36
65 87 88
88 59 22
99 26 94
32 36 27
53 49 65
56 97 45
84 60 27
25 21 27
56 55 76
65 21 49
84 20 2
75 45 70
99 53 94
21 6 7
10 2 65
41 59 51
54 60 2
17 4 17
39 5 65
35 20 27
65 92 32
26 21 49
21 8 32
35 37 76
65 44 61
16 76 2
38 12 92
51 18 72
84 36 27
53 53 94
35 60 27
73 84 2
35 81 10
49 45 9
68 87 89
78 60 66
99 53 17
88 84 22
35 60 66
8 42 21
39 49 99
22 95 31
28 30 10
75 53 96
13 49 17
89 87 88
65 20 2
21 33 72
9 77 23
0 76 22
4 93 69
69 23 17
38 56 27
74 97 69
56 6 7
44 6 64
20 45 63
35 30 67
20 87 61
36 13 61
84 12 36
26 61 89
10 95 62
56 97 76
62 37 64
38 56 92
50 20 67
10 5 99
89 87 14
21 18 64
21 6 81
97 12 58
50 32 28
78 60 2
41 76 22
75 45 74
78 67 2
51 53 29
10 43 68
23 22 66
89 66 98
75 45 96
53 53 17
73 94 68
62 61 10
35 67 2
1 99 90
26 79 31
64 28 57
83 28 73
37 36 17
21 21 51
88 20 88
23 23 30
14 29 4
74 97 45
49 4 63
72 98 67
17 23 74
40 34 3
26 89 67
53 26 96
13 86 42
61 18 76
16 81 13
77 84 56
84 56 24
41 46 2
8 45 63
3 67 84
32 36 58
67 18 30
35 61 31
25 3 53
0 22 11
35 88 89
51 66 71
52 44 2
21 19 81
51 28 77
16 42 21
8 4 1
69 4 74
21 19 64
61 55 76
10 49 31
35 55 90
8 4 63
75 45 94
97 12 24
46 89 30
84 77 57
70 14 61
22 43 23
87 47 66
7 37 42
36 87 36
82 80 31
73 60 41
7 1 66
91 6 48
92 19 64
87 79 10
65 44 32
34 86 96
62 81 89
25 88 31
61 87 88
52 13 83
69 53 96
88 81 88
7 34 57
51 22 90
92 25 49
84 37 58
76 4 63
21 47 59
49 42 63
17 44 93
23 71 30
36 13 88
84 96 2
99 23 74
73 59 2
5 10 88
8 96 1
54 67 2
93 21 32
75 23 17
20 31 9
10 44 90
97 89 63
66 64 62
6 52 69
73 84 13
49 45 21
73 76 22
99 45 74
9 76 68
20 36 36
73 76 51
41 81 51
79 71 91
88 79 59
61 18 64
16 76 59
6 4 54
39 95 99
74 37 45
35 23 16
66 42 54
21 6 64
60 22 43
31 68 73
76 66 89
20 44 88
42 46 4
43 97 68
78 20 66
1 52 48
20 44 61
0 59 2
1 23 32
75 45 17
95 5 99
3 84 27
20 6 61
43 11 34
8 4 21
48 57 31
1 23 82
35 36 69
38 0 14
64 89 65
16 68 18
11 51 91
44 33 72
39 32 7
92 75 3
20 37 24
95 43 59
76 96 67
77 83 43
8 39 26
51 19 81
46 62 9
5 22 48
42 40 84
59 82 0
79 13 35
76 4 9
29 10 1
43 86 50
71 61 81
63 13 27
73 81 2
71 61 21
85 84 34
94 41 75
21 94 17
34 76 59
59 81 97
79 47 78
11 5 39
30 97 16
26 21 89
34 41 91
51 33 7
62 21 10
72 73 99
3 67 92
84 60 51
81 33 1
21 8 7
37 50 41
98 95 52
64 15 45
84 37 24
60 84 55
2 91 51
97 23 36
49 54 84
24 91 50
35 21 31
51 8 32
91 19 82
86 24 39
66 64 29
82 88 66
10 82 50
9 13 43
20 24 15
19 82 99
32 37 92
96 74 60
20 97 36
99 15 86
17 45 96
21 18 32
5 58 25
96 39 52
84 60 66
62 79 89
84 0 39
22 2 50
27 59 47
77 85 89
80 27 33
36 16 27
84 84 49
0 46 2
61 8 72
72 49 63
69 4 96
61 19 72
92 56 8
83 52 55
51 29 99
22 98 49
49 31 63
89 97 61
89 92 88
17 93 52
95 51 13
42 4 31
31 37 8
39 76 38
54 39 56
5 65 90
33 2 40
38 23 92
23 48 6
26 60 86
36 21 54
61 19 64
12 8 98
89 71 26
37 51 24
89 92 32
55 50 16
49 96 56
69 1 76
76 82 88
93 76 71
6 5 13
46 68 56
65 59 63
9 24 96
46 82 56
20 13 32
87 79 49
40 10 94
38 36 36
34 54 68
10 16 83
86 62 36
84 94 26
16 46 51
50 5 99
76 37 90
16 96 9
63 61 22
1 68 2
83 34 36
24 75 52
85 9 23
15 11 62
29 52 14
1 5 90
10 95 50
15 30 66
9 64 22
86 42 39
84 36 58
44 67 85
9 16 62
54 20 2
91 87 63
67 93 30
43 2 59
39 49 20
74 36 62
91 29 57
84 68 91
36 97 32
89 13 55
93 39 12
37 20 36
78 70 89
15 5 19
19 39 77
59 35 72
12 33 41
2 34 26
72 71 87
76 36 69
4 99 10
56 63 29
62 16 28
35 21 10
87 4 87
54 67 66
95 82 69
74 27 54
54 73 40
78 25 99
12 94 50
35 61 89
44 4 97
76 37 32
46 39 88
38 74 96
38 76 64
13 7 36
38 12 58
25 65 85
62 63 41
91 64 31
15 73 34
54 77 88
53 53 74
42 52 19
62 88 27
23 48 22
23 57 95
37 17 89
15 53 92
25 21 10
89 13 32
96 34 85
25 79 49
21 86 58
49 4 1
80 60 94
77 25 41
51 29 59
61 8 7
76 59 71
63 65 7
61 97 32
72 5 17
23 73 25
66 14 11
33 38 80
52 55 63
56 19 7
91 34 23
65 20 51
69 77 0
46 26 78
13 81 49
83 38 73
94 98 31
29 8 36
87 81 10
17 61 66
62 84 70
16 83 10
21 86 24
43 91 1
54 39 92
32 78 6
62 75 62
6 85 86
94 79 16
85 46 27
20 13 59
93 11 96
39 72 19
15 18 1
84 80 41
95 49 62
13 60 27
92 89 86
85 59 54
16 76 22
64 84 30
50 36 18
82 66 37
12 88 93
25 76 92
7 32 18
60 15 16
58 86 69
13 61 72
73 85 35
82 2 16
61 33 7
73 85 31
86 35 57
18 54 98
94 20 18
35 79 27
12 4 65
14 77 95
9 91 22
35 18 69
48 67 53
49 6 85
26 21 55
72 31 0
49 96 63
78 53 2
61 13 32
46 52 21
28 17 40
30 15 85
22 82 62
46 81 5
38 40 31
50 50 87
56 19 14
61 87 61
84 20 27
87 14 89
60 59 11
21 93 46
39 56 38
81 17 92
53 7 66
33 44 50
66 22 57
6 2 64
8 42 63
87 21 31
58 62 91
37 42 68
97 0 1
21 6 72
79 46 30
53 46 60
10 21 68
28 22 18
3 19 77
66 28 18
99 24 57
34 72 26
25 34 36
17 4 96
48 3 83
33 90 2
21 82 4
9 20 42
25 12 60
7 6 6
54 16 82
38 91 2
4 83 21
45 96 86
22 95 99
86 64 42
29 36 51
85 36 86
87 9 19
74 74 27
84 23 92
15 16 2
16 84 88
65 41 70
50 65 83
77 8 35
46 27 34
75 53 70
80 87 40
45 71 20
53 71 35
40 8 6
30 38 71
11 66 37
75 99 97
8 63 3
57 59 5
69 63 66
58 26 67
48 93 8
60 83 93
54 11 99
78 72 2
72 75 66
44 71 69
39 42 91
8 79 95
56 18 7
44 14 93
32 23 27
89 79 46
56 43 51
44 41 82
66 72 18
49 23 53
7 7 8
71 34 18
4 65 5
73 38 61
1 51 83
24 4 6
26 69 66
37 13 61
87 43 17
41 50 97
87 88 89
16 31 67
73 22 5
34 83 23
73 46 2
61 97 7
51 19 7
23 0 45
89 98 73
6 91 28
31 61 98
36 92 36
50 35 24
66 40 33
50 89 0
67 62 92
26 6 82
26 96 30
20 92 88
90 66 30
49 90 10
40 7 89
95 55 53
22 32 26
40 35 95
32 78 42
56 85 74
90 83 25
92 85 8
14 42 33
24 58 44
95 2 65
94 26 46
73 2 11
45 72 56
81 44 31
44 49 69
8 21 0
28 23 98
69 51 99
12 27 46
73 84 22
62 80 32
30 93 35
51 97 46
28 66 18
78 96 49
11 11 92
88 12 30
67 6 3
46 76 31
81 9 77
23 52 89
10 68 89
88 71 97
25 27 35
48 99 23
70 92 8
50 32 95
73 54 52
61 44 36
20 93 70
28 76 33
82 21 55
10 95 65
65 87 32
78 52 65
33 34 71
42 9 66
63 22 87
95 1 46
74 45 36
35 7 98
59 26 24
36 19 34
51 7 21
35 97 69
19 63 22
53 95 31
90 10 6
69 48 65
34 15 48
17 26 96
68 20 32
87 48 84
43 65 52
79 54 99
22 87 56
41 41 28
68 25 29
28 0 3
10 95 99
16 46 2
87 13 68
21 71 78
25 90 68
85 60 53
88 74 76
47 97 41
43 18 45
82 73 71
10 91 69
8 78 54
25 72 93
96 65 18
13 68 65
77 89 2
59 95 73
55 78 24
22 17 52
69 60 24
72 96 62
77 31 8
91 31 70
89 8 92
11 64 50
30 18 46
21 52 70
54 99 64
14 54 46
86 63 71
79 65 17
31 71 94
93 95 96
22 95 95
50 93 69
45 17 2
63 25 34
11 39 39
84 64 96
78 32 72
78 75 67
58 44 72
34 84 78
92 47 61
2 19 78
20 92 61
76 96 1
65 97 36
73 18 28
73 53 58
62 78 45
71 13 80
76 36 45
82 87 91
55 6 84
72 55 90
8 6 55
54 62 39
26 81 10
88 95 27
28 59 64
35 88 10
50 38 6
53 53 96
2 81 10
43 5 44
75 33 67
21 83 51
72 39 21
16 76 88
74 37 7
23 64 32
18 48 95
56 15 22
31 38 31
86 95 41
56 37 7
2 23 38
32 12 36
73 90 36
22 50 13
56 18 72
61 37 69
92 67 55
16 96 1
19 24 9
79 1 16
13 43 49
75 26 94
95 51 15
51 96 99
98 78 90
32 9 79
7 73 27
5 42 35
92 79 25
88 76 88
6 99 77
8 42 67
18 31 43
98 27 41
38 0 18
20 64 83
44 94 39
44 33 81
14 65 36
67 59 29
63 20 89
99 93 15
52 37 9
71 38 71
75 55 21
12 19 98
22 5 50
26 5 58
21 71 10
23 27 88
27 44 78
93 67 53
21 33 64
58 29 94
24 82 24
33 63 54
73 81 51
65 60 27
76 36 90
68 92 59
87 20 85
15 60 95
11 28 63
53 28 42
25 40 27
9 97 67
49 38 48
24 82 57
82 88 42
79 46 39
21 33 32
48 79 35
92 63 14
35 48 94
9 17 77
1 55 77
78 41 42
87 61 10
97 56 24
70 49 85
14 21 86
50 59 0
32 12 95
79 12 38
48 56 81
0 76 13
70 1 71
86 39 67
62 19 54
97 31 78
89 13 61
89 66 48
19 6 14
0 54 5
41 56 9
22 49 31
2 93 97
13 16 44
93 8 56
56 97 14
75 59 39
24 2 42
99 93 47
18 74 22
0 76 45
24 32 4
29 99 38
77 17 54
52 29 55
26 20 57
95 2 99
41 81 88
56 72 37
56 59 44
61 25 77
20 18 92
52 78 37
16 22 81
60 13 47
47 7 48
68 25 86
4 31 30
27 11 52
54 60 27
42 30 14
52 79 95
49 90 36
78 57 7
74 34 93
73 13 30
46 65 73
84 67 51
64 73 40
83 88 50
99 47 92
13 8 93
0 89 28
90 59 46
20 12 36
25 54 66
37 2 88
80 75 8
51 18 81
76 59 64
42 46 57
49 84 79
66 29 67
47 78 61
78 20 15
6 27 58
15 85 92
89 6 44
51 34 26
82 74 93
7 48 3
20 26 57
94 68 45
65 26 51
84 37 26
38 47 67
33 5 42
22 83 81
82 3 14
32 58 8
3 46 24
93 69 73
21 27 94
96 20 2
28 28 92
99 35 68
73 99 39
19 46 9
46 66 92
73 47 11
79 30 38
31 94 50
59 85 83
65 97 6
19 18 1
74 8 39
22 29 83
1 17 33
44 71 18
28 3 98
41 95 13
39 46 21
85 61 8
95 52 99
90 1 58
69 21 19
8 25 25
60 48 6
11 86 31
53 23 66
61 86 61
28 55 71
6 37 2
8 54 82
95 69 37
31 54 95
16 4 9
4 33 57
13 17 97
56 8 72
72 58 25
85 17 60
95 82 99
6 33 82
3 72 45
30 54 83
23 33 98
29 59 60
65 49 28
62 98 43
5 67 47
22 82 99
26 79 40
75 57 34
96 24 99
34 30 84
56 8 64
72 88 26
16 75 63
54 4 74
89 3 1
11 9 35
65 24 1
26 41 43
