16 42 9
97 23 36
78 96 27
95 95 31
16 96 1
84 67 2
53 82 31
35 67 2
87 79 10
26 21 31
20 36 58
39 95 65
53 95 31
22 5 62
41 59 2
61 55 7
32 56 58
84 12 36
87 79 27
38 36 36
88 76 22
74 18 45
95 2 62
20 42 67
62 61 10
53 45 94
61 18 81
95 95 65
10 95 65
84 21 66
78 96 49
10 95 99
62 88 10
74 37 69
88 84 2
61 8 64
22 49 62
35 60 2
32 36 27
36 13 36
53 53 96
62 61 89
84 60 2
95 82 65
20 4 9
22 95 99
84 20 27
0 46 88
35 96 2
25 79 27
74 55 90
35 61 31
78 20 66
65 67 2
35 96 27
44 33 32
88 46 51
17 26 70
51 33 32
36 97 32
16 76 22
20 13 61
25 21 89
44 6 81
97 37 24
95 5 62
53 4 17
74 37 45
0 59 13
69 4 17
95 5 99
88 46 22
76 31 9
20 42 1
99 23 96
8 96 63
84 20 2
61 36 7
10 2 99
10 49 50
87 88 31
41 76 51
32 37 36
20 37 27
51 33 7
39 82 62
39 5 50
20 56 24
39 49 31
35 55 69
20 45 21
56 33 81
20 23 58
35 60 49
54 60 2
26 21 27
20 13 36
35 79 27
84 21 49
44 33 72
54 21 27
56 8 81
41 84 2
53 5 99
16 81 88
65 60 49
35 67 51
21 6 81
49 31 9
97 23 27
74 37 7
97 36 27
78 67 49
84 67 27
87 21 31
16 81 22
49 45 63
44 19 7
75 26 96
95 82 99
53 53 17
44 18 81
78 20 27
88 81 2
26 88 49
65 60 27
54 60 49
10 5 65
25 88 27
8 96 21
95 5 50
44 8 72
78 21 49
78 20 51
61 37 69
51 18 32
35 55 45
44 19 81
39 2 31
74 36 7
8 31 67
54 96 49
69 4 96
61 13 36
51 18 64
36 13 61
87 61 89
21 19 72
61 87 14
69 26 74
76 18 90
51 19 72
74 36 76
76 31 21
56 18 72
89 44 88
65 21 49
84 12 27
84 67 66
65 20 27
16 42 63
26 88 27
87 81 89
25 21 49
61 19 32
35 97 45
20 23 36
56 97 90
25 88 10
36 44 88
35 36 69
69 23 96
74 97 7
76 18 7
99 45 70
73 76 51
69 23 17
44 18 7
22 5 65
75 45 96
76 96 21
87 61 27
61 8 81
26 79 31
99 4 17
38 37 27
36 13 88
16 96 21
16 4 67
97 12 27
26 21 89
95 82 50
20 37 24
41 81 88
61 36 76
65 96 66
16 96 9
44 6 7
54 67 2
17 53 94
95 95 62
38 56 92
20 13 14
95 49 50
99 4 70
53 82 62
76 4 1
65 92 36
87 81 27
99 23 94
21 19 81
78 96 2
61 92 61
84 21 51
65 21 27
89 13 14
75 23 70
38 12 58
65 87 36
25 81 49
44 18 64
10 82 62
61 18 76
20 12 36
39 5 31
89 44 14
76 18 45
21 18 64
25 81 10
25 21 27
88 84 22
56 19 32
56 8 64
56 37 45
87 21 27
78 20 49
35 21 49
61 6 32
61 18 7
84 21 2
87 61 49
21 8 32
20 12 24
36 44 14
74 97 45
0 84 51
10 5 99
49 42 63
88 59 22
61 36 45
41 46 13
56 6 32
84 96 66
89 97 14
36 87 88
35 21 10
97 12 24
32 23 36
41 59 22
53 82 65
44 19 64
61 37 76
84 67 49
53 26 74
26 81 27
20 44 61
35 36 76
74 97 69
17 4 94
65 67 49
56 55 45
61 33 81
97 12 92
78 60 66
97 56 58
32 36 24
73 84 51
0 46 51
44 8 81
35 21 2
69 53 96
20 45 1
36 87 61
41 81 51
78 96 51
97 56 36
76 42 63
26 79 27
36 97 88
62 79 10
35 36 7
97 56 24
16 84 2
65 20 66
56 36 69
56 6 81
99 53 17
56 33 64
84 60 27
78 60 49
25 88 49
84 23 92
20 97 36
0 59 88
20 12 27
62 81 49
56 97 69
20 45 63
20 96 67
76 97 7
35 37 90
69 23 94
62 88 27
65 44 32
56 33 72
25 79 49
8 31 21
44 6 64
89 97 36
20 44 32
53 23 96
0 76 88
65 13 14
62 21 27
62 21 10
38 23 24
20 12 92
41 76 22
88 46 88
84 20 66
99 4 94
32 12 58
95 2 99
25 81 31
65 92 61
56 18 90
41 46 88
16 45 67
51 6 7
32 36 58
41 46 2
35 60 51
35 79 49
95 95 50
32 12 92
44 19 72
61 55 69
38 37 36
62 21 49
39 2 62
51 33 72
61 36 69
22 2 50
62 79 27
39 49 50
56 19 64
35 60 27
65 13 32
84 23 36
73 84 13
53 5 50
21 18 7
44 6 72
61 97 45
65 60 2
56 37 69
35 81 27
21 33 81
78 60 2
38 12 36
51 33 64
54 21 66
22 95 50
20 45 9
0 46 22
84 60 51
87 79 31
0 76 13
20 44 88
84 23 58
51 19 64
36 92 61
56 36 45
39 49 99
10 49 65
32 56 92
20 31 1
36 87 14
76 42 21
41 84 88
32 36 36
49 42 9
35 21 89
20 12 58
56 6 72
97 36 24
41 46 22
62 81 27
88 59 2
16 84 13
73 76 88
21 8 72
53 95 50
88 76 88
61 37 90
0 84 22
76 18 76
99 53 70
76 37 69
99 23 74
54 67 49
88 81 51
87 81 31
8 4 9
65 44 14
76 45 67
97 36 92
41 59 13
61 13 88
88 59 88
61 87 36
20 4 67
21 33 72
20 87 61
65 87 14
84 37 24
62 81 10
17 26 96
65 97 88
10 49 62
61 87 61
65 13 61
26 79 89
35 81 49
87 81 10
53 2 50
84 12 92
39 2 65
20 4 63
97 36 58
20 44 36
22 95 65
16 76 13
88 84 51
69 45 96
65 44 88
21 19 32
65 96 2
38 36 92
25 61 31
32 12 24
65 60 51
76 45 63
44 33 64
35 18 90
61 97 36
74 36 45
84 20 51
76 45 9
35 20 27
20 13 88
78 21 51
35 20 66
61 8 7
35 20 49
73 84 22
49 31 63
65 92 88
35 20 51
35 97 76
73 46 88
84 36 36
20 97 61
49 31 67
99 26 94
74 55 7
65 44 61
74 97 76
84 60 66
88 84 88
73 46 51
16 81 13
69 53 17
8 45 1
10 5 50
56 8 7
74 18 90
53 95 65
20 36 92
26 61 27
49 96 21
53 26 17
65 13 88
38 23 36
22 2 65
89 87 32
61 97 69
69 45 74
99 45 17
95 49 65
54 67 51
16 45 1
89 13 32
75 26 17
61 87 32
61 18 32
35 21 51
8 42 1
78 21 2
76 42 9
38 23 58
0 81 51
89 87 88
26 79 49
35 96 49
54 21 51
36 44 32
56 18 7
88 76 13
89 92 61
51 33 81
97 12 36
49 96 63
95 82 31
41 81 22
87 79 49
32 37 27
0 46 13
20 92 61
84 36 24
10 82 99
74 18 69
61 92 88
0 59 22
87 88 49
16 42 67
49 31 1
35 18 45
16 45 21
75 45 94
73 46 22
54 96 2
53 49 65
61 44 36
88 59 51
35 81 10
35 20 2
54 20 49
76 55 76
69 4 70
56 18 69
53 45 17
84 56 58
32 12 27
84 37 92
73 46 13
76 97 90
87 61 10
25 79 89
97 37 92
61 18 45
76 55 45
35 18 76
76 96 63
61 36 90
8 45 67
74 55 69
38 56 58
17 45 96
88 46 2
53 2 65
75 45 17
89 97 61
38 37 24
32 36 92
38 56 24
41 81 2
95 95 99
38 56 36
97 23 24
35 97 7
44 18 32
16 76 2
39 49 65
84 36 58
84 56 92
36 44 36
69 45 94
61 87 88
25 88 89
32 23 27
78 67 51
53 45 74
84 23 24
78 60 51
35 21 27
99 53 94
56 18 64
17 45 17
76 36 45
51 18 72
20 56 58
39 95 31
35 67 49
61 44 32
35 79 10
99 45 74
20 92 14
36 87 32
16 4 21
88 81 88
88 76 2
97 56 27
99 23 17
8 96 67
20 97 32
10 82 50
35 88 89
61 33 64
0 81 22
16 31 21
16 31 67
39 5 65
35 37 69
61 6 81
87 21 10
49 96 67
87 88 10
65 21 66
8 4 63
84 96 2
62 79 31
73 59 2
20 31 63
75 26 94
76 45 21
62 79 89
16 42 1
69 53 94
99 4 74
89 92 14
84 20 49
21 18 32
99 53 96
38 12 24
16 46 13
76 4 63
36 92 36
75 53 94
87 61 31
76 37 7
61 92 32
56 8 72
53 49 99
95 82 62
51 6 72
62 81 31
95 5 65
53 53 70
75 53 74
61 97 14
35 96 51
35 97 69
16 84 88
76 45 1
35 61 10
36 92 32
56 33 32
76 97 76
74 36 90
20 97 14
74 18 7
73 81 13
10 95 62
76 36 90
49 45 21
78 21 66
21 8 7
54 67 27
35 96 66
49 42 1
61 6 64
35 79 31
35 97 90
35 36 90
84 37 27
8 42 21
26 61 31
17 23 70
20 23 24
10 82 65
95 5 31
74 97 90
56 37 7
20 56 36
56 19 72
89 13 88
20 31 21
17 23 96
39 5 99
21 6 64
53 45 70
65 97 14
51 19 7
88 84 13
26 88 10
56 33 7
36 87 36
35 61 89
56 55 90
76 96 9
73 59 88
22 95 62
56 6 7
65 44 36
53 49 62
25 79 31
61 13 32
61 18 64
89 92 32
75 4 94
53 5 65
62 61 27
49 4 67
69 26 96
16 59 22
65 96 27
76 36 7
16 4 9
20 92 32
84 96 27
35 37 76
88 59 13
56 19 7
38 36 58
20 37 36
69 53 74
65 96 49
26 61 49
49 4 63
10 5 31
74 37 76
69 23 74
8 4 1
53 2 31
26 21 49
78 67 2
25 88 31
61 18 90
74 18 76
53 26 70
78 67 66
36 92 14
61 97 88
25 61 89
41 81 13
61 97 76
53 82 99
26 81 31
35 88 10
53 49 31
35 55 76
61 44 88
21 18 81
26 79 10
87 88 27
38 56 27
0 81 2
84 12 24
69 45 17
51 8 72
20 37 92
53 4 70
56 18 81
84 12 58
8 45 9
22 82 62
87 21 89
56 97 76
39 95 50
75 4 70
99 26 70
62 81 89
76 42 1
38 37 58
21 6 32
0 84 13
39 82 50
76 96 67
53 23 17
16 59 13
20 44 14
21 33 7
95 49 99
61 92 14
32 37 58
61 37 7
17 26 74
16 76 88
20 92 88
16 46 88
10 2 65
0 76 51
87 21 49
44 6 32
17 23 74
84 96 51
61 13 14
73 76 2
35 67 66
53 5 31
62 88 49
8 45 21
61 6 72
74 55 45
99 26 96
65 87 61
36 44 61
20 23 27
69 45 70
0 84 2
65 67 27
78 67 27
20 23 92
76 31 1
49 4 9
61 8 72
44 8 7
88 81 13
41 84 22
78 20 2
16 84 22
84 23 27
39 5 62
8 31 63
75 23 94
61 19 7
10 49 99
8 45 63
16 45 9
25 61 49
22 2 99
38 36 24
53 95 99
53 49 50
35 18 7
53 4 74
26 88 31
8 4 21
56 18 76
89 97 32
51 8 81
35 79 89
69 26 17
75 45 70
22 82 31
89 44 61
38 37 92
16 76 51
17 4 74
51 6 64
44 18 72
10 2 62
35 81 89
8 4 67
97 37 27
84 36 92
76 37 45
16 31 1
84 60 49
25 79 10
32 23 24
54 21 49
76 36 76
97 12 58
61 19 81
20 56 27
69 4 94
53 2 99
69 4 74
17 4 17
54 20 66
16 96 67
16 46 2
76 96 1
61 55 90
75 23 17
73 59 22
53 23 74
17 23 94
69 23 70
78 21 27
73 84 88
84 67 51
51 8 32
65 92 32
17 4 70
32 12 36
53 95 62
95 2 65
10 95 50
32 37 24
22 2 31
89 87 14
49 42 21
89 92 36
65 87 32
21 19 7
53 23 94
21 8 81
0 59 2
73 81 22
54 20 2
89 13 36
95 2 50
25 21 10
61 33 72
20 31 67
99 45 96
62 61 31
39 82 65
76 4 9
44 8 32
35 67 27
25 81 27
54 96 27
16 59 88
51 8 64
36 97 14
35 61 27
26 81 49
10 5 62
51 6 81
26 21 10
20 4 21
22 82 99
17 4 96
49 4 1
8 96 9
39 2 99
69 26 70
51 19 81
65 20 51
22 49 31
87 88 89
0 46 2
22 82 65
65 67 51
20 36 36
65 21 51
75 4 96
10 95 31
8 31 1
20 56 92
56 6 64
95 49 31
74 55 76
75 26 70
10 82 31
69 53 70
17 53 17
49 96 9
76 4 67
75 23 74
89 87 36
20 42 9
16 59 2
32 56 27
53 45 96
56 37 90
53 2 62
84 56 24
97 37 58
35 88 31
49 42 67
20 42 21
44 19 32
65 13 36
76 18 69
49 45 1
61 44 61
35 37 45
20 36 27
35 55 7
16 84 51
16 46 22
21 6 7
36 13 32
20 37 58
21 33 64
99 4 96
75 4 17
76 31 67
26 81 10
17 53 74
8 31 9
49 96 1
65 97 36
16 31 9
99 26 17
