0 59 88
69 23 96
77 43 99
35 96 27
25 21 49
59 48 45
20 96 1
39 2 50
17 45 96
20 97 36
62 88 89
35 88 49
46 75 45
20 36 92
17 65 81
35 23 88
44 8 7
36 13 32
64 97 36
52 55 92
17 29 24
46 65 76
36 97 88
87 79 27
65 21 2
93 92 87
19 82 83
72 70 23
86 94 31
99 66 17
20 72 29
56 1 57
83 96 6
65 97 32
14 0 36
99 63 27
14 70 95
30 51 72
75 3 64
57 33 45
25 91 13
36 56 61
23 63 44
75 78 82
13 54 67
71 1 81
36 69 41
48 38 98
73 0 19
8 25 33
96 85 0
88 3 22
74 8 28
97 37 24
99 23 70
84 60 58
80 25 35
95 5 2
80 44 44
40 89 87
87 92 72
10 18 84
89 92 36
26 6 91
78 96 49
17 35 70
56 18 81
6 93 74
13 88 31
97 18 55
38 36 24
68 51 53
59 65 16
61 80 13
27 48 48
52 41 25
61 18 69
74 21 70
33 1 63
60 94 31
56 19 7
69 23 94
64 15 75
54 67 27
48 49 76
8 44 57
73 62 81
82 13 93
12 13 47
29 74 96
3 93 20
41 98 12
28 41 94
18 61 35
3 78 40
75 83 48
99 15 32
38 7 20
4 42 43
65 87 68
5 52 43
45 28 80
70 64 39
4 96 70
31 42 57
20 44 32
99 7 78
33 97 47
62 29 68
35 43 56
58 64 86
96 71 54
49 59 87
65 97 36
22 95 50
86 83 46
9 41 74
52 3 46
63 60 85
52 1 54
91 47 53
54 66 57
4 25 61
49 61 70
94 84 18
6 7 64
63 90 42
2 9 84
35 67 2
38 24 81
36 45 87
46 69 15
77 34 90
79 53 86
62 77 68
22 95 31
7 78 9
77 8 44
56 37 69
35 34 67
96 47 37
13 78 76
56 72 27
61 6 64
1 4 68
0 66 84
64 58 66
3 36 91
61 65 33
91 62 5
32 76 56
75 31 2
62 63 91
47 6 1
99 66 4
35 90 56
7 19 65
73 74 70
84 22 9
61 34 36
65 49 95
51 63 23
19 29 32
4 0 26
71 94 82
7 69 67
73 27 46
74 78 41
58 61 62
36 44 88
84 36 24
33 66 54
45 45 18
14 98 34
14 63 91
49 14 21
75 34 6
84 23 92
77 97 51
73 59 51
40 60 56
36 97 14
76 45 63
61 78 9
1 62 38
40 87 36
48 33 35
30 91 70
5 97 59
24 94 39
76 16 99
90 48 98
15 24 15
0 9 22
77 36 81
90 7 54
80 16 12
11 35 8
96 35 84
68 87 38
41 68 89
69 69 75
99 98 18
13 55 53
88 81 2
64 75 39
24 67 40
25 61 49
2 55 14
81 58 77
22 91 63
37 65 17
68 75 38
69 2 47
80 96 78
76 36 76
72 55 72
61 18 17
65 69 67
60 79 49
11 17 42
85 70 1
36 35 75
83 99 24
55 23 20
75 53 9
53 82 50
78 67 82
95 65 8
61 25 77
75 38 96
28 40 15
5 73 39
87 52 72
2 59 9
68 9 8
48 71 73
72 66 12
63 4 13
95 80 39
77 53 85
62 79 10
16 40 1
45 34 11
27 54 58
71 35 78
16 86 82
55 52 44
23 58 0
39 4 44
42 86 10
5 21 96
59 55 49
15 39 40
78 21 28
4 69 43
13 79 26
1 5 12
57 6 76
25 87 3
21 29 37
57 15 22
20 30 61
65 31 68
54 54 33
89 23 11
57 21 87
19 3 88
92 26 84
47 36 93
28 94 46
68 41 30
63 98 4
8 96 9
20 12 3
0 74 31
27 1 30
16 45 55
1 11 86
75 75 6
32 37 27
31 29 18
69 84 5
15 59 77
94 71 93
1 56 93
8 33 70
28 26 44
0 85 94
58 45 84
31 66 76
84 62 31
28 92 88
20 66 48
87 38 3
37 23 23
99 60 80
50 87 94
67 5 90
66 96 16
26 61 49
20 73 11
37 50 10
93 76 28
39 66 61
3 60 64
31 48 42
67 43 79
13 16 63
33 42 62
13 49 54
56 74 77
31 90 29
63 29 36
5 20 49
94 81 15
20 87 36
13 73 68
46 78 9
7 0 47
87 92 99
41 59 2
2 42 91
89 70 16
61 55 45
99 97 79
87 76 68
44 52 55
68 61 1
94 46 2
14 25 1
88 78 85
87 64 5
62 0 3
32 37 92
59 95 6
61 5 76
30 88 23
53 77 77
95 45 81
46 41 71
1 69 12
90 20 98
68 78 19
80 20 68
75 65 75
17 30 59
6 86 74
35 36 69
17 33 67
66 88 30
73 11 47
27 41 16
39 50 52
88 36 9
4 54 24
73 9 82
27 42 79
42 26 98
69 2 71
10 5 65
89 80 89
62 71 2
88 55 35
30 45 52
61 6 6
9 52 16
2 60 70
12 20 24
36 74 39
10 13 0
11 19 9
10 82 65
50 95 63
49 27 13
41 20 49
73 49 99
57 91 83
79 27 98
6 86 29
2 77 65
7 15 16
40 32 84
53 23 94
85 89 39
34 75 67
48 66 46
99 6 62
52 25 79
9 91 30
29 56 92
89 39 93
71 37 38
46 10 17
41 52 75
41 6 27
95 6 95
69 13 92
25 99 26
8 52 57
25 93 83
76 14 6
85 25 51
11 23 92
50 0 70
86 60 76
64 65 81
83 60 47
92 2 81
40 86 56
76 24 38
97 33 65
27 17 48
97 23 27
59 40 88
19 45 4
32 50 24
69 27 21
91 99 65
18 50 82
45 28 46
49 15 92
65 21 49
31 3 62
10 84 24
48 43 7
31 59 57
93 92 4
76 18 69
98 73 54
6 49 68
87 47 2
42 37 97
73 94 82
3 54 9
80 23 92
28 29 16
27 65 29
82 41 81
44 9 75
59 55 12
4 88 73
8 53 42
88 7 92
76 96 67
0 90 71
30 56 7
74 27 5
27 77 95
53 24 23
0 94 95
41 59 22
41 97 60
14 23 0
38 34 37
42 68 16
85 36 91
51 9 28
89 81 64
25 58 62
62 22 8
9 89 89
32 77 46
80 68 48
1 37 40
8 70 45
14 93 77
30 88 29
97 34 30
32 50 79
67 55 7
97 32 81
64 24 29
71 27 75
64 72 68
48 39 38
76 37 89
17 98 63
73 68 34
59 91 11
59 44 40
4 14 96
75 27 51
6 88 1
82 69 74
8 73 51
16 66 86
17 77 41
1 57 28
37 52 18
38 68 19
21 91 3
65 87 88
75 85 81
63 80 60
2 16 63
16 95 40
46 54 86
73 36 44
76 84 65
92 12 80
63 37 33
47 80 68
16 96 9
61 19 32
26 3 18
13 60 5
56 14 54
13 36 10
46 57 57
32 35 76
18 60 62
61 74 84
47 94 3
56 20 26
73 58 45
79 12 38
57 79 61
8 54 78
45 30 13
55 70 8
48 25 3
22 15 9
78 91 27
69 29 38
99 82 93
63 65 31
52 90 0
52 68 86
21 34 53
95 65 76
9 28 41
43 74 48
30 59 75
69 50 4
13 30 61
33 61 81
29 0 60
82 85 46
68 11 42
91 8 78
2 51 11
18 32 97
71 67 85
5 28 47
35 83 66
88 63 11
12 7 52
30 6 12
73 61 61
16 76 2
30 54 90
84 52 8
36 13 88
29 28 83
30 26 54
87 21 89
17 40 48
6 98 16
49 59 0
14 83 23
47 42 99
21 91 91
39 85 58
59 65 54
0 87 73
97 17 45
89 2 92
13 85 4
80 6 54
48 10 68
13 99 70
10 48 32
17 76 69
96 92 16
66 83 99
12 85 75
21 15 66
88 13 66
91 30 25
53 53 94
29 61 69
32 67 95
11 41 66
75 4 17
34 35 43
76 82 36
84 97 9
81 5 55
12 47 54
25 81 92
59 8 75
8 58 54
92 68 47
65 96 49
71 74 1
71 8 44
87 8 66
89 89 98
68 15 94
50 58 64
27 55 95
82 2 96
76 1 58
77 17 92
72 30 9
63 1 63
34 94 0
1 26 90
64 40 2
16 81 2
37 52 68
5 26 96
92 94 40
38 27 62
55 53 26
51 69 9
0 90 77
17 28 44
99 3 24
52 35 16
36 52 17
84 32 18
49 56 87
25 57 88
11 38 98
41 66 1
42 24 53
81 63 15
39 56 59
33 49 49
93 33 70
94 43 29
52 1 17
32 11 19
65 87 32
82 53 46
78 66 27
22 90 55
96 98 14
27 98 31
25 13 80
99 77 33
48 1 92
38 72 74
65 93 7
80 92 2
69 4 91
57 51 7
63 88 53
1 21 67
35 4 75
65 92 88
42 1 2
0 92 47
95 58 9
85 51 41
2 48 91
15 24 60
72 88 94
34 38 54
73 80 50
82 8 9
30 73 18
1 22 55
57 22 78
19 0 54
14 44 76
3 47 47
60 80 25
70 93 85
23 17 38
21 12 62
39 39 98
77 49 5
25 21 27
78 96 27
79 5 46
96 38 21
1 6 99
11 97 23
87 46 57
68 68 43
78 66 75
3 81 15
51 64 71
92 54 65
47 31 7
57 94 27
45 62 76
24 34 17
17 33 91
28 29 64
77 8 19
48 82 94
93 79 16
10 75 51
81 56 94
53 15 44
81 10 88
26 8 54
84 87 62
85 99 57
49 71 80
98 91 68
34 13 49
93 93 75
34 17 10
12 15 92
91 37 46
55 3 52
89 10 93
60 68 2
85 39 60
35 59 44
97 94 54
71 31 40
2 86 48
56 36 45
3 80 1
64 12 10
40 7 84
49 82 4
90 46 32
18 99 18
61 66 5
1 60 54
83 23 19
43 80 24
55 55 15
99 87 84
63 50 13
71 69 9
29 93 83
9 61 79
34 32 52
26 5 13
56 29 32
67 97 11
56 17 93
79 62 43
75 26 8
28 73 37
89 75 81
27 17 62
69 20 53
35 21 89
4 80 84
47 48 37
46 81 86
93 49 22
60 5 11
89 17 60
51 6 7
25 56 20
38 5 53
26 32 36
36 34 29
44 51 23
76 45 9
98 43 81
81 64 99
9 50 7
19 59 2
0 77 15
31 11 62
84 3 21
84 56 36
56 84 4
46 42 63
61 18 32
28 17 24
20 10 40
69 93 52
35 98 51
72 4 18
54 65 21
22 96 83
2 72 62
49 59 22
1 75 67
22 98 87
56 62 98
69 67 26
96 89 7
23 83 22
31 92 22
88 57 83
3 87 46
1 95 2
14 86 28
92 55 67
97 55 43
21 42 50
50 58 18
40 9 60
67 87 47
83 33 42
56 34 14
76 9 77
64 78 80
11 70 43
3 67 46
29 18 27
30 56 0
33 83 24
98 88 50
85 64 9
37 11 46
79 14 27
14 92 2
28 27 43
23 13 93
76 76 73
23 61 88
11 51 39
40 4 66
2 83 97
81 84 66
34 3 97
23 28 66
91 17 61
92 12 93
50 48 55
46 42 95
91 14 73
88 25 16
41 59 88
39 58 70
51 94 30
93 35 10
43 99 61
45 5 10
30 94 53
7 56 8
93 37 93
52 75 3
65 39 60
8 20 64
58 7 85
26 61 67
12 92 23
36 84 69
12 28 18
47 67 4
80 36 87
61 13 88
78 86 15
5 84 77
27 24 83
48 40 2
49 64 65
34 76 58
95 77 51
85 57 82
88 76 93
68 5 82
59 24 27
17 83 49
75 15 99
86 60 14
55 3 96
48 50 90
97 31 77
15 47 24
65 13 95
72 56 0
10 15 61
32 65 51
67 7 22
90 53 60
76 39 34
96 14 59
37 38 63
23 4 88
24 85 72
97 43 9
0 10 88
46 30 90
34 14 12
56 48 4
88 21 86
24 30 19
53 64 94
58 25 28
20 48 24
27 34 84
85 56 16
96 58 86
23 48 68
68 57 93
77 99 37
36 6 44
3 14 55
99 42 6
46 35 70
93 17 56
86 75 81
60 94 99
99 80 23
13 98 41
90 74 58
13 39 40
96 36 11
44 37 16
40 78 23
99 77 69
49 40 40
17 8 4
2 60 53
36 81 56
29 95 64
0 97 59
76 89 56
22 41 66
66 85 70
81 93 62
65 59 0
74 60 25
1 92 72
43 29 22
66 76 50
17 76 60
42 93 18
36 47 49
54 72 43
60 85 42
51 44 30
32 1 40
80 84 21
82 99 92
8 21 45
58 26 23
22 68 4
44 33 81
28 77 63
10 14 22
35 69 30
25 21 89
37 63 75
15 72 19
35 60 2
15 95 29
61 61 8
66 76 97
28 19 49
88 5 56
67 86 38
78 52 2
45 7 80
53 49 68
25 0 13
88 79 10
28 1 70
80 35 0
83 2 99
56 18 45
97 91 35
28 5 39
88 9 97
77 7 67
87 22 84
77 47 49
15 52 59
40 7 53
73 95 42
82 19 56
29 11 64
93 52 63
36 92 25
81 59 39
63 35 40
45 90 83
58 91 16
5 63 8
92 81 27
37 85 62
0 61 83
86 36 57
15 62 9
81 73 45
61 75 68
3 30 45
98 98 66
35 31 49
57 81 71
77 86 38
37 59 0
68 91 96
33 34 78
88 37 81
6 59 68
7 69 84
10 32 35
63 91 78
16 38 71
95 58 76
14 15 77
41 59 13
94 50 77
