7 64 90
27 59 56
61 6 36
22 59 31
80 90 85
96 64 35
73 38 73
3 35 29
50 87 80
48 42 83
96 42 90
73 56 91
4 90 65
52 91 95
80 18 56
4 86 6
37 58 70
97 18 91
37 42 29
69 24 15
52 43 95
7 47 86
20 59 99
91 93 66
78 59 99
27 91 63
40 28 13
19 43 22
37 35 31
11 92 27
3 78 98
4 86 56
61 18 65
0 39 80
85 91 95
81 38 94
11 53 80
80 6 36
96 90 65
81 42 35
78 78 98
8 91 63
0 42 39
78 93 31
69 50 79
2 76 94
0 77 71
81 22 27
20 55 5
27 68 95
13 91 72
11 39 80
50 91 63
0 75 7
4 59 6
70 47 72
0 64 54
96 3 90
7 47 72
22 55 66
69 32 91
91 83 98
48 42 29
81 12 20
96 64 7
18 24 7
85 91 63
55 39 27
4 6 36
27 87 63
40 24 91
3 58 70
71 57 63
48 35 29
3 42 70
20 93 31
71 44 65
0 92 14
69 28 79
33 77 71
19 91 72
97 9 91
33 39 71
91 93 31
80 18 36
63 92 27
57 20 91
95 12 20
81 38 73
48 92 73
19 43 69
73 9 78
2 12 67
71 30 49
95 38 73
73 50 91
22 55 98
97 18 78
85 30 49
61 42 29
22 59 99
13 43 22
52 91 22
27 18 85
37 92 73
3 92 83
4 6 6
4 59 36
57 18 33
50 91 95
61 90 56
17 76 94
70 43 22
73 76 20
2 22 73
57 68 92
95 38 27
57 9 33
8 87 95
20 93 99
78 55 98
73 9 91
33 39 27
37 42 70
7 72 86
73 9 92
3 92 70
81 8 67
3 35 73
20 55 98
81 8 94
4 18 36
73 8 67
80 6 56
27 57 95
73 20 65
85 57 80
61 42 31
73 18 92
95 76 27
87 42 7
57 68 91
33 92 71
3 42 83
96 18 56
57 44 92
0 3 54
11 77 27
0 53 45
61 42 70
71 92 31
97 68 91
11 92 45
0 64 35
2 22 20
22 78 66
70 72 86
81 81 39
71 68 65
85 87 80
61 63 70
48 58 73
48 63 83
61 58 73
3 63 70
27 87 95
19 72 72
3 55 99
85 68 78
61 35 31
61 90 6
71 18 65
33 33 80
80 6 65
56 32 7
70 91 72
17 8 27
20 59 66
71 20 65
3 93 31
27 30 49
0 3 39
56 32 15
71 92 29
78 59 66
61 90 85
0 39 27
91 78 66
96 86 65
48 92 29
7 72 22
8 57 95
3 59 31
40 28 91
0 53 27
96 81 39
27 59 65
4 18 85
0 33 14
97 9 33
69 32 15
3 59 5
55 53 45
50 68 49
27 6 65
3 78 99
3 78 66
7 75 7
78 55 31
11 33 27
2 76 20
91 93 99
73 8 27
80 86 36
17 22 73
61 92 70
2 38 67
81 81 90
96 75 54
87 75 54
73 28 13
20 59 5
71 57 80
37 35 70
17 38 20
20 55 99
19 24 72
18 24 79
73 76 94
81 38 27
19 72 86
77 68 33
95 22 20
3 35 70
71 57 95
71 35 31
91 59 66
4 18 65
77 44 33
97 20 78
81 75 7
17 22 67
73 20 91
55 77 45
3 63 29
4 90 56
87 75 7
96 42 39
8 30 78
69 50 13
87 75 90
61 59 36
22 78 5
2 38 94
91 78 98
63 77 80
89 23 43
95 12 27
0 81 90
63 33 71
17 22 94
71 42 83
71 91 78
3 55 98
71 68 78
11 33 80
0 75 54
70 43 72
73 50 13
33 77 80
97 9 65
22 59 98
18 50 15
61 63 29
40 24 79
19 24 95
27 30 78
63 53 71
96 6 85
69 56 15
71 35 29
22 83 98
33 77 45
19 47 86
3 92 31
70 91 69
55 92 71
97 20 91
71 9 91
91 55 99
17 12 27
73 56 15
81 42 54
56 28 79
13 47 86
56 50 13
0 42 54
77 9 33
96 64 54
27 68 78
87 64 35
50 68 63
3 93 98
8 68 49
61 86 56
3 93 66
40 32 13
71 91 63
80 18 6
78 78 31
0 75 90
0 33 80
91 83 66
71 91 49
85 87 95
8 30 49
95 38 94
19 43 86
7 75 90
97 44 91
69 56 13
27 57 80
4 86 65
20 59 98
7 75 39
33 92 80
61 92 29
57 18 65
40 56 7
63 33 45
50 87 63
8 68 95
71 42 31
18 32 79
81 22 67
2 8 94
81 22 94
19 91 22
96 6 56
71 20 33
27 87 80
50 68 95
27 90 85
71 20 92
63 77 14
96 75 39
17 38 27
57 9 65
55 33 27
98 78 73
69 32 7
71 35 83
11 92 71
91 55 66
61 92 73
61 58 29
50 87 95
57 9 78
96 64 39
40 56 79
61 6 65
40 24 7
7 81 39
95 38 20
7 47 69
85 30 80
78 93 98
61 86 6
7 24 86
61 18 56
18 50 13
80 59 85
7 3 39
61 6 6
17 76 20
96 81 90
3 83 66
27 68 63
0 92 71
52 47 72
48 58 70
96 59 36
78 78 66
69 56 7
69 24 91
11 33 45
33 53 27
69 24 7
11 39 71
19 72 69
71 42 70
17 22 20
61 18 36
96 81 7
3 59 66
2 8 67
78 83 66
71 91 80
48 58 29
91 93 5
56 28 13
7 42 90
8 68 63
81 38 67
81 64 39
55 53 27
3 83 5
7 42 35
81 8 20
7 3 90
8 91 95
22 93 66
22 93 98
73 38 67
0 53 14
48 63 70
71 63 83
71 92 73
22 93 99
15 85 4
71 92 70
95 76 20
71 92 83
95 22 27
73 76 27
50 87 78
73 38 94
79 27 16
77 44 65
81 12 73
55 92 14
48 42 31
56 32 79
0 53 71
80 59 65
27 6 85
0 39 71
48 42 70
3 58 73
71 30 63
81 75 54
37 58 73
61 63 73
52 47 86
3 78 31
22 55 31
52 43 72
45 47 97
81 3 7
61 35 83
70 24 69
95 8 94
7 81 7
33 39 45
20 78 31
87 64 54
48 92 70
96 75 90
13 24 95
27 90 6
13 47 22
80 6 6
80 90 6
22 59 66
78 93 99
2 12 73
73 8 20
11 77 71
80 18 65
13 24 22
80 86 65
85 57 78
56 8 94
27 91 95
27 57 63
27 68 49
48 42 73
56 28 91
3 93 99
87 42 90
61 35 73
77 68 65
18 32 91
4 59 65
0 33 27
70 43 69
57 44 78
63 92 14
52 72 72
33 39 14
81 3 35
8 57 78
95 76 94
91 55 98
56 56 7
83 27 56
55 39 71
76 93 94
48 35 31
8 91 80
19 43 95
77 44 92
61 86 36
61 58 70
57 0 87
81 64 35
19 24 22
63 33 27
52 91 69
71 9 86
8 87 80
20 93 98
26 6 81
73 8 73
7 3 54
71 68 92
48 35 70
77 18 92
4 6 85
18 56 15
8 68 80
13 47 72
93 76 78
63 39 71
73 54 22
87 81 39
13 72 86
3 83 98
0 77 80
13 91 22
70 24 86
96 86 56
0 42 90
0 75 39
81 76 73
17 8 20
37 63 83
5 72 8
55 53 71
2 8 20
95 22 94
77 20 78
71 18 33
0 64 7
33 77 27
27 59 6
17 12 20
2 76 67
77 68 78
13 91 95
78 83 31
7 81 54
52 47 22
91 83 31
33 53 80
27 18 36
20 93 66
63 77 27
71 58 29
70 24 22
52 43 69
87 3 54
80 90 56
13 72 95
56 28 15
71 42 29
13 43 86
55 33 45
69 24 79
73 20 33
78 83 5
77 20 65
18 32 7
85 30 78
22 78 31
91 30 78
78 55 99
7 91 86
15 45 7
8 30 95
46 1 98
19 24 69
91 59 31
52 24 69
2 38 73
0 75 35
4 59 85
27 86 56
71 30 95
85 91 49
71 68 63
79 9 53
13 43 69
33 33 27
4 18 56
94 97 48
71 63 29
57 20 92
8 57 49
55 33 71
54 12 0
51 67 34
50 91 78
70 43 86
73 44 92
40 32 79
73 28 91
29 17 68
85 87 78
29 83 46
55 53 14
56 50 79
40 28 7
3 59 98
80 18 85
81 42 39
61 90 36
50 57 95
0 81 7
85 57 49
14 99 52
19 47 72
80 59 6
7 64 39
19 58 58
19 91 86
3 92 73
81 12 94
81 76 94
17 38 94
71 30 80
50 91 49
71 9 78
52 91 86
0 64 90
40 32 15
71 91 95
33 85 34
57 62 96
50 57 78
71 35 70
3 42 31
17 8 73
37 21 77
7 43 69
28 90 25
52 24 22
73 18 78
71 30 78
73 56 13
63 33 80
96 75 7
85 57 63
57 68 65
19 78 39
87 42 35
2 22 67
36 25 72
69 28 91
16 10 90
87 3 90
74 68 76
27 6 6
20 0 35
71 68 49
85 68 63
7 91 22
11 39 45
50 91 80
0 77 27
78 83 98
37 42 31
7 47 22
17 12 73
51 44 86
97 44 78
11 33 71
63 6 61
52 47 69
73 9 33
33 61 76
57 44 33
27 57 49
33 77 14
59 7 20
92 21 59
80 86 6
52 72 22
61 99 97
61 69 58
18 28 79
20 78 66
36 43 10
17 38 73
64 16 20
77 18 65
20 83 99
7 43 86
52 72 69
78 55 5
65 72 43
61 92 31
61 59 6
61 59 56
96 90 56
66 94 17
86 68 17
96 68 88
20 55 66
42 74 11
87 65 30
30 59 34
4 59 56
55 39 45
7 42 54
85 60 67
10 17 86
40 19 7
48 35 83
27 93 41
71 9 33
4 18 6
91 17 47
70 47 69
7 42 39
70 91 86
95 43 28
34 96 74
80 73 91
29 7 78
99 68 54
33 53 71
17 12 67
95 8 27
73 22 67
27 57 78
53 38 12
96 86 36
90 69 19
73 12 73
81 22 73
52 24 86
81 12 67
88 61 19
27 6 36
36 62 27
16 33 15
8 87 49
2 12 20
56 24 15
16 2 30
71 48 62
96 3 54
73 28 79
40 32 7
52 24 95
47 77 7
21 60 55
96 18 85
7 47 95
44 65 83
64 2 15
0 92 45
3 58 29
54 45 88
22 97 2
50 57 80
56 32 13
63 53 14
89 9 34
87 64 90
67 7 21
91 78 99
29 6 7
61 6 85
7 24 69
73 52 34
42 50 55
5 61 89
94 43 0
63 55 68
55 85 94
36 18 47
96 86 85
43 16 51
27 31 87
57 9 91
20 83 66
70 81 86
33 33 71
94 77 95
52 43 86
67 49 88
48 58 31
73 18 33
97 20 92
89 1 35
0 77 45
17 12 94
42 99 25
74 24 89
11 53 27
71 87 78
79 51 32
71 87 63
27 59 85
20 83 98
44 15 64
97 68 34
91 61 60
84 9 55
79 30 85
87 75 39
81 42 90
50 74 34
55 39 14
13 47 95
37 58 29
71 44 78
95 1 16
59 74 83
48 63 29
73 44 60
22 11 41
0 14 26
32 69 93
27 90 65
92 86 29
69 5 32
18 46 84
24 68 95
50 30 95
7 24 22
77 24 40
71 87 49
13 72 69
62 29 10
27 49 45
66 63 10
17 27 46
89 20 16
27 80 34
20 94 98
63 47 18
87 64 39
29 66 15
81 8 73
96 90 85
83 66 82
87 81 7
32 1 53
71 63 70
1 45 61
81 64 54
11 69 47
69 28 13
71 18 92
81 12 27
96 42 54
0 42 7
18 50 57
96 3 7
92 65 53
16 63 83
69 23 62
34 25 30
98 91 27
80 81 70
40 50 15
2 70 35
11 92 80
65 73 73
4 86 36
43 4 14
85 68 80
80 59 36
64 56 20
63 39 41
38 29 30
58 67 86
47 40 5
38 54 52
89 11 7
50 28 6
33 92 45
70 6 11
33 53 14
57 9 92
81 64 90
91 83 5
16 22 4
67 5 55
12 18 14
89 12 27
73 8 94
15 39 7
70 47 22
17 76 27
32 77 8
54 71 22
0 39 14
18 24 91
34 95 6
81 36 44
19 52 88
7 9 82
41 68 31
1 87 72
32 14 94
27 83 12
50 87 49
18 88 20
86 77 77
63 26 7
84 36 5
10 71 73
81 81 7
20 92 92
52 77 44
91 59 99
7 24 72
95 32 5
40 67 96
66 82 5
68 31 51
50 46 16
90 26 96
78 59 5
2 76 73
73 32 7
69 56 79
52 43 22
49 30 82
95 8 73
40 59 62
7 64 54
27 33 6
81 81 35
2 18 72
57 24 86
80 96 28
74 20 39
0 3 7
27 79 70
56 24 91
74 56 30
9 11 17
87 81 90
48 63 31
41 66 1
8 80 16
72 82 19
27 86 85
87 79 60
74 83 91
40 39 30
20 93 5
71 58 31
43 96 3
4 25 39
77 9 78
57 68 78
42 39 47
97 85 62
8 68 78
33 42 85
97 20 33
37 63 31
40 88 41
77 48 91
73 68 33
95 38 67
69 82 47
78 55 66
77 9 65
67 74 24
0 32 55
80 39 15
56 49 80
61 78 17
0 89 4
70 47 86
70 24 72
42 8 36
76 58 66
91 27 7
11 12 1
63 92 80
13 24 86
21 56 97
51 70 25
21 8 33
73 32 91
23 43 99
61 63 83
50 22 20
97 68 78
13 86 20
41 2 86
26 46 61
