3 83 66
22 59 31
91 83 99
8 30 80
96 6 65
3 83 5
13 24 69
69 28 79
17 12 20
55 92 14
7 24 86
70 72 69
27 87 63
96 81 7
57 20 33
73 28 13
71 58 29
33 39 14
91 83 31
63 77 27
81 3 39
78 59 31
7 3 90
95 22 27
22 83 66
20 59 31
95 8 20
2 22 20
80 86 85
13 47 69
3 93 99
80 59 85
95 76 20
3 55 31
73 18 65
37 35 83
8 91 49
27 90 65
61 58 83
73 20 33
71 92 73
17 22 20
27 68 95
69 24 91
77 9 78
61 18 65
8 87 78
7 91 72
71 42 29
40 28 15
73 56 15
13 91 69
96 86 56
96 59 85
22 59 5
71 30 95
73 18 33
33 92 27
73 12 27
48 63 70
55 53 80
40 50 7
3 92 83
61 35 73
73 38 67
2 22 27
7 3 54
20 78 66
2 12 27
69 56 13
37 42 29
0 81 35
4 18 56
3 83 99
70 47 69
27 6 56
96 90 85
56 24 7
56 32 7
0 33 27
17 22 94
52 91 22
17 38 27
2 12 20
61 58 70
8 57 78
69 24 7
4 90 6
73 56 91
96 81 39
69 56 91
71 68 63
70 43 72
0 75 35
69 56 7
11 53 27
81 42 54
55 33 71
27 6 65
27 6 6
7 75 90
7 64 7
69 56 79
7 75 54
87 3 35
69 24 79
50 30 78
57 68 78
71 91 95
7 72 69
20 93 66
91 55 31
7 43 95
81 8 27
20 83 98
11 39 71
20 59 5
91 78 99
20 55 31
97 9 92
80 6 56
71 35 73
11 77 14
50 91 78
70 72 22
61 35 31
37 92 31
87 3 39
56 50 91
33 33 71
70 47 72
87 75 54
95 76 94
40 32 79
27 30 95
3 78 66
55 92 80
13 43 72
91 83 66
18 32 13
96 64 7
20 59 99
81 75 54
22 55 5
61 92 73
3 92 70
48 35 73
13 72 86
3 58 31
48 58 83
91 93 99
95 76 67
71 35 29
96 59 56
2 76 94
55 39 71
17 12 94
61 42 73
85 87 80
69 28 13
3 83 98
61 92 70
0 77 45
61 18 36
0 53 45
95 12 94
11 33 14
13 91 86
3 63 83
70 91 22
73 22 73
0 53 27
0 39 14
78 83 98
91 78 5
70 91 86
55 77 45
52 72 69
96 75 39
3 63 31
73 76 67
7 24 95
63 77 71
20 83 31
11 92 71
78 59 66
2 76 27
96 64 54
13 47 86
96 6 36
33 53 14
69 28 91
20 83 66
22 78 5
37 92 29
78 55 99
96 90 65
96 75 90
61 59 65
80 86 6
91 78 98
13 43 22
3 59 31
70 24 72
69 24 13
8 30 78
48 58 29
73 18 78
85 87 49
3 35 29
80 90 56
22 59 98
11 39 27
52 47 72
95 8 94
0 33 14
69 50 7
96 64 39
56 32 13
11 92 27
55 39 27
11 39 45
73 22 27
73 44 65
97 18 92
61 90 85
50 68 95
3 58 29
78 55 98
96 18 6
4 90 56
97 44 65
69 50 13
22 55 66
3 59 66
18 32 91
73 9 78
0 39 27
27 90 36
50 57 95
50 68 49
0 39 80
27 86 65
7 43 22
80 6 85
7 75 35
50 68 78
73 76 94
0 53 14
40 50 13
77 18 33
33 77 80
71 42 70
0 75 54
50 87 63
8 68 95
73 9 65
48 42 73
8 57 49
40 24 79
96 42 54
96 86 65
71 63 83
0 77 71
4 86 6
73 68 92
3 59 99
11 53 71
27 68 78
27 87 95
27 30 80
52 91 86
96 59 65
37 58 73
95 38 27
56 50 79
61 59 36
85 91 63
3 78 31
96 18 56
87 3 90
0 53 71
27 18 85
73 38 94
96 81 54
96 18 65
18 56 91
3 58 70
37 92 73
7 42 54
2 8 27
55 92 71
69 32 7
95 76 27
63 77 45
33 92 80
57 18 92
81 76 73
96 64 35
48 58 70
3 42 83
71 91 49
71 91 78
52 24 95
57 9 33
48 92 83
4 18 85
22 59 66
55 33 27
19 24 22
0 3 7
87 64 35
40 32 7
2 38 94
27 87 78
7 72 95
3 59 98
96 75 7
71 44 92
22 93 31
77 20 92
96 64 90
52 91 95
97 18 65
0 39 71
81 81 54
18 50 7
50 57 63
61 63 73
96 3 90
73 9 91
57 20 65
2 38 73
17 12 73
85 30 80
3 42 29
61 35 29
0 75 39
48 42 31
97 9 65
7 72 86
50 91 63
20 78 5
73 44 92
85 57 49
27 91 49
8 91 78
27 86 85
22 93 98
0 42 39
0 92 45
37 35 70
56 32 79
17 22 67
71 9 91
81 38 20
71 30 78
63 39 14
80 90 85
78 78 5
77 9 65
69 50 79
55 92 45
33 92 71
18 56 15
73 20 92
97 18 78
77 20 65
71 87 49
33 53 80
8 30 63
48 42 29
95 8 27
63 53 71
48 92 70
69 32 15
95 22 20
95 22 73
71 63 70
13 24 86
52 47 95
80 6 6
19 43 86
3 42 73
73 24 7
3 78 99
97 9 91
4 90 65
2 38 27
27 68 80
73 32 91
7 81 35
85 68 78
4 59 65
20 83 5
87 75 7
7 42 35
0 42 7
19 47 22
61 58 31
85 68 80
85 30 63
78 93 99
63 92 45
33 77 14
56 24 15
87 64 39
61 35 70
71 9 33
73 76 27
81 64 35
0 81 54
56 24 91
18 28 13
63 53 27
50 30 95
78 93 98
50 68 63
73 8 67
61 42 70
7 42 7
61 63 83
73 24 15
77 68 92
18 32 15
61 86 6
73 76 20
4 18 6
81 81 7
19 72 72
63 53 14
19 91 72
96 3 7
33 92 14
63 92 14
71 92 70
77 20 78
57 44 78
71 68 65
61 6 6
18 56 13
3 55 98
71 68 92
80 90 6
71 18 78
81 75 90
85 91 80
7 47 69
22 93 66
56 50 15
22 78 66
57 68 65
69 32 79
27 91 95
95 12 73
73 22 67
71 57 80
61 63 31
61 92 31
85 30 95
40 56 15
40 28 7
95 38 73
40 56 79
13 91 72
4 59 85
71 58 70
8 57 80
73 32 13
0 3 35
77 18 65
95 22 94
91 93 5
27 30 49
81 38 27
85 87 63
61 90 65
73 9 33
27 57 80
2 22 94
81 42 35
91 55 98
80 18 85
3 35 70
22 55 98
40 24 91
3 93 31
3 78 5
18 32 79
81 64 90
77 9 92
71 87 95
17 76 94
57 9 92
27 87 49
37 42 31
3 92 73
96 59 6
85 30 78
17 22 73
61 6 56
2 8 67
81 81 39
4 6 6
17 8 73
40 32 91
87 42 90
80 59 6
71 92 29
80 86 56
69 32 91
57 44 92
37 58 70
50 57 78
4 6 65
80 18 6
18 24 91
73 32 79
27 90 85
56 28 91
7 64 54
4 59 6
33 33 27
27 59 6
73 28 91
22 83 99
71 57 49
56 56 13
40 24 7
81 42 39
40 50 91
50 91 80
77 44 91
95 8 73
95 38 20
3 83 31
56 56 15
73 32 15
61 6 36
27 18 6
17 38 73
55 33 80
40 56 7
4 86 36
80 59 65
18 24 13
4 18 36
11 77 71
78 59 98
81 76 20
73 24 91
55 77 71
48 92 29
18 50 13
81 3 54
0 64 35
61 86 65
18 56 7
85 68 95
56 56 7
85 30 49
7 75 39
2 12 94
78 55 66
52 91 72
97 20 91
56 32 91
2 12 67
7 64 90
8 91 63
70 91 72
61 18 56
3 35 73
96 3 39
4 18 65
52 72 86
3 78 98
96 3 54
20 93 5
61 86 85
71 68 49
63 39 80
27 59 56
73 12 67
56 28 15
7 64 39
73 68 33
61 18 6
81 3 7
33 39 45
7 81 7
56 28 13
70 24 95
61 63 70
48 42 70
87 3 54
78 78 99
3 63 70
70 43 69
61 35 83
63 39 27
78 93 66
95 38 94
87 42 7
8 87 95
91 78 31
22 93 99
2 12 73
19 91 69
19 43 22
4 90 36
13 47 95
20 55 5
81 42 90
17 8 27
8 91 80
50 57 49
17 8 67
80 90 36
22 83 31
63 92 27
91 59 98
63 33 45
56 28 7
57 20 78
73 44 91
78 55 31
57 68 33
61 90 56
77 68 91
3 55 66
71 68 80
91 59 31
71 63 29
52 72 22
20 59 66
50 30 80
70 47 95
37 58 29
7 47 22
95 12 20
37 63 70
69 56 15
80 86 36
85 91 78
91 55 5
8 87 80
33 77 45
95 8 67
87 64 90
52 43 86
22 93 5
81 8 94
55 53 45
71 68 33
87 64 7
27 90 6
71 68 95
11 53 80
87 81 54
27 86 56
0 81 7
78 78 31
7 75 7
81 75 7
63 33 27
73 38 27
13 43 86
61 6 65
56 24 79
0 3 54
77 9 33
37 42 73
81 8 20
77 18 91
81 64 39
52 24 72
96 90 56
91 59 66
91 93 98
19 24 86
81 8 67
17 38 20
8 87 63
95 38 67
4 6 36
7 47 86
13 72 69
96 86 36
55 92 27
73 50 7
78 83 31
40 56 91
27 59 36
91 55 99
3 93 98
87 3 7
81 76 27
19 47 95
7 91 86
52 47 69
19 43 95
7 91 69
48 63 83
57 44 65
8 57 63
71 30 49
19 47 86
57 44 33
3 93 66
17 76 73
70 47 22
56 24 13
73 12 73
8 87 49
37 42 83
7 47 72
57 68 91
71 20 65
13 24 22
73 9 92
97 20 65
73 18 92
57 9 78
73 8 73
27 68 49
27 6 36
87 42 39
33 53 71
0 64 7
73 68 65
7 24 72
96 81 90
96 86 6
70 91 95
2 76 73
11 39 80
81 76 67
78 59 5
27 91 80
91 83 5
61 42 29
96 86 85
20 83 99
20 55 98
11 39 14
97 20 78
13 72 72
63 77 80
0 42 54
8 91 95
80 59 56
8 68 80
63 33 14
61 59 85
78 78 98
97 20 92
96 18 36
81 64 7
7 81 39
0 77 27
81 76 94
37 63 83
37 92 70
8 68 49
0 53 80
20 93 31
55 53 14
73 50 79
40 24 13
71 87 80
52 91 69
87 81 39
18 24 7
78 83 99
61 92 29
17 76 67
37 58 31
85 57 95
7 43 72
50 57 80
22 83 5
0 81 90
37 63 31
0 75 90
81 38 73
73 18 91
73 20 65
70 43 86
77 44 78
81 3 90
19 24 69
11 33 45
3 92 31
27 57 78
73 44 78
7 24 22
18 32 7
81 42 7
81 12 67
37 35 73
8 30 95
85 91 49
96 18 85
71 35 70
2 76 67
40 24 15
71 44 33
81 38 67
71 58 73
81 75 35
73 50 91
0 81 39
7 81 90
22 78 98
20 78 99
0 64 90
71 42 73
27 57 49
61 59 6
11 53 14
19 43 69
97 9 33
48 35 83
52 43 69
61 63 29
71 20 78
81 22 27
81 81 35
71 68 91
73 8 27
13 43 95
77 18 92
96 42 90
73 8 20
81 12 73
0 3 39
33 92 45
97 68 92
50 87 80
87 75 90
19 91 22
96 75 54
3 63 73
71 63 31
73 20 91
57 18 91
85 57 80
63 39 45
71 87 78
73 76 73
69 24 15
71 9 65
69 28 7
77 44 92
71 44 78
17 8 94
57 9 91
3 55 99
37 92 83
71 18 65
73 24 13
7 64 35
96 3 35
7 24 69
73 12 94
56 50 7
22 78 99
56 56 79
37 58 83
19 72 22
77 68 65
0 42 35
81 12 27
77 68 33
3 58 83
63 53 45
33 53 45
48 58 31
7 42 39
81 22 73
11 33 80
96 6 6
71 91 63
55 39 45
69 50 91
0 75 7
40 28 13
48 63 31
2 76 20
73 68 78
61 86 56
71 58 83
80 18 36
17 38 94
69 50 15
3 42 70
37 35 31
19 24 72
70 72 72
50 30 49
73 56 13
2 22 73
27 59 65
18 28 15
48 42 83
17 76 20
91 78 66
85 68 49
20 55 66
7 47 95
91 93 66
4 59 56
2 38 67
0 92 71
0 33 71
3 63 29
2 22 67
73 28 79
63 77 14
17 76 27
80 18 56
4 86 85
71 20 33
0 39 45
22 83 98
50 68 80
57 18 78
7 91 95
7 91 22
95 76 73
7 81 54
55 39 14
33 39 80
7 3 35
71 42 31
73 22 94
8 68 78
97 18 33
17 12 67
95 12 27
81 22 67
57 18 33
81 22 94
73 68 91
97 18 91
78 55 5
19 72 95
57 44 91
81 75 39
7 42 90
22 78 31
18 56 79
33 33 80
7 72 72
3 58 73
27 86 6
27 18 56
61 18 85
95 12 67
57 18 65
19 47 69
77 9 91
85 87 95
73 22 20
55 53 27
57 9 65
27 30 78
0 42 90
8 68 63
11 77 27
71 44 91
97 44 78
0 92 80
71 91 80
71 92 83
63 92 80
20 93 98
78 93 31
87 81 35
97 44 33
73 56 79
13 24 72
71 30 80
71 35 31
48 35 29
71 68 78
4 86 65
81 12 20
87 81 7
33 33 14
70 72 95
73 38 73
71 63 73
48 35 70
71 9 78
55 53 71
73 50 13
0 3 90
50 87 49
