95 76 67
3 42 70
40 50 13
70 91 69
73 44 92
87 81 54
4 90 65
4 59 36
73 8 73
71 91 80
13 72 22
8 87 95
40 28 91
81 8 20
96 3 39
69 32 7
37 35 83
48 42 70
77 44 65
56 28 13
95 8 67
0 64 39
13 72 69
96 18 36
63 33 71
95 12 67
91 78 5
11 92 27
3 59 66
0 92 71
55 53 45
81 12 67
57 9 65
85 91 78
71 87 49
37 42 31
73 56 91
63 53 27
7 47 69
8 87 49
73 24 15
77 44 33
37 58 73
3 35 29
55 33 14
73 9 91
63 33 14
60 69 65
17 8 94
19 43 69
56 76 1
0 64 7
63 77 27
55 77 45
71 20 65
69 24 13
81 6 86
3 92 31
61 58 83
95 22 27
81 12 27
71 20 91
77 18 65
96 6 36
81 22 27
4 90 56
32 44 12
71 30 49
71 20 92
85 57 80
7 75 7
62 49 90
0 92 45
70 72 72
62 75 84
71 42 73
2 76 20
43 83 97
69 28 13
27 30 49
2 62 30
27 18 85
3 92 73
61 59 65
56 28 79
0 75 39
85 87 49
57 18 65
71 18 91
7 75 90
3 59 5
48 35 83
59 54 89
44 18 45
96 42 35
77 18 33
8 91 80
14 24 37
37 17 49
52 21 27
3 58 73
71 42 29
3 35 31
34 14 11
15 29 82
70 43 72
13 35 86
37 66 1
11 77 27
61 42 70
80 5 98
40 56 91
4 59 56
19 72 69
4 86 85
53 84 53
78 55 99
77 20 78
87 64 7
48 92 73
55 39 45
91 62 19
8 57 96
26 14 71
41 88 55
18 74 92
71 87 63
32 51 89
80 86 36
0 77 71
17 38 20
61 6 36
73 19 52
22 46 36
88 1 18
26 26 9
70 71 0
50 91 78
80 59 85
44 88 13
81 3 7
52 91 72
43 76 99
40 50 91
0 39 14
4 6 85
85 31 50
81 38 73
42 26 77
27 39 53
48 35 29
97 9 92
63 49 56
7 91 69
44 16 31
54 4 19
10 30 83
70 40 48
57 18 92
6 3 56
38 86 65
63 39 71
73 32 79
71 30 63
71 91 78
4 86 56
71 63 83
21 31 64
40 21 94
17 99 50
35 70 55
71 30 95
22 48 25
54 94 50
32 72 40
7 3 7
12 74 70
46 11 80
36 19 54
8 91 63
69 50 13
52 62 26
56 50 7
78 93 66
7 47 86
33 77 27
91 59 31
67 73 9
80 6 65
37 63 83
56 24 79
37 42 73
8 48 59
17 76 67
40 9 75
55 77 71
56 97 61
74 67 60
70 24 72
19 24 22
73 29 91
20 83 5
0 53 27
17 8 67
63 39 27
95 21 24
42 68 89
58 7 12
51 68 9
61 42 73
50 68 63
53 10 53
57 75 45
95 38 73
13 91 22
91 1 8
77 98 16
57 9 91
80 18 65
51 50 34
51 76 78
73 12 27
7 14 59
67 72 99
44 57 2
63 69 76
19 24 86
75 24 65
66 37 60
73 76 27
73 22 73
39 8 78
91 93 66
8 91 95
37 58 29
73 68 92
0 81 54
38 49 6
97 44 91
84 35 26
7 6 99
82 83 59
55 92 14
40 45 79
89 31 67
55 69 56
78 55 98
13 82 67
19 24 69
71 68 49
62 61 29
55 39 80
10 6 0
21 71 94
59 40 67
56 29 1
78 57 0
78 74 47
90 69 26
99 47 56
87 87 36
77 33 26
30 48 58
40 24 79
91 83 99
8 29 69
63 21 75
70 72 95
67 81 17
34 58 32
27 90 56
82 50 7
73 68 33
80 88 66
98 70 0
13 43 86
27 50 33
69 76 58
85 61 36
79 71 57
88 62 78
64 26 93
72 67 1
26 89 4
58 18 27
3 92 29
88 23 47
60 77 48
39 19 33
52 72 86
82 72 50
91 55 66
53 75 95
30 67 52
37 41 49
95 8 73
20 71 20
52 40 5
62 56 11
89 15 11
27 92 33
11 77 71
62 85 27
21 23 58
61 90 36
19 47 69
76 31 76
75 73 71
58 2 95
20 78 93
30 33 56
23 76 61
94 43 14
69 83 23
13 17 44
97 20 75
37 28 11
85 68 48
53 40 4
52 41 77
66 37 8
41 42 95
73 72 65
73 83 69
18 24 7
3 42 31
3 78 99
67 66 67
47 74 84
0 39 45
87 88 33
54 90 45
18 18 53
12 76 13
0 32 20
14 78 86
98 33 23
99 93 73
42 16 20
2 34 28
34 96 87
63 2 47
95 76 27
17 17 31
84 73 28
89 85 55
24 79 28
58 41 17
37 69 25
58 13 22
96 2 39
49 83 32
50 18 58
5 85 94
70 37 50
78 93 31
3 59 99
7 47 95
9 37 70
45 0 44
71 35 70
7 24 22
95 8 81
92 94 3
77 39 73
2 76 94
52 97 39
78 83 31
61 86 85
71 35 31
58 54 15
84 68 86
68 46 93
74 57 56
27 30 20
85 68 49
42 80 13
83 44 93
74 22 84
18 50 13
44 36 39
61 63 29
54 81 72
25 38 15
6 51 5
56 93 60
3 55 66
27 6 6
44 91 82
93 97 2
71 87 95
24 89 64
58 59 77
39 0 93
93 86 56
58 60 66
47 81 45
20 86 4
91 55 99
55 46 83
11 77 14
80 92 60
41 54 89
41 48 25
67 36 49
50 30 49
53 70 36
45 27 57
63 33 75
85 30 63
28 23 48
11 39 71
57 44 33
50 74 64
24 78 31
95 8 94
64 43 12
6 29 54
56 32 15
0 81 90
22 91 1
18 32 79
54 9 35
61 42 83
6 35 62
36 46 96
1 66 65
5 12 32
3 36 4
25 22 78
47 16 51
87 81 39
44 64 61
34 56 33
71 9 92
58 89 94
40 28 79
64 43 26
54 56 99
18 25 49
97 59 79
48 67 37
39 15 34
57 5 87
89 84 44
28 82 88
2 12 67
55 14 0
57 9 33
93 87 89
97 94 64
66 67 87
70 87 43
16 88 52
13 25 3
82 87 76
80 18 85
71 87 80
74 66 98
17 38 27
57 69 27
13 47 69
33 50 12
66 7 77
12 56 94
20 56 41
0 25 86
23 43 88
78 83 66
84 84 53
86 78 43
72 33 0
15 38 60
32 46 23
51 3 70
77 87 5
25 64 10
50 87 80
10 8 7
3 5 70
23 96 54
8 30 95
28 76 54
60 83 36
37 11 75
50 30 45
0 5 30
81 75 7
3 92 70
68 77 82
81 11 24
14 82 29
97 18 78
60 71 6
11 1 65
74 43 64
41 41 66
2 12 94
87 44 35
19 28 94
42 73 52
4 57 38
64 7 91
55 6 80
53 62 98
96 81 54
43 5 13
52 59 89
52 21 82
29 97 14
35 73 49
37 77 14
69 26 36
72 72 41
70 28 82
85 68 80
94 55 13
12 76 70
58 91 64
25 42 69
57 44 92
80 64 8
6 88 82
91 64 69
71 68 64
39 43 2
23 19 16
19 52 23
83 43 59
29 79 95
58 66 98
17 3 84
98 82 5
56 25 1
4 8 62
54 18 38
83 97 66
52 24 69
55 89 26
84 46 19
3 89 14
22 69 73
18 24 15
27 54 5
61 37 55
63 39 45
62 53 96
16 45 1
23 45 9
84 60 44
8 57 49
77 64 13
7 3 54
82 85 46
0 24 65
87 61 35
11 53 45
18 65 28
34 11 94
50 12 85
74 16 90
65 71 5
85 30 49
78 59 31
17 65 63
96 79 78
71 68 78
7 24 86
46 15 32
96 75 90
15 63 20
3 37 39
78 17 87
63 0 21
62 0 35
40 73 4
83 49 70
16 22 50
61 48 17
37 98 60
69 46 29
13 32 36
53 61 80
77 38 60
43 56 54
68 9 9
89 26 96
57 44 91
35 67 75
29 36 65
84 47 61
68 33 39
56 32 79
7 79 77
92 24 61
46 59 71
63 91 66
42 91 93
81 75 90
27 30 95
36 81 76
8 87 78
31 14 59
48 78 71
53 34 48
41 75 43
65 34 29
92 76 65
27 86 65
19 38 75
35 11 15
2 89 3
64 10 1
77 69 18
91 93 5
34 96 82
1 35 67
71 58 70
31 34 12
61 92 31
15 24 26
31 58 81
40 77 76
50 30 80
97 90 7
63 24 2
50 84 85
61 87 34
9 88 23
88 71 88
40 79 96
32 11 8
82 61 23
77 20 65
96 3 90
21 18 53
16 82 87
97 20 78
88 82 27
83 82 4
32 16 4
89 19 13
25 7 75
61 86 6
87 65 50
69 28 79
37 23 9
30 2 61
85 30 80
2 8 27
41 9 75
46 69 46
97 92 43
28 60 19
96 3 54
48 48 62
87 1 72
9 38 76
7 24 95
12 89 2
90 62 6
67 91 53
0 64 30
48 42 31
96 88 88
37 22 92
24 44 28
24 98 97
54 79 69
62 80 14
66 71 50
19 96 20
38 84 91
7 99 17
40 35 63
97 44 92
49 24 80
49 14 21
43 9 95
95 8 27
19 91 69
3 35 83
82 96 55
31 62 17
13 37 86
59 56 28
33 5 94
45 46 61
71 68 33
72 10 37
32 37 55
78 72 90
7 81 7
53 32 30
35 95 95
14 43 57
39 23 95
52 88 30
20 12 46
88 86 60
21 93 43
73 11 75
61 63 73
73 28 15
13 35 54
90 92 90
12 88 10
34 87 12
66 30 3
93 20 91
81 42 43
42 46 25
10 19 34
48 70 49
26 23 11
64 95 0
83 15 75
43 93 19
36 17 40
58 3 37
98 51 38
92 11 19
64 14 62
20 93 31
5 36 8
27 14 1
3 83 98
3 40 87
49 85 33
26 38 87
20 78 98
72 6 49
71 87 78
80 2 68
10 37 79
19 71 71
72 50 90
87 89 60
26 15 24
21 63 94
38 84 77
18 30 28
8 8 67
40 57 45
94 89 76
36 16 13
11 33 27
23 59 87
8 55 69
77 57 54
66 75 97
85 91 48
85 40 73
3 59 43
80 91 1
26 92 28
33 39 80
34 25 87
22 17 81
33 92 45
56 10 34
52 14 65
46 60 60
20 59 31
91 60 76
48 30 24
77 51 76
1 44 42
86 25 15
74 26 68
0 14 96
10 78 14
32 82 32
90 6 46
13 47 86
73 20 78
82 14 63
66 30 97
64 7 98
84 6 18
28 28 12
53 87 67
92 69 38
45 29 32
54 70 28
80 67 91
60 67 85
81 60 34
40 30 13
3 88 42
86 14 20
74 17 96
75 70 23
57 49 24
96 90 6
37 95 14
63 82 69
43 58 70
71 68 91
73 22 20
76 37 89
4 90 36
26 66 61
48 52 90
69 4 9
77 32 74
37 0 36
36 84 33
71 35 10
50 1 21
59 50 90
38 43 59
87 75 35
39 5 5
78 93 5
15 77 82
72 40 97
27 57 78
20 59 98
23 35 39
89 45 51
16 68 76
99 26 18
93 38 3
19 47 86
6 35 57
5 9 43
0 2 5
2 85 85
6 83 38
46 34 85
30 37 77
40 28 7
98 72 75
83 4 65
11 42 2
73 38 27
34 52 83
28 8 80
87 37 80
3 46 82
21 8 8
52 47 72
6 11 99
5 16 90
49 84 75
40 19 21
64 2 65
47 22 57
74 64 54
25 22 23
87 56 29
96 21 59
6 81 95
40 4 82
41 25 50
41 14 97
75 80 78
8 9 10
27 59 6
60 96 56
32 99 28
8 30 63
80 89 10
54 30 95
92 84 27
7 99 76
89 41 26
20 27 50
31 48 25
6 20 69
21 27 3
6 81 72
59 4 40
98 72 5
69 30 79
27 30 63
73 22 83
84 53 35
19 50 3
35 3 11
81 98 93
79 75 61
93 26 10
49 41 40
98 84 33
86 10 14
18 9 47
39 68 7
83 7 40
75 5 18
18 28 79
0 33 80
17 88 69
92 5 52
18 10 63
29 57 59
76 75 46
42 21 57
2 8 67
42 12 37
95 18 80
4 75 50
0 77 27
89 46 84
29 90 82
68 62 91
43 99 8
12 9 81
79 1 21
19 61 44
93 29 86
59 36 87
22 16 33
45 90 51
81 76 67
15 53 45
91 88 26
17 83 15
17 12 73
38 71 56
44 99 36
30 19 18
14 39 76
36 65 73
53 21 64
84 75 74
83 41 60
87 41 76
65 50 76
43 65 34
56 93 90
96 6 65
97 20 43
37 34 84
57 97 58
96 81 35
85 98 4
2 19 35
65 78 7
16 52 36
21 32 47
37 58 70
45 84 99
94 67 79
8 29 13
23 64 62
27 6 36
1 50 64
82 79 51
81 76 73
28 52 90
40 56 7
41 81 50
11 70 85
13 19 85
51 27 31
86 61 23
21 19 84
27 26 46
37 35 29
76 69 90
20 61 87
46 58 47
14 25 27
14 61 67
20 41 98
13 47 95
49 89 17
50 87 78
86 6 24
84 63 78
26 4 34
97 52 72
75 18 9
42 43 70
94 73 35
25 56 50
11 58 16
4 47 45
13 48 70
22 49 90
61 18 36
94 62 50
32 53 40
96 4 9
2 12 32
44 85 24
75 55 68
43 82 0
83 86 73
84 30 96
3 44 93
73 39 32
39 25 58
2 27 2
97 44 78
61 55 9
68 50 82
1 35 25
