81 64 39
53 18 88
16 21 6
59 40 35
61 59 36
80 62 66
8 30 95
21 25 60
2 92 37
96 81 35
28 20 15
20 61 4
27 96 11
91 42 36
95 38 27
94 71 57
35 96 32
61 35 31
81 70 80
22 53 78
33 90 7
50 68 95
54 91 4
50 67 84
0 75 35
55 33 27
91 55 99
4 18 6
5 51 8
18 32 91
27 29 53
40 38 1
45 71 71
4 64 34
73 24 7
21 3 31
25 30 2
48 42 70
31 47 91
0 33 80
69 42 11
50 57 3
74 91 72
22 54 46
65 25 65
56 28 15
92 52 90
81 48 81
60 87 1
41 97 75
15 72 14
72 69 35
39 51 54
60 52 49
5 6 53
56 33 27
42 63 14
57 62 52
73 85 54
25 39 27
40 20 87
79 71 52
47 84 99
47 36 44
55 53 14
55 39 14
71 40 97
67 67 76
9 90 1
42 38 65
76 48 43
70 49 77
32 44 55
84 12 43
8 30 49
40 6 79
96 76 58
9 28 92
77 20 33
92 41 18
22 59 97
15 9 59
22 55 31
94 96 58
0 27 47
51 99 65
91 97 59
14 88 30
73 57 28
49 3 1
28 19 43
13 71 50
62 4 87
18 61 73
4 59 85
90 88 80
25 78 62
72 90 20
51 39 20
54 35 27
9 98 16
15 42 17
31 45 74
52 25 57
73 28 96
20 83 98
78 50 22
3 58 31
89 9 75
77 44 92
28 20 1
57 76 53
67 88 42
98 51 3
34 65 39
10 82 67
0 87 85
25 31 92
80 96 47
92 72 16
21 85 42
21 54 22
8 25 1
28 71 59
26 95 75
74 19 21
81 12 94
79 66 99
78 78 98
13 67 72
8 75 40
70 81 29
75 20 69
63 93 90
90 4 44
29 48 59
15 17 99
10 76 19
87 8 22
10 92 39
87 27 8
11 91 23
16 63 97
26 63 31
45 81 97
44 23 74
85 67 80
93 75 96
80 89 91
7 60 97
64 64 18
35 66 45
21 56 93
67 12 28
97 92 92
7 19 96
20 93 5
29 19 53
17 17 33
23 20 46
93 21 79
26 95 99
28 2 24
5 88 74
71 60 41
46 10 58
56 56 91
66 25 52
78 85 26
84 65 72
30 63 48
67 14 20
31 0 24
6 74 27
4 21 45
1 6 82
7 81 54
26 42 66
40 76 66
5 3 31
88 91 31
60 45 75
35 13 42
7 65 84
82 92 36
55 0 77
96 51 16
77 18 65
98 81 35
32 12 62
81 89 18
89 8 7
40 25 47
25 91 7
96 42 90
56 90 60
26 1 73
97 44 65
84 38 61
25 64 25
0 64 7
58 8 8
58 95 79
18 2 27
56 52 92
97 11 84
6 67 20
74 84 28
44 24 70
52 65 14
9 6 89
21 60 98
49 79 71
4 17 99
7 19 99
28 12 7
82 42 81
81 22 77
91 78 31
54 71 92
40 31 28
9 78 73
37 29 29
77 20 65
0 31 57
29 32 77
36 53 61
45 47 34
32 40 2
58 44 32
42 30 68
88 68 83
5 50 6
48 3 64
33 26 17
38 5 11
17 1 48
17 38 20
69 52 22
54 14 83
18 17 5
28 73 5
93 31 14
2 38 44
42 83 75
49 68 35
73 76 73
88 47 32
78 4 85
48 81 23
75 69 10
68 32 74
4 17 44
97 10 7
7 3 35
85 7 7
29 51 87
7 25 61
86 33 33
18 1 46
47 63 59
61 46 44
45 84 69
94 41 70
61 83 37
89 37 43
44 57 88
67 86 79
30 51 65
11 89 17
87 94 91
11 82 57
94 31 33
0 53 14
86 6 66
27 93 44
0 77 56
83 19 54
61 49 42
12 54 63
50 58 92
50 55 49
96 64 35
56 69 8
72 80 78
29 11 40
35 3 65
83 69 20
49 31 25
9 23 80
22 60 51
93 99 26
14 37 37
25 31 89
95 38 20
18 27 1
32 38 50
46 52 35
6 99 30
30 34 31
11 0 67
99 95 0
26 37 52
85 62 41
99 40 20
38 59 52
1 25 53
44 42 33
56 38 94
93 4 34
80 56 83
97 78 33
81 56 80
85 11 19
37 84 42
83 99 3
46 35 6
35 33 96
4 59 6
41 60 57
79 63 40
45 21 38
16 32 72
75 48 93
69 7 79
77 68 48
9 51 29
13 53 69
15 59 71
65 38 62
83 85 58
3 95 79
91 30 65
70 90 86
97 9 78
21 56 76
88 34 46
27 17 85
72 31 62
97 68 33
75 25 7
5 38 49
44 34 2
94 98 47
38 94 73
70 25 46
6 33 90
82 42 35
89 67 50
23 68 54
72 2 52
45 36 94
87 48 12
6 33 95
61 3 67
65 35 38
6 63 45
85 68 63
54 9 1
52 99 58
5 4 44
92 45 82
43 84 15
15 99 1
34 40 88
17 3 20
47 69 52
78 2 98
42 90 3
44 73 89
19 51 48
0 39 45
68 60 70
18 15 98
63 31 39
2 5 43
13 24 95
67 55 8
25 85 5
57 40 3
44 17 33
30 76 61
36 65 71
37 74 79
28 69 35
74 39 72
96 59 65
58 98 53
47 61 80
86 25 31
19 38 34
27 87 4
74 28 11
93 2 11
2 71 72
20 45 91
4 18 85
61 18 56
34 83 23
41 82 80
84 65 65
89 14 20
61 60 49
88 42 72
16 16 19
73 76 20
13 1 74
94 82 58
47 85 24
86 56 28
28 99 54
91 13 83
71 73 87
43 41 83
56 15 31
35 81 29
16 51 70
62 83 98
27 69 31
74 78 97
32 55 53
87 7 69
92 7 31
47 67 83
71 18 92
83 98 41
94 3 82
60 15 78
7 25 26
47 73 17
82 27 83
21 51 42
38 53 75
96 41 57
61 82 12
21 17 86
18 13 54
30 64 58
32 72 0
75 5 28
27 91 80
28 95 88
71 35 83
58 56 86
19 73 42
52 91 69
29 81 68
36 12 70
83 58 6
36 73 68
7 4 37
92 82 14
10 47 67
4 83 95
95 45 42
90 58 48
86 9 10
22 78 98
70 64 85
14 78 17
60 10 97
12 79 9
21 75 34
60 82 17
56 63 24
39 0 59
43 55 97
53 16 10
33 86 79
7 32 69
87 48 54
84 34 65
53 86 26
99 27 15
51 36 75
75 78 8
35 84 12
4 92 39
56 17 53
38 95 25
12 38 74
62 90 76
85 4 39
42 95 93
84 97 38
81 61 32
24 35 55
58 67 17
17 86 84
61 56 83
69 59 13
50 26 67
9 17 4
92 0 94
60 91 7
73 56 62
91 26 42
92 42 36
46 99 0
64 8 61
35 75 18
45 46 70
45 17 30
40 4 79
23 53 30
60 87 84
21 72 86
88 38 4
52 95 53
50 34 41
83 58 35
88 68 75
56 60 18
72 61 48
19 69 73
13 47 86
99 86 10
85 59 35
75 9 49
30 29 92
68 21 28
97 67 91
71 71 79
97 41 22
16 64 65
60 73 18
34 45 58
40 98 30
30 98 66
95 98 37
29 75 74
88 54 17
74 65 5
18 56 91
93 44 89
95 46 86
52 13 37
95 97 51
53 29 22
14 35 62
34 7 52
64 33 37
66 99 25
65 78 78
89 53 94
29 24 8
22 98 82
5 28 99
60 79 54
92 83 21
27 97 60
82 79 45
96 5 99
97 3 7
26 17 96
89 74 74
41 26 41
45 68 10
30 91 61
77 56 77
20 14 76
45 24 1
45 18 29
16 66 71
59 4 42
0 77 80
73 32 66
24 32 39
40 2 18
65 14 79
71 12 70
66 51 45
0 80 65
77 12 85
38 3 74
69 22 30
4 93 65
67 83 8
81 34 84
37 28 47
38 58 4
81 33 78
84 7 23
6 90 65
9 15 26
58 70 13
58 54 54
47 11 57
45 53 51
90 92 55
5 7 5
49 42 58
54 4 26
86 48 64
34 20 44
3 90 95
53 4 62
9 49 20
91 89 86
74 77 81
42 21 49
32 48 72
36 11 5
70 25 31
42 19 24
23 63 35
79 60 70
53 59 9
17 28 60
40 48 32
0 88 79
93 7 6
4 43 45
38 57 83
83 49 44
57 12 32
61 89 0
92 46 26
91 93 20
48 7 8
56 16 82
73 18 92
54 33 77
78 99 75
20 99 33
32 56 0
76 81 3
24 33 48
68 4 93
30 80 6
85 64 51
79 28 23
34 4 26
27 99 96
82 53 16
96 59 6
36 31 42
6 4 36
74 45 27
26 1 74
2 71 48
77 53 8
75 35 93
67 31 82
64 65 26
23 94 65
53 28 68
13 85 77
81 55 75
19 12 62
17 26 4
25 31 97
7 22 65
80 20 97
62 61 77
7 5 42
95 78 77
64 70 13
81 16 12
53 11 91
27 11 77
0 3 35
19 5 15
82 25 77
43 71 34
78 50 55
55 95 1
90 17 82
1 69 21
97 38 73
49 21 59
3 99 89
74 77 74
44 10 4
64 30 48
66 28 41
27 90 76
54 39 80
88 70 30
9 34 37
18 53 91
55 21 30
21 25 26
67 23 6
13 64 35
50 42 76
5 4 50
85 77 98
41 24 52
3 23 47
11 45 72
87 78 67
38 78 70
23 87 41
55 59 94
90 82 20
71 81 74
87 22 5
31 56 26
28 36 71
98 60 63
42 72 52
39 26 13
62 89 7
72 35 5
50 11 75
32 14 83
42 12 38
73 66 5
94 94 86
28 72 12
55 73 64
50 72 44
84 30 80
79 72 82
67 12 6
6 70 38
85 53 76
64 53 71
2 13 62
77 46 68
61 86 85
30 63 98
31 20 79
41 27 76
13 25 53
72 49 32
79 43 55
65 18 81
31 95 42
18 65 46
46 69 74
16 20 24
2 32 42
18 8 76
86 77 67
46 31 26
17 39 33
2 57 28
44 7 34
79 15 73
19 59 72
79 40 92
52 48 0
43 76 18
68 58 91
65 58 16
70 24 11
87 53 74
50 86 82
57 72 68
22 55 66
13 79 39
41 31 15
57 7 25
34 42 35
86 67 6
16 29 71
62 55 78
10 82 64
59 44 98
97 42 96
49 92 20
23 30 82
65 92 62
47 97 50
75 91 93
36 10 67
59 82 35
14 43 84
22 39 89
50 89 49
78 22 57
17 12 27
31 4 85
42 26 30
4 67 67
36 48 39
65 99 89
74 3 47
24 71 55
46 52 47
24 14 12
29 94 15
1 56 27
68 64 80
23 92 19
23 81 12
82 96 10
51 58 65
44 56 35
51 39 13
80 78 16
45 76 31
64 47 54
16 0 96
13 85 4
19 1 7
71 68 78
36 16 27
54 87 88
21 40 18
45 0 72
17 19 77
4 83 82
56 56 7
30 73 42
95 55 80
91 86 97
56 61 79
56 13 68
58 40 9
21 49 81
66 89 70
76 53 57
35 52 7
95 80 95
34 47 95
12 27 20
90 55 76
72 2 21
96 77 21
85 70 56
4 6 85
31 81 36
81 51 36
28 87 87
64 67 8
16 64 94
47 53 96
48 97 75
40 69 76
89 12 96
31 42 59
0 93 44
61 63 83
2 79 79
19 59 89
18 89 43
54 44 45
63 4 5
91 15 29
25 62 28
44 58 58
21 96 12
54 11 9
87 65 48
5 92 73
87 13 67
64 79 34
7 73 6
78 98 60
23 63 45
76 83 87
60 24 27
89 37 33
36 67 17
51 50 48
14 91 13
57 74 96
63 19 75
38 85 63
43 28 13
84 79 49
67 23 7
67 76 91
33 10 46
40 6 91
65 74 83
72 48 21
91 79 32
46 87 55
18 53 58
40 67 65
46 58 89
95 14 13
8 69 43
82 47 87
50 68 80
41 1 12
77 41 32
40 16 25
59 12 13
52 20 49
54 64 98
50 65 82
63 88 16
75 2 28
66 70 95
59 53 43
26 83 52
74 90 10
16 67 23
73 21 56
45 25 89
66 44 63
12 4 16
35 92 47
45 37 43
82 5 10
35 92 31
73 46 97
5 72 78
56 85 70
13 50 87
85 59 89
91 78 60
54 80 40
23 0 14
95 44 82
24 41 75
60 96 43
37 38 58
58 26 46
1 86 93
1 47 3
17 17 67
87 71 89
26 53 59
57 36 85
0 88 97
73 17 21
0 91 17
72 41 27
66 57 71
74 61 60
96 52 25
86 35 76
28 9 94
14 36 6
91 83 2
99 4 91
10 94 9
52 70 0
60 82 22
85 61 61
9 54 94
91 37 22
41 29 93
83 47 74
92 82 66
78 65 7
54 32 80
4 49 57
83 47 19
39 17 57
45 50 96
64 71 23
97 67 69
30 2 28
9 16 12
4 78 1
75 56 6
71 12 52
34 90 86
8 50 55
20 58 50
83 83 51
60 13 87
28 87 52
4 60 77
27 82 67
29 51 28
38 73 21
46 45 60
71 58 83
48 35 73
54 14 26
85 95 21
19 67 0
41 47 82
65 69 81
18 39 41
14 99 97
6 69 53
16 72 8
13 49 59
54 70 84
51 59 30
82 51 2
97 22 62
59 94 65
78 2 45
55 91 34
17 87 45
20 78 98
81 58 46
96 86 85
98 9 68
42 30 47
1 16 4
93 94 64
1 90 86
73 16 54
48 31 63
13 24 22
81 35 78
61 18 85
93 62 2
32 33 99
