85 68 49
85 91 49
2 76 73
27 86 6
73 50 13
71 9 78
61 59 65
3 78 66
63 77 71
96 59 85
97 44 92
3 59 99
0 92 45
95 12 94
78 59 98
0 42 39
63 92 71
97 44 33
0 33 80
11 77 27
73 38 73
4 18 65
81 3 7
11 77 14
70 47 69
80 86 65
7 75 35
19 24 22
97 20 91
27 18 85
95 12 27
91 78 31
0 53 14
91 55 5
80 6 65
56 32 79
50 91 63
87 3 54
7 47 22
95 38 67
20 59 99
27 91 78
27 30 49
37 35 31
27 30 80
8 30 78
96 59 56
61 42 70
52 72 86
11 77 45
63 33 80
52 91 72
78 78 98
61 6 65
8 68 95
61 18 56
63 77 45
33 39 27
96 64 35
52 24 69
96 6 36
2 76 20
27 86 56
73 22 94
85 91 78
73 18 33
18 56 15
81 75 39
18 56 91
97 44 91
77 20 78
77 68 33
0 77 71
2 22 94
70 24 72
3 92 29
11 33 80
27 57 49
71 9 91
27 6 65
71 57 63
0 3 90
13 43 72
27 87 80
96 81 39
73 44 91
57 20 92
61 92 31
97 20 92
56 24 91
33 92 80
85 30 78
81 3 54
19 91 22
52 24 86
27 87 49
7 75 54
69 28 79
71 35 31
27 59 65
19 72 69
50 30 78
37 92 29
3 35 31
61 42 31
55 53 80
0 64 7
57 20 91
48 63 31
56 50 13
37 58 31
96 42 7
77 44 91
11 39 27
7 81 39
57 18 91
3 58 83
71 18 65
73 44 92
71 68 33
69 28 13
2 22 20
77 20 92
7 72 69
20 78 5
78 55 31
95 76 73
56 24 15
80 59 6
55 92 45
8 57 63
71 68 92
80 18 6
85 57 95
70 72 72
91 55 66
13 47 86
17 8 20
13 72 95
22 93 31
56 32 13
0 39 14
77 20 33
91 78 98
96 86 6
7 72 86
95 8 94
81 81 35
7 75 7
7 72 72
56 56 79
73 24 79
13 43 22
4 18 85
56 50 91
4 59 6
13 91 95
61 42 29
77 68 91
70 72 86
81 64 35
18 32 7
18 50 79
96 86 85
52 72 69
52 72 22
0 3 54
33 92 45
33 39 14
48 63 70
52 72 72
96 42 35
7 81 90
91 93 31
52 72 95
55 33 71
71 91 80
3 93 5
80 86 56
61 35 70
7 64 90
17 76 27
52 47 95
81 76 20
71 57 95
8 57 78
77 44 78
0 33 27
0 92 14
17 8 27
52 43 69
57 68 78
73 22 73
13 47 72
55 39 45
73 8 94
4 6 56
73 12 94
55 92 27
18 24 15
7 72 22
61 6 6
33 53 71
50 57 63
0 33 71
63 33 14
13 72 22
63 39 27
70 72 22
3 55 98
61 42 73
73 38 94
4 18 6
91 78 5
85 57 78
48 35 31
7 91 22
91 83 66
37 58 73
2 22 27
7 42 7
97 18 33
61 59 6
78 59 99
87 3 7
85 30 95
0 42 7
57 9 91
2 8 73
71 92 31
2 8 27
81 42 35
7 24 22
27 91 95
7 24 86
3 35 70
18 32 15
27 18 36
87 75 35
33 39 80
61 6 85
3 58 70
33 77 71
3 92 83
71 58 29
63 33 71
48 63 83
71 87 63
33 53 45
91 55 31
48 35 73
85 91 63
61 58 31
57 18 92
71 42 29
91 59 99
71 58 73
8 91 78
8 91 95
73 8 20
70 24 22
70 91 95
73 20 91
69 50 15
52 24 95
2 38 20
4 59 65
17 12 94
48 35 70
77 9 92
80 59 85
27 57 78
73 44 65
55 77 27
17 38 94
78 78 5
73 44 33
95 22 73
80 6 6
70 72 95
22 78 5
7 81 54
80 6 36
27 57 63
3 92 70
7 43 72
40 28 79
56 28 79
40 28 7
27 68 49
69 50 91
81 75 7
17 38 67
27 90 85
56 56 13
87 75 54
2 12 73
77 44 33
63 53 45
22 78 98
71 42 83
13 47 69
96 3 39
57 9 33
73 24 13
3 83 66
71 30 80
81 42 39
61 18 85
96 6 65
33 53 80
13 43 69
19 91 95
8 57 49
71 68 80
22 83 98
0 64 35
71 92 70
71 91 49
61 63 70
85 87 63
2 38 67
87 64 39
96 3 7
91 93 98
71 44 91
71 18 33
55 92 14
61 86 6
96 75 7
61 63 31
73 38 67
61 59 36
73 28 15
80 90 85
33 39 45
52 47 72
71 91 63
48 58 29
40 32 79
80 90 36
18 24 79
40 50 79
3 59 98
37 92 83
3 63 70
22 59 5
8 91 63
80 18 36
27 30 95
50 57 78
50 68 78
97 9 78
55 33 27
73 9 33
77 20 65
37 35 83
40 32 15
27 87 78
96 6 6
33 77 27
3 92 31
0 33 14
3 58 29
11 53 80
4 86 85
0 53 71
87 64 90
87 42 39
40 50 91
50 91 95
97 44 78
52 43 95
91 55 98
18 28 13
19 47 86
11 39 14
19 72 22
63 77 80
55 53 27
73 38 20
78 83 66
81 64 7
37 42 70
70 43 69
18 50 91
96 59 36
0 81 35
40 56 79
69 56 15
73 28 79
17 22 67
71 44 33
19 24 86
61 18 36
3 93 99
71 42 31
27 91 80
96 75 39
71 58 70
87 75 39
52 91 95
27 90 65
20 93 5
70 43 86
40 24 7
81 12 20
73 8 73
77 44 65
7 64 54
48 63 29
96 86 56
56 56 15
37 42 83
7 91 69
0 42 54
81 42 7
87 81 35
81 76 27
73 12 27
7 3 54
69 24 79
95 38 94
57 9 65
50 91 78
37 42 73
50 30 95
22 93 98
13 91 69
71 35 73
85 57 63
73 9 92
40 24 91
91 93 5
96 86 65
91 93 66
73 56 91
50 87 49
20 78 66
11 77 71
27 6 36
61 63 73
69 50 13
81 12 27
71 30 49
3 78 5
22 93 66
27 68 78
37 63 73
4 6 6
61 6 36
56 50 7
71 92 83
85 87 78
97 18 65
0 77 27
11 92 80
3 63 83
80 59 56
73 56 13
73 9 65
70 43 22
11 39 80
33 33 14
57 20 33
95 22 94
48 42 29
11 39 45
50 87 78
0 64 90
73 28 91
20 83 99
3 78 98
91 83 5
73 20 65
19 47 95
77 18 91
85 87 95
2 8 67
70 47 86
81 38 20
81 42 54
96 59 65
2 8 94
11 92 71
61 42 83
11 39 71
22 83 31
97 20 65
40 24 79
80 86 6
19 43 95
4 18 56
87 3 90
69 28 7
19 91 86
18 56 79
73 20 78
7 3 39
27 6 56
20 83 5
63 92 45
8 30 49
97 18 92
71 68 78
0 75 54
13 47 95
17 76 94
73 8 67
56 32 15
52 47 22
48 58 73
22 55 99
8 30 95
71 63 70
81 8 94
73 68 33
87 75 90
17 38 73
4 86 36
40 50 7
17 8 67
71 44 78
8 68 78
96 90 85
13 72 86
56 56 7
0 53 45
55 39 14
63 33 27
73 32 15
78 93 66
11 33 45
97 9 33
55 77 71
7 81 7
56 24 7
11 53 45
22 78 66
95 22 67
71 57 80
22 83 66
50 87 80
77 18 92
0 64 39
56 32 91
13 43 95
71 63 83
57 68 92
8 91 80
0 53 80
87 3 39
73 50 91
97 9 65
63 39 14
73 56 79
55 53 14
37 58 29
22 78 31
0 92 80
7 24 69
70 43 72
17 22 27
27 18 65
55 53 45
50 87 63
61 58 83
96 18 56
71 68 49
27 90 6
52 24 22
17 8 94
7 75 90
3 83 98
4 59 56
77 18 78
18 32 79
91 59 31
2 8 20
97 18 78
27 18 6
57 68 91
95 22 27
95 76 67
0 75 90
85 68 95
48 92 73
3 78 99
61 58 70
20 55 99
78 83 99
87 42 54
48 35 29
50 30 49
73 32 13
0 64 54
20 93 31
20 59 31
20 78 31
96 90 65
50 68 49
63 53 80
27 30 63
95 76 94
40 50 13
71 68 91
48 92 31
78 78 31
55 39 80
8 30 80
81 22 27
81 8 20
3 63 31
57 44 92
8 68 49
37 63 31
81 12 94
20 93 66
96 64 39
61 59 56
61 63 29
11 92 27
27 68 63
71 30 95
85 87 80
33 53 27
13 72 72
77 18 65
3 83 99
69 56 79
71 30 78
78 55 5
57 44 65
19 72 86
4 18 36
50 68 63
27 57 80
20 83 31
87 81 54
81 38 67
61 86 56
33 33 27
0 77 45
96 81 7
13 91 72
85 68 78
81 81 39
19 43 69
27 68 80
20 59 5
20 55 31
87 42 7
70 24 95
77 68 78
55 92 80
57 44 78
73 76 73
33 33 45
19 43 22
56 50 15
87 64 54
22 78 99
4 86 56
19 72 95
71 91 95
73 44 78
19 24 95
81 64 39
73 32 91
17 38 27
0 81 39
40 32 91
96 81 35
37 42 29
4 59 36
87 42 90
81 64 54
73 68 92
2 38 27
81 22 20
69 56 7
3 93 98
33 39 71
70 43 95
85 30 49
27 59 85
71 42 70
71 18 92
95 38 20
81 81 54
8 87 49
81 38 27
11 77 80
3 59 5
55 77 14
50 30 80
11 53 14
63 39 45
95 38 73
70 72 69
96 42 39
57 9 92
73 38 27
73 22 67
95 12 20
3 35 83
87 81 7
0 39 45
33 33 71
81 8 73
70 24 69
61 92 83
97 9 91
61 6 56
27 86 65
2 12 94
50 87 95
71 35 70
2 76 94
4 90 65
40 32 13
71 30 63
7 42 90
48 63 73
73 56 7
73 20 92
96 42 54
56 28 91
40 28 13
73 9 78
22 83 99
61 18 6
22 59 98
70 47 95
91 59 5
7 91 86
87 64 35
27 91 63
97 68 65
18 32 91
7 47 95
56 28 15
52 24 72
7 43 22
96 64 54
50 68 80
40 50 15
3 59 31
37 92 31
8 87 78
48 92 29
7 42 54
81 3 90
27 57 95
61 35 73
77 44 92
77 68 92
2 22 67
71 92 29
4 6 85
50 57 49
17 76 67
0 92 71
55 53 71
78 59 66
52 47 86
17 22 73
81 3 39
22 55 66
78 93 98
70 91 69
20 93 99
13 47 22
77 9 78
56 32 7
85 68 63
96 3 54
27 86 36
63 39 71
11 33 27
71 87 95
71 20 65
78 59 5
61 86 85
13 91 22
7 47 69
3 55 66
22 93 99
19 24 69
61 86 65
61 35 31
77 9 33
0 3 39
78 55 66
8 87 80
73 68 65
55 92 71
40 56 15
91 93 99
18 50 13
8 30 63
3 83 5
20 55 66
27 91 49
22 93 5
33 92 71
20 83 98
95 8 73
3 55 5
3 78 31
96 42 90
80 59 36
13 24 95
56 28 7
71 58 31
2 12 27
61 90 56
71 18 91
73 12 20
85 57 49
56 28 13
96 81 54
95 8 20
19 24 72
73 76 27
3 55 99
73 8 27
71 92 73
22 59 66
13 24 86
37 63 70
71 20 92
7 24 72
11 92 45
3 83 31
71 87 80
69 56 13
3 93 31
56 24 79
18 28 15
13 91 86
37 92 73
3 58 31
3 93 66
22 55 98
97 44 65
37 35 29
69 50 79
71 9 92
0 42 90
57 68 33
18 24 7
7 91 72
96 86 36
50 30 63
91 78 99
78 93 31
63 53 71
81 76 67
96 75 90
27 68 95
81 8 27
96 64 90
70 91 86
69 32 91
7 43 95
63 92 27
69 56 91
3 55 31
80 86 85
7 47 72
61 35 83
78 78 99
71 91 78
19 47 72
22 55 5
71 20 91
96 90 36
2 38 94
91 83 99
80 18 65
37 42 31
63 33 45
73 18 92
97 68 92
0 92 27
50 91 80
70 47 22
57 9 78
22 59 99
0 3 35
33 77 14
37 63 29
81 76 73
40 56 91
19 43 72
40 28 15
70 24 86
73 24 91
96 3 35
96 64 7
73 18 78
48 42 70
48 92 70
18 32 13
96 18 6
0 39 80
96 90 56
7 3 35
7 43 69
19 91 69
85 30 63
77 20 91
3 35 73
57 44 33
8 91 49
71 9 65
18 28 79
3 42 73
52 91 69
70 47 72
96 6 56
3 59 66
73 12 67
52 43 72
85 57 80
87 75 7
61 92 73
40 32 7
78 59 31
81 75 90
85 87 49
73 22 20
19 47 22
81 38 73
4 6 36
2 22 73
27 90 56
61 90 65
8 68 63
55 33 80
8 87 95
70 91 72
87 81 90
91 83 98
4 90 6
81 12 67
69 24 91
81 22 94
63 92 14
20 93 98
3 58 73
78 55 98
73 12 73
77 18 33
71 20 33
18 50 7
97 68 78
11 53 71
78 55 99
95 22 20
40 24 13
96 75 35
96 59 6
61 92 29
0 53 27
71 57 49
17 12 73
48 58 83
7 3 90
8 57 80
57 18 78
40 56 13
33 77 45
7 81 35
37 63 83
57 20 65
57 18 33
91 83 31
8 87 63
27 59 36
50 57 80
96 3 90
0 39 27
13 43 86
2 38 73
91 59 98
17 12 27
81 8 67
71 63 29
20 83 66
87 42 35
17 76 73
20 78 99
4 59 85
96 75 54
81 75 54
33 53 14
73 18 91
17 12 20
