73 91 65
23 78 34
12 82 65
12 70 98
75 52 91
88 91 41
48 29 23
41 52 91
33 52 51
8 81 28
2 9 53
22 71 46
8 26 29
18 28 92
8 29 29
5 20 20
46 76 20
62 91 65
88 62 65
33 52 65
5 45 58
61 66 36
31 66 90
72 77 92
40 65 58
62 49 63
98 26 91
70 68 51
24 65 58
78 0 46
40 14 18
61 82 51
12 68 57
72 11 15
72 28 42
1 36 33
70 29 29
1 23 79
24 49 18
8 30 52
50 60 83
38 81 16
38 11 16
98 75 45
72 3 48
78 29 94
62 45 64
32 91 79
5 73 83
4 76 13
70 52 2
75 8 91
98 8 44
61 0 46
88 91 56
40 65 18
38 53 16
73 23 65
18 77 48
46 60 13
61 82 65
70 68 98
46 3 13
5 14 64
70 87 14
22 78 75
8 11 23
70 82 51
72 11 6
41 14 98
38 60 15
49 26 23
78 71 94
64 66 61
49 26 29
41 49 58
73 53 6
96 87 90
60 77 42
72 36 33
83 39 51
88 94 56
73 91 56
98 78 34
4 76 69
88 0 46
83 68 2
22 87 75
84 20 69
62 94 79
8 98 29
33 39 57
8 30 29
40 65 64
78 29 61
50 76 13
73 29 23
88 29 63
22 68 34
98 8 91
70 98 29
32 94 56
5 47 63
61 52 57
33 52 2
41 9 45
98 66 90
48 30 23
4 73 69
61 0 36
1 28 48
75 75 45
5 45 64
98 66 75
76 98 52
83 70 51
50 73 20
64 29 46
12 39 98
33 3 42
12 39 51
48 29 52
4 3 83
96 14 93
98 14 90
41 45 64
98 8 45
72 77 23
88 62 92
41 26 44
78 71 36
33 82 57
8 53 15
41 26 45
88 19 65
64 66 63
88 23 65
8 75 91
98 78 75
33 36 92
31 14 75
61 90 94
5 20 69
73 81 16
64 29 94
98 78 77
5 65 18
49 98 52
5 3 83
75 52 53
60 36 92
4 76 20
41 9 53
89 53 23
73 11 15
83 70 57
1 36 48
41 45 58
2 26 27
38 81 6
72 81 28
78 0 94
62 47 18
70 29 52
5 73 69
83 52 57
22 0 63
60 36 48
62 94 56
23 14 77
24 47 58
72 21 92
98 87 75
72 28 33
2 26 45
98 78 90
22 29 94
48 87 14
22 71 36
48 29 30
83 70 65
96 68 34
1 36 42
70 52 98
2 75 45
41 65 64
50 3 13
73 53 28
62 14 58
70 70 2
24 47 63
38 29 28
1 19 41
76 29 23
60 21 33
60 36 42
48 87 29
83 70 2
72 28 23
41 75 44
48 98 30
41 52 44
60 28 92
33 39 65
18 21 92
88 19 41
32 23 65
2 52 45
73 29 6
31 66 75
76 26 30
22 0 61
62 19 56
50 20 20
41 8 45
60 21 23
8 29 14
61 82 98
24 45 58
5 20 41
33 70 51
98 52 91
89 29 28
2 9 45
8 87 52
88 66 63
98 52 27
70 68 65
49 87 23
38 53 23
61 71 94
31 68 77
72 60 15
70 68 57
8 81 6
72 11 16
83 39 98
62 23 65
49 98 30
48 26 14
62 62 65
61 90 46
76 29 14
33 77 92
83 62 78
64 66 46
1 77 33
33 82 51
40 45 64
96 66 75
31 78 75
83 82 57
46 20 13
61 68 98
49 30 30
60 77 23
78 90 63
8 9 27
31 78 34
78 90 46
88 66 36
23 78 90
88 66 61
40 47 64
84 76 41
32 91 65
23 78 93
88 19 92
22 90 46
1 19 56
12 82 2
73 91 92
70 39 51
46 3 41
98 26 44
84 73 41
18 36 92
84 20 20
22 68 77
5 73 41
4 76 41
40 49 64
22 90 61
89 60 6
23 66 90
23 66 75
83 68 65
22 66 61
70 70 57
50 60 69
8 98 23
61 29 94
8 30 23
72 29 23
1 94 92
98 87 93
83 70 98
8 26 53
60 21 92
83 52 98
75 52 45
8 11 6
60 36 33
24 45 98
5 49 63
75 9 91
41 65 63
76 26 29
61 52 65
98 68 75
2 52 44
22 78 93
88 62 41
32 19 65
76 30 23
70 39 65
75 8 27
38 11 6
75 8 45
73 60 15
48 30 30
2 9 27
75 9 45
72 77 48
2 8 53
75 26 45
89 29 15
1 3 92
46 60 69
62 91 79
12 52 57
22 14 34
18 3 33
5 14 63
73 11 16
46 60 20
8 9 45
2 26 91
75 8 53
62 45 63
12 82 51
49 30 29
1 91 79
88 91 65
12 52 51
32 19 41
70 39 2
61 71 46
88 71 36
60 3 23
72 81 15
38 60 6
49 98 23
72 3 92
72 36 48
78 0 63
33 36 23
40 14 63
33 68 2
24 49 64
96 78 93
41 45 98
23 87 90
18 28 23
2 26 53
5 14 58
48 98 14
33 28 33
1 19 92
49 29 30
98 26 53
40 45 58
72 28 92
70 82 98
89 60 15
1 21 33
5 76 83
98 75 53
2 9 91
61 39 98
88 90 63
75 26 27
31 78 90
84 73 83
31 68 34
61 39 2
1 28 92
96 68 90
1 91 41
50 20 69
5 45 98
62 91 41
88 29 94
22 66 75
73 23 56
8 98 14
75 75 53
84 20 13
1 94 56
33 68 51
8 60 16
73 19 65
12 68 65
50 73 83
38 53 28
99 20 23
61 52 2
62 14 18
32 23 92
62 49 98
73 81 15
61 66 94
31 14 90
32 94 92
8 8 44
5 49 58
40 47 58
40 49 63
32 19 92
78 71 46
8 8 53
98 75 91
62 47 63
24 45 18
60 21 42
1 28 23
49 29 29
48 30 52
89 81 6
1 62 41
18 28 48
89 29 6
1 21 23
32 91 92
84 73 13
70 33 55
48 78 29
73 94 92
70 98 14
4 76 83
49 29 52
84 60 83
33 68 98
33 36 42
96 66 90
73 94 65
2 52 27
33 70 2
96 68 93
30 19 91
8 53 6
8 9 53
64 71 46
8 11 28
5 73 13
22 87 77
75 9 44
48 98 29
31 78 77
41 75 27
24 49 98
88 90 61
89 29 16
84 60 13
78 71 63
46 76 41
50 20 13
1 36 92
23 87 75
73 94 79
96 14 75
8 29 30
61 90 61
73 60 28
72 36 23
8 60 6
40 14 98
23 78 75
18 36 42
8 98 30
84 76 13
62 49 58
61 39 65
78 66 61
46 20 20
4 20 83
1 91 56
76 29 30
25 34 56
8 29 16
70 30 30
22 0 36
89 81 28
40 49 18
8 30 14
62 14 64
24 47 18
38 60 28
5 3 13
46 73 20
88 62 79
33 39 2
73 11 6
38 53 15
1 23 41
24 14 64
2 75 27
8 60 23
8 29 28
8 87 23
22 66 77
31 66 34
84 3 20
70 52 51
12 68 51
7 61 34
46 20 41
1 28 33
4 73 83
73 81 6
83 78 90
41 9 27
8 52 44
18 3 42
30 51 94
33 82 2
24 65 98
8 52 91
47 47 87
49 29 23
98 9 53
50 20 83
75 75 27
38 60 16
33 82 98
1 94 79
76 26 52
89 11 6
5 20 13
1 21 42
96 44 7
31 66 77
70 26 14
76 26 14
12 70 57
78 0 36
88 29 61
56 55 38
50 3 20
24 14 58
2 75 44
5 65 63
60 21 48
98 87 34
73 81 28
41 49 98
78 71 61
84 60 20
79 6 15
41 14 64
22 14 75
22 66 90
41 47 98
8 52 53
40 45 18
72 77 33
72 3 33
33 82 65
41 45 63
33 3 48
73 53 15
84 3 41
33 28 42
33 21 33
83 39 2
23 14 34
72 29 6
46 73 83
62 45 98
22 14 77
7 14 84
24 14 98
73 69 20
48 87 30
43 88 6
62 62 41
88 23 56
4 63 27
12 68 98
54 67 81
12 82 57
81 3 28
40 47 18
88 91 79
4 60 83
99 35 88
8 11 15
22 66 46
5 60 69
64 29 36
98 9 44
75 26 53
31 14 93
64 0 36
72 3 23
4 20 41
78 66 63
46 76 83
40 65 63
22 68 90
18 21 42
73 23 79
61 70 65
8 75 27
23 44 88
22 71 63
18 16 46
64 66 36
41 26 53
8 30 30
3 25 65
33 36 48
2 8 91
49 26 30
22 0 46
2 26 44
60 36 23
22 0 94
4 3 20
78 66 94
85 78 6
24 65 63
73 23 41
81 55 6
72 60 16
92 95 6
18 36 23
70 26 52
73 60 6
23 68 77
64 90 61
1 91 65
64 71 36
5 3 69
5 76 41
98 87 77
23 87 34
34 18 87
96 87 93
95 51 41
72 28 48
4 3 69
62 47 64
8 75 45
24 83 49
70 26 29
8 26 44
18 21 48
1 19 65
17 49 67
12 70 51
23 68 34
98 63 45
84 3 83
73 23 92
50 76 41
13 27 35
76 17 11
40 45 63
35 90 20
89 53 15
84 73 20
46 20 4
48 29 29
73 53 23
33 70 98
28 80 32
24 72 41
93 46 94
33 28 23
1 21 92
33 77 48
23 78 77
70 39 98
8 29 23
72 29 15
33 77 33
60 28 23
5 45 63
70 30 23
50 3 83
96 66 77
48 29 14
78 90 36
12 39 65
71 6 93
76 87 52
98 88 39
31 68 75
22 66 93
62 45 18
4 20 13
48 26 29
82 6 83
84 72 73
23 68 93
88 19 79
27 54 29
89 81 16
73 19 79
96 99 49
62 19 92
1 19 79
99 2 50
4 4 16
8 8 27
32 19 56
46 56 16
14 83 7
33 52 98
75 9 53
18 57 93
80 47 61
34 43 34
50 76 20
88 23 92
33 3 92
73 62 41
8 75 44
81 15 43
76 90 13
98 66 77
8 26 91
40 65 98
33 36 33
68 4 16
22 90 36
41 58 69
88 94 65
56 50 65
98 52 44
50 60 20
91 52 2
73 11 23
62 14 63
57 8 97
88 62 56
93 98 16
8 53 16
22 66 94
18 3 92
66 6 8
15 32 0
89 60 28
83 52 2
32 94 41
50 3 69
60 78 27
8 29 6
0 61 95
50 12 51
31 66 93
5 76 13
39 97 93
13 75 6
22 90 63
83 16 91
4 20 69
77 97 50
33 3 23
78 90 61
6 97 81
8 98 52
31 53 34
82 12 37
84 76 69
70 87 52
22 58 9
86 65 47
8 26 23
26 86 65
71 62 60
5 47 64
76 87 30
33 39 51
32 94 79
24 7 37
68 72 25
41 52 45
45 22 23
75 26 91
96 87 77
41 45 18
10 71 55
40 47 63
5 24 5
63 93 52
62 49 64
89 45 41
96 3 88
22 87 93
5 47 58
98 52 53
77 59 17
23 64 81
62 65 63
41 65 18
25 46 23
1 18 75
48 26 30
15 51 72
61 40 21
46 54 72
4 73 93
18 77 92
70 52 65
73 11 28
99 11 55
96 14 77
95 69 99
38 81 28
58 91 45
65 51 31
75 71 16
62 61 15
98 75 27
8 47 39
88 90 36
97 22 92
1 62 92
52 21 19
67 55 94
44 10 64
38 81 15
62 23 92
38 29 6
66 64 63
2 8 44
8 53 28
56 45 14
61 66 46
1 62 65
76 87 14
18 71 2
46 93 24
15 85 89
70 39 57
96 87 34
81 79 16
62 94 92
88 23 79
89 51 51
70 68 2
38 32 92
18 36 48
10 78 93
67 96 8
67 36 53
40 31 83
62 23 79
44 77 47
91 35 77
49 47 73
48 30 29
37 64 61
20 95 96
46 33 65
98 68 77
38 49 23
57 41 54
13 57 41
33 68 65
46 20 83
62 8 71
76 87 29
45 84 37
49 98 29
8 81 16
61 79 99
41 49 64
88 90 82
77 46 64
93 14 75
76 30 52
57 22 25
96 68 75
89 50 57
12 39 2
7 42 6
91 98 58
76 98 23
41 65 58
64 0 61
1 23 56
23 68 90
41 14 58
25 22 82
18 21 33
12 74 39
72 21 33
43 9 22
23 87 77
78 90 94
29 53 20
73 7 19
61 68 65
22 30 69
76 62 24
17 69 22
61 68 2
67 69 62
84 14 33
8 26 14
83 20 99
1 23 65
40 68 27
61 68 57
68 18 58
43 25 49
40 14 64
73 20 18
41 9 44
79 21 69
40 47 98
89 6 55
46 73 69
31 14 77
65 22 65
8 9 44
93 40 40
32 23 56
5 65 58
1 3 42
5 60 20
90 92 71
35 84 29
8 52 84
66 89 75
8 53 23
24 45 63
49 26 52
1 68 78
99 36 70
25 86 6
59 44 71
72 81 6
90 22 48
29 7 17
31 87 90
47 30 17
73 27 70
49 99 69
67 97 77
56 75 84
63 46 29
59 87 22
17 20 63
66 32 44
74 82 97
93 44 76
70 98 30
35 38 43
89 29 23
12 52 98
83 68 98
89 98 9
61 29 63
60 29 36
92 96 31
68 6 49
89 53 16
88 27 72
26 38 54
18 28 33
22 87 34
14 41 51
74 25 96
49 9 29
75 9 27
1 3 23
37 99 74
64 27 17
31 94 77
64 71 94
78 17 62
82 67 6
4 24 7
49 29 14
1 3 33
92 80 22
72 18 40
40 45 98
23 32 72
10 49 21
7 66 86
96 14 90
32 33 5
25 66 45
18 3 23
35 42 47
