4 73 41
72 11 16
70 26 52
1 91 79
70 70 57
98 75 53
88 29 46
33 39 51
84 60 20
61 70 65
5 3 69
41 47 18
75 9 44
73 62 41
41 49 98
89 11 6
24 47 58
24 65 58
22 14 93
98 68 34
60 77 33
73 19 65
8 29 30
72 77 23
89 53 6
2 9 27
88 62 79
98 66 34
8 8 45
8 26 91
75 75 91
70 87 14
70 30 30
2 26 45
72 36 23
4 76 83
88 0 61
5 76 20
64 0 61
18 3 33
98 26 44
98 66 93
70 68 2
70 26 29
18 28 23
73 81 23
33 70 2
8 8 91
88 62 56
72 28 42
50 60 20
76 26 14
50 76 13
24 49 18
60 28 92
61 82 65
75 9 53
32 62 65
2 9 45
76 87 30
31 14 93
83 52 65
41 14 58
38 53 6
23 78 77
8 26 29
46 3 69
61 70 51
5 60 41
73 94 56
84 3 41
70 70 51
5 47 98
46 76 20
1 36 23
73 81 28
75 26 91
31 87 75
62 19 65
46 20 20
89 11 15
23 87 93
89 81 15
49 98 23
18 77 42
1 94 79
12 68 51
40 45 63
72 60 6
83 39 2
62 49 63
38 11 23
1 28 92
88 94 65
78 29 94
2 8 44
33 82 98
32 94 65
75 8 44
60 3 23
62 91 92
40 47 18
70 87 30
73 53 6
60 77 92
88 29 61
22 90 46
60 28 48
88 19 56
22 87 90
50 60 69
70 39 57
5 65 63
50 76 20
60 28 42
73 19 79
33 3 23
72 53 6
73 53 23
73 94 65
62 65 58
41 26 27
23 66 93
88 0 63
78 71 46
1 19 65
64 29 46
22 68 75
88 19 92
40 49 64
32 62 41
8 29 16
78 66 61
23 87 90
33 77 33
75 26 44
64 71 36
1 28 33
41 8 45
75 9 45
41 9 45
31 66 77
23 87 77
61 70 98
89 11 28
70 30 52
41 9 91
1 3 92
8 60 6
50 76 41
75 52 53
84 3 83
40 47 58
61 71 94
72 3 48
33 68 65
38 53 15
41 8 53
88 71 94
88 29 63
5 14 18
60 21 33
40 14 58
38 81 15
84 76 83
72 36 33
41 49 18
31 14 34
22 66 93
98 8 91
83 52 51
96 14 93
62 23 79
83 82 65
75 26 53
1 77 33
73 62 56
88 29 94
1 36 92
98 52 27
41 52 27
31 14 75
8 11 28
31 66 34
5 47 58
22 71 36
73 11 6
76 26 23
83 68 98
46 20 13
83 52 2
70 52 57
89 53 15
1 91 65
18 28 92
1 23 92
76 30 52
98 9 44
32 19 65
33 52 65
5 49 63
70 82 65
33 68 51
49 87 14
33 77 23
96 68 90
88 91 79
83 82 51
40 45 18
88 94 79
12 52 51
75 8 45
83 52 98
32 23 92
1 77 42
96 14 34
4 3 13
60 36 23
73 60 23
88 23 79
75 52 91
62 23 65
50 20 69
62 19 79
41 75 91
23 14 93
4 20 69
38 29 6
38 11 6
12 52 2
4 20 13
5 14 58
64 0 63
38 11 28
98 14 90
61 68 51
88 66 94
73 29 6
33 36 23
49 29 30
72 21 48
61 52 65
18 77 48
2 75 53
12 52 57
33 70 51
50 76 83
72 81 6
46 73 13
98 75 91
62 14 64
73 60 16
22 14 34
98 9 27
70 87 29
41 26 53
70 30 23
41 45 18
70 98 14
78 90 61
84 3 69
83 68 57
33 70 98
8 81 15
8 81 23
84 76 13
76 26 30
2 75 45
88 90 46
2 52 27
41 9 27
41 47 64
60 77 23
49 87 23
4 76 69
38 11 16
76 29 30
49 30 30
72 29 15
49 26 30
32 91 56
61 71 63
46 60 20
98 75 45
31 14 90
75 75 27
2 9 91
73 29 23
62 94 65
76 98 29
50 20 20
1 3 23
61 82 2
98 66 75
8 52 44
84 3 13
5 73 13
41 49 64
50 20 41
48 29 52
88 90 63
31 87 77
22 14 75
22 87 75
8 29 6
40 49 58
18 21 42
62 91 65
83 70 98
8 60 28
33 3 33
62 94 92
4 76 13
78 71 94
60 36 42
83 52 57
33 28 23
46 20 41
8 87 14
31 68 93
62 14 98
32 23 41
4 76 41
72 28 33
31 87 34
70 82 2
84 20 13
62 91 41
88 23 65
12 39 2
61 39 98
70 52 2
88 62 41
33 28 48
70 98 29
84 20 69
61 90 46
12 82 98
32 19 92
60 3 92
2 8 45
8 75 27
75 9 27
22 14 90
62 19 92
48 87 23
2 26 27
62 91 79
41 45 64
48 29 29
98 75 44
73 81 6
5 73 20
88 23 56
78 0 36
78 90 36
60 36 33
18 36 33
83 68 2
75 75 44
49 26 23
76 87 29
70 39 2
5 20 41
40 47 63
8 26 30
12 68 65
72 28 23
8 30 14
18 28 42
22 68 90
41 65 63
23 66 34
64 66 61
73 81 15
32 94 92
73 60 15
18 3 48
4 3 20
70 82 98
73 91 79
33 36 48
70 70 2
22 0 63
41 14 64
4 20 41
60 28 23
8 52 27
38 29 23
46 76 13
32 91 92
8 60 23
1 36 33
22 29 94
76 26 29
78 90 63
41 8 27
2 26 44
8 87 30
22 66 46
48 26 14
22 66 34
60 77 42
18 21 92
33 36 92
38 60 6
8 53 23
41 75 53
23 66 90
8 8 53
5 45 18
62 91 56
2 75 27
33 52 2
33 28 42
50 3 13
70 82 51
76 87 14
72 77 42
61 68 65
84 76 41
31 68 34
61 39 51
50 3 20
64 0 46
96 66 34
73 11 28
46 76 83
40 49 98
5 60 69
88 19 79
41 14 98
61 66 46
33 36 33
1 91 92
72 53 16
22 0 46
33 39 57
41 47 63
33 68 2
64 29 36
46 60 69
62 94 79
22 66 94
41 65 58
41 45 98
50 73 83
18 28 48
98 68 90
72 81 16
31 87 93
61 29 94
18 21 33
1 19 56
33 28 33
61 66 63
32 23 79
8 75 53
88 66 36
98 78 90
73 91 56
31 68 77
40 14 63
8 53 15
24 65 18
12 52 65
64 66 63
41 65 64
61 82 51
46 3 13
64 29 94
1 91 56
38 81 6
12 82 51
31 68 90
8 98 23
61 39 2
83 82 57
84 73 20
98 78 34
5 49 98
62 62 65
98 26 53
5 47 18
83 39 98
78 71 61
49 26 29
70 68 98
2 75 44
1 28 23
31 68 75
61 68 98
98 68 75
22 87 93
1 19 41
72 53 23
8 8 44
88 0 46
72 36 42
8 29 23
61 70 57
23 87 34
50 76 69
60 21 23
70 52 51
84 20 83
24 47 18
72 28 48
23 78 34
70 68 57
76 87 23
8 26 53
4 20 83
61 66 36
73 53 28
40 65 18
70 68 51
38 60 16
18 36 92
70 87 23
78 29 46
22 0 94
48 30 52
62 94 41
89 60 28
98 14 75
18 77 92
24 49 63
2 8 27
22 90 63
72 3 92
8 9 27
12 68 2
61 29 63
96 78 75
61 71 46
83 70 65
72 11 6
5 3 83
8 8 27
96 68 75
18 36 23
72 3 23
8 9 45
72 29 6
49 87 29
48 26 29
40 65 64
64 29 61
22 29 36
33 68 98
18 36 48
88 66 61
32 19 56
32 91 79
72 3 42
12 39 51
8 75 44
72 60 28
83 70 51
33 82 57
46 76 41
61 90 61
5 14 64
38 11 15
48 29 14
72 36 48
89 53 16
22 68 93
41 8 91
8 9 91
22 90 36
33 68 57
33 52 57
8 98 30
83 68 65
78 66 63
1 23 56
62 47 18
88 94 92
84 60 83
88 91 65
33 77 48
33 39 2
78 29 61
1 77 23
5 45 64
8 87 29
12 70 98
72 21 42
1 94 41
62 45 58
22 78 90
24 65 64
64 66 46
48 87 29
23 14 34
76 98 14
12 39 98
70 98 23
18 77 33
50 73 13
84 60 41
70 29 23
62 45 98
96 68 93
1 28 42
76 30 23
18 3 23
62 19 56
78 0 63
8 26 45
22 66 63
23 68 93
76 30 14
96 14 75
46 60 13
24 14 98
98 52 53
12 68 57
98 87 90
62 23 92
88 29 36
41 26 91
24 14 18
1 94 65
70 52 98
31 14 77
12 39 65
31 66 90
70 26 14
1 21 33
98 87 75
64 71 63
75 52 44
98 9 45
89 29 15
32 94 41
46 73 69
24 45 63
61 29 61
88 90 61
98 75 27
73 23 56
48 26 23
40 65 63
72 36 92
24 45 64
72 21 92
31 78 34
98 14 93
49 98 29
88 91 41
4 3 41
12 82 2
83 39 65
73 23 79
8 87 23
40 45 64
5 65 98
5 49 64
41 52 53
40 47 64
8 75 45
98 66 77
60 3 33
1 21 23
38 81 16
8 26 14
49 30 14
60 21 42
83 39 51
38 60 23
38 53 28
5 73 69
73 53 16
89 29 23
89 29 6
1 62 65
70 52 65
24 45 18
41 9 44
73 62 79
4 73 83
64 0 36
24 14 63
89 60 23
96 14 77
23 68 77
8 98 52
49 29 23
49 29 29
41 52 45
32 62 92
70 26 30
84 73 69
70 29 14
22 66 90
73 60 28
84 20 41
76 87 52
41 52 44
70 29 52
12 70 2
41 47 58
70 26 23
61 68 57
96 66 77
88 71 61
23 78 93
70 39 98
84 60 69
78 90 94
1 23 41
73 23 65
73 29 16
88 90 36
73 94 41
96 66 75
49 29 14
98 14 34
62 49 58
72 21 33
5 45 63
78 71 63
8 87 52
96 78 34
38 53 16
22 66 75
40 65 98
32 91 65
1 23 79
8 53 16
84 73 41
61 29 36
2 26 91
18 21 23
98 87 93
5 76 83
88 71 36
8 81 6
61 82 98
1 19 79
33 28 92
1 91 41
31 66 75
73 60 6
98 26 45
48 98 52
5 3 20
50 60 41
38 29 28
33 21 42
1 19 92
48 87 30
62 65 98
33 77 92
32 91 41
46 60 41
83 68 51
8 52 91
2 9 53
61 0 63
70 39 51
89 81 16
98 52 44
8 29 28
61 68 2
61 52 51
60 28 33
72 81 28
33 36 42
8 11 6
98 52 91
88 71 46
98 68 77
22 71 94
62 14 63
72 60 15
76 29 52
62 65 64
24 47 64
73 11 23
48 98 23
98 9 91
46 73 83
31 78 75
62 45 64
48 30 30
2 52 44
62 19 41
40 14 64
73 19 56
8 53 6
8 75 91
12 70 57
83 39 57
48 30 14
98 8 27
88 66 63
40 14 98
60 3 48
75 26 45
96 66 90
46 3 83
46 60 83
41 65 98
88 23 41
31 78 93
78 66 94
78 0 61
1 21 92
38 60 28
12 70 65
8 52 45
5 60 20
73 94 79
1 94 56
73 11 15
1 62 92
98 66 90
75 75 45
40 45 58
2 9 44
8 98 14
5 65 64
24 14 64
41 14 18
75 8 53
76 29 23
89 53 28
46 20 83
32 94 56
8 29 52
5 45 98
8 11 15
75 8 27
72 60 16
22 90 61
49 98 52
33 21 92
70 87 52
75 26 27
96 87 77
61 0 61
48 26 52
46 73 41
23 68 34
64 90 63
8 11 16
33 77 42
8 30 29
41 49 63
32 19 79
72 3 33
88 90 94
49 26 52
48 98 30
70 30 14
2 8 91
78 0 46
5 76 69
62 23 56
5 20 69
76 98 52
96 78 90
98 87 34
70 29 29
22 29 61
5 20 83
62 62 92
41 9 53
41 45 58
33 3 42
24 49 98
8 29 29
5 60 83
24 65 98
61 90 94
40 49 18
33 82 51
4 60 20
88 0 94
18 77 23
49 26 14
96 87 93
33 21 33
64 66 94
84 60 13
23 14 77
73 23 92
41 65 18
18 36 42
8 98 29
62 14 18
32 94 79
1 21 42
70 82 57
8 30 23
4 3 69
88 19 41
72 29 23
72 77 92
64 29 63
33 3 48
73 62 65
89 81 23
72 28 92
62 62 56
49 98 30
2 26 53
76 30 29
96 68 77
41 75 44
62 45 63
89 29 16
73 19 41
72 11 15
49 30 29
72 53 28
62 47 98
41 47 98
89 53 23
73 81 16
5 73 83
88 94 41
88 23 92
62 47 63
96 78 93
49 98 14
22 14 77
88 91 92
41 26 44
76 98 30
46 73 20
62 47 64
96 78 77
61 29 46
73 29 28
8 29 15
5 20 13
41 75 27
72 81 15
48 26 30
38 53 23
8 60 15
61 0 94
64 90 46
8 60 16
24 47 98
41 14 63
1 94 92
61 70 2
22 29 46
2 52 53
32 62 79
24 49 64
1 3 33
8 30 30
12 52 98
72 53 15
22 0 36
76 98 23
73 91 92
62 47 58
1 62 41
70 29 30
64 71 94
89 11 23
22 90 94
98 78 75
72 29 16
24 14 58
73 62 92
12 68 98
22 29 63
64 90 36
38 29 16
4 20 20
96 66 93
1 3 42
78 90 46
5 49 58
12 82 57
5 76 41
1 62 56
88 19 65
1 23 65
49 29 52
5 45 58
38 60 15
70 70 65
24 47 63
32 19 41
78 66 36
22 71 46
40 47 98
88 66 46
1 28 48
5 76 13
