60 21 42
38 29 23
85 86 81
22 68 75
33 77 48
17 69 64
5 65 18
46 60 83
18 32 41
42 51 39
72 77 33
84 76 13
60 77 48
10 68 35
27 34 87
43 76 69
96 20 69
72 53 15
72 3 92
29 12 81
90 34 69
20 9 72
1 78 43
41 20 36
88 66 46
1 23 79
46 3 13
12 9 86
66 21 52
53 22 42
49 14 39
81 29 70
29 82 28
4 73 69
69 88 3
94 46 25
60 12 74
20 65 40
0 53 41
69 5 3
47 18 9
79 15 63
95 7 80
9 50 37
1 94 56
64 85 48
54 83 55
0 31 61
72 61 60
23 69 1
7 56 3
2 52 91
44 47 18
61 52 51
75 72 80
59 43 76
71 89 47
99 51 22
33 54 49
8 60 15
27 94 98
54 13 76
66 76 98
49 26 23
5 60 13
43 43 18
85 78 83
68 43 47
4 2 70
73 53 23
29 31 23
33 73 9
56 76 89
72 36 92
68 90 12
64 3 15
34 7 78
91 56 9
70 82 34
12 38 54
0 40 96
53 57 3
36 74 1
33 95 84
34 50 12
55 61 31
60 21 87
35 50 7
71 80 44
87 65 31
12 82 98
15 33 81
17 82 28
7 1 85
49 98 23
22 27 56
66 54 32
4 25 31
99 27 13
91 99 13
54 82 90
0 81 37
30 48 89
17 28 26
37 38 25
19 36 5
74 78 86
83 54 79
38 18 86
12 60 13
22 39 86
21 53 82
36 14 13
3 88 8
28 39 35
37 57 69
79 79 99
80 73 57
96 79 19
81 2 13
20 26 13
51 45 96
35 28 4
43 0 19
21 79 98
9 80 87
5 49 58
60 16 84
37 16 99
72 11 6
6 97 86
11 0 65
70 11 35
96 98 38
72 36 33
45 92 75
26 60 76
74 56 47
17 15 49
74 63 22
35 25 37
36 71 23
44 97 25
89 60 15
60 14 75
85 67 16
25 80 20
89 0 5
46 58 65
74 59 24
70 58 75
25 26 64
90 23 96
71 8 78
91 34 46
67 18 64
48 16 58
10 99 30
91 39 53
13 5 98
22 14 93
80 2 23
42 98 44
61 90 36
15 68 41
5 37 45
67 23 51
77 20 56
6 77 38
39 27 90
40 95 22
76 98 79
61 75 66
97 15 95
67 24 63
38 11 23
65 13 96
50 4 13
14 26 74
39 41 51
65 21 69
52 42 54
22 11 89
24 47 64
8 28 73
74 54 63
0 87 96
9 85 51
60 66 64
91 45 17
25 36 5
96 78 34
27 32 14
25 21 81
54 34 53
72 45 54
35 32 67
7 7 22
77 91 39
11 95 20
95 15 85
67 58 40
42 71 64
63 17 39
17 89 18
69 37 71
5 73 20
50 83 8
93 17 54
29 93 79
60 3 92
16 62 21
8 22 59
72 28 48
0 24 95
11 17 53
37 68 36
66 50 79
99 0 79
72 60 28
54 4 40
39 1 14
86 97 57
66 98 79
18 70 80
45 70 76
30 58 36
97 77 63
91 93 35
87 43 6
75 65 60
84 10 87
41 65 26
44 73 3
54 25 17
11 42 88
93 93 50
86 51 71
99 25 76
57 86 61
9 89 80
31 78 95
34 35 55
38 77 16
43 22 95
46 72 95
98 95 28
64 66 96
29 88 43
66 40 8
77 21 84
99 0 40
11 47 95
88 94 41
39 7 77
44 45 41
33 10 28
80 19 36
51 77 33
89 32 43
11 76 32
23 3 36
34 10 94
82 94 68
43 17 18
74 64 46
91 58 6
92 40 12
63 43 66
91 42 69
72 11 16
13 66 42
47 10 27
84 30 78
2 88 55
36 95 8
10 42 12
72 21 92
80 9 66
18 62 2
82 97 93
49 20 13
77 0 54
50 55 71
92 31 87
11 68 42
61 37 5
36 35 45
49 29 23
23 30 55
88 71 97
96 47 24
80 7 93
11 78 11
1 0 16
64 99 53
5 14 98
87 65 22
44 80 68
81 11 4
26 34 51
9 63 91
32 60 69
56 29 82
44 76 98
96 83 51
44 2 63
28 15 24
63 23 44
97 70 69
87 89 7
66 30 41
50 53 61
82 30 84
50 68 5
11 2 93
69 21 83
85 46 1
58 19 73
80 89 49
70 56 11
90 0 40
20 93 57
37 73 1
59 38 47
85 27 22
57 9 80
38 10 63
12 82 65
63 51 6
42 36 95
56 32 19
12 92 8
62 71 10
5 34 52
83 39 2
50 3 3
76 31 76
29 40 76
69 1 33
77 31 73
11 28 77
69 97 35
47 30 39
90 48 20
74 79 94
49 98 52
15 53 73
97 44 98
60 10 76
49 84 50
54 33 85
80 95 88
54 27 80
55 92 54
62 20 79
80 34 53
50 65 44
61 42 28
62 45 98
85 97 27
70 86 15
46 3 69
29 81 37
8 73 40
97 36 52
98 61 84
15 91 47
70 36 43
35 11 70
43 41 76
72 20 75
17 46 90
45 23 53
35 50 4
32 51 45
88 76 90
68 27 5
77 61 25
83 98 13
37 53 7
3 19 29
33 30 95
32 5 9
81 33 2
7 86 73
90 78 24
7 0 1
91 59 6
5 27 13
28 42 22
95 51 65
86 9 47
62 60 9
49 62 25
96 80 43
89 31 78
84 86 29
25 23 70
25 69 4
97 85 13
9 76 87
20 51 67
71 89 26
62 33 72
51 92 43
51 73 15
29 50 31
94 20 49
1 95 2
40 97 11
68 46 78
22 95 39
63 42 58
89 81 6
92 44 56
81 0 96
45 19 70
17 33 86
68 84 35
65 74 45
12 1 86
51 84 30
32 55 15
19 84 43
5 13 48
43 10 15
36 35 17
1 15 11
59 3 95
20 66 9
17 64 49
82 11 1
80 51 42
74 28 49
41 56 13
59 43 28
41 46 53
43 88 90
70 24 57
19 69 29
38 23 49
5 24 26
26 29 78
4 3 20
13 8 71
75 24 67
55 69 2
86 63 92
0 68 90
41 49 58
86 86 17
92 66 2
71 73 18
92 35 65
70 30 29
59 32 81
76 21 99
88 8 89
60 1 26
34 92 32
56 74 98
82 88 28
14 58 69
2 24 58
21 47 43
38 6 30
88 68 14
64 37 81
92 82 37
77 19 98
31 37 74
54 65 40
79 76 37
17 13 88
24 49 58
49 14 68
92 75 71
12 86 83
50 73 41
12 23 50
85 78 2
43 16 73
84 37 38
34 37 22
79 18 12
79 97 23
84 48 59
98 75 81
60 96 67
14 47 89
44 74 88
35 2 4
63 1 85
86 58 4
59 16 87
23 78 75
40 91 87
27 20 80
49 78 43
75 4 72
30 19 51
30 73 10
31 79 50
43 78 56
67 89 0
44 54 38
51 16 7
24 53 13
20 87 3
26 16 47
64 60 31
14 3 35
93 37 72
37 43 47
67 92 57
57 99 50
32 0 94
43 30 82
85 90 43
52 74 83
99 61 61
43 96 1
43 32 65
77 93 79
88 8 41
94 21 0
50 29 46
87 93 48
18 4 70
17 40 35
7 60 57
64 73 61
6 72 57
28 55 96
61 16 6
35 87 67
70 84 33
77 65 19
88 62 81
31 94 7
44 30 65
19 52 25
42 67 88
25 49 31
61 72 67
93 56 31
7 74 55
93 50 80
98 99 45
69 73 80
23 70 17
86 63 72
10 98 79
17 69 53
64 30 9
40 75 14
13 54 31
89 34 38
55 75 94
89 89 2
97 46 91
37 65 17
68 47 36
4 63 28
17 55 48
11 94 82
22 78 77
84 89 33
48 41 93
44 4 88
35 94 45
60 3 42
99 77 17
66 34 87
73 89 67
37 38 17
48 35 73
95 59 84
31 53 10
46 81 45
27 36 17
14 84 81
31 64 14
7 38 85
62 19 91
1 60 74
68 71 51
9 82 70
57 10 61
62 51 39
27 98 59
15 68 33
76 98 23
86 33 17
34 42 36
27 91 0
41 3 19
61 78 7
50 23 19
78 90 36
44 21 41
55 7 13
25 40 92
77 73 50
99 65 1
78 86 14
88 22 87
95 83 92
86 63 89
12 76 78
64 75 32
71 74 97
79 6 75
49 21 64
83 86 43
74 6 22
4 33 29
49 0 72
16 79 69
50 87 7
31 43 10
65 12 12
38 60 23
20 71 69
56 49 67
66 55 19
22 30 59
59 18 2
37 62 31
45 63 5
68 48 70
55 17 25
47 98 98
2 35 31
67 27 71
77 11 0
28 58 79
64 87 89
28 80 28
85 32 63
4 89 53
28 21 98
81 28 96
88 70 99
63 13 25
1 41 79
34 79 91
7 71 54
68 2 36
94 30 55
72 69 10
18 1 96
41 49 65
69 16 97
50 85 47
42 27 56
51 14 14
56 22 1
72 86 5
23 61 20
65 48 88
84 59 88
12 6 14
74 50 65
2 51 71
33 83 86
21 83 10
35 63 9
34 0 65
5 68 37
15 12 34
76 75 22
13 34 87
48 5 87
63 73 92
93 17 11
43 96 43
25 94 21
71 13 51
40 47 82
57 18 17
30 80 74
6 71 55
80 40 33
65 19 75
40 5 72
31 95 19
70 97 8
10 73 29
25 70 63
6 14 6
12 82 2
86 76 83
6 77 66
83 96 67
81 86 75
89 40 89
20 29 4
80 77 9
0 76 5
27 52 36
88 86 6
95 66 9
75 53 29
56 16 57
11 40 60
46 43 59
7 64 45
66 89 16
99 2 99
84 23 91
30 16 75
11 80 97
24 93 4
82 30 28
28 62 48
75 93 75
97 26 15
63 35 87
30 34 8
7 49 61
11 26 20
79 1 91
47 4 9
59 21 0
69 99 69
28 4 51
70 82 51
17 36 83
85 49 65
0 10 4
59 83 95
83 66 81
88 41 19
26 79 67
2 64 57
69 79 32
10 84 34
69 54 32
92 61 48
41 80 53
59 33 80
8 41 82
52 52 21
13 15 82
84 58 93
39 92 64
79 43 96
4 43 91
98 55 16
2 77 40
8 5 33
44 82 9
53 34 44
1 94 55
44 91 12
19 37 99
14 39 52
92 89 32
81 11 48
3 81 50
25 7 50
15 67 38
22 92 93
26 52 18
62 67 26
50 35 14
82 42 63
34 91 56
43 33 75
31 3 88
0 31 60
8 97 69
47 83 33
77 25 95
46 46 27
72 90 84
23 51 3
22 93 50
78 5 72
87 91 95
90 78 76
73 11 90
93 88 96
1 75 50
51 81 24
2 34 5
96 1 95
58 96 22
72 84 59
96 63 75
93 58 56
87 12 67
8 79 81
14 41 48
85 64 23
54 37 21
81 36 30
37 78 89
26 76 91
40 16 92
21 53 94
60 7 73
30 70 73
13 76 77
10 16 10
33 39 65
8 16 70
8 97 77
25 77 40
41 49 78
57 36 34
53 50 39
15 72 17
77 43 12
76 75 47
3 23 52
67 79 75
80 39 65
80 79 31
65 39 30
8 7 23
69 25 41
93 32 61
0 19 23
97 55 15
10 92 43
66 66 7
76 6 6
66 52 4
0 48 24
76 62 65
96 24 1
44 89 52
89 4 74
88 80 33
89 81 53
59 1 96
5 48 69
86 7 4
63 12 80
1 28 23
95 67 81
60 4 51
42 49 35
55 29 37
33 92 3
68 46 47
58 54 36
33 3 92
85 12 68
95 13 75
16 50 5
37 17 93
19 30 9
77 98 78
99 84 56
28 21 73
52 0 59
46 27 36
8 25 40
21 59 89
38 69 42
2 52 44
88 7 90
49 22 59
39 96 22
48 31 84
50 46 85
98 8 53
75 55 38
23 40 44
5 9 30
64 99 74
71 36 16
52 50 91
78 29 61
78 60 95
1 24 73
2 18 23
18 33 81
9 86 69
55 42 32
21 94 53
16 1 7
85 44 65
81 24 91
72 36 50
57 25 2
9 35 61
76 75 98
4 34 47
7 87 77
56 89 98
39 94 86
93 29 57
2 83 26
28 15 91
49 48 30
23 95 18
51 71 49
33 31 43
7 56 28
59 73 83
62 24 45
12 64 18
66 70 87
31 43 78
94 93 66
16 39 98
35 69 21
41 37 95
42 84 42
70 29 30
82 45 99
48 26 83
65 47 0
25 87 69
22 75 23
42 70 38
7 85 12
30 2 14
0 36 85
21 96 60
33 50 83
38 39 87
96 78 97
72 49 46
49 87 59
9 89 70
40 83 15
87 25 17
41 2 14
23 74 50
75 56 84
98 90 42
76 5 86
26 42 10
98 72 44
28 89 22
39 29 15
43 13 17
77 64 31
77 57 60
14 31 4
46 49 51
28 27 15
0 56 24
17 53 43
20 0 87
56 99 73
91 78 37
30 68 53
6 39 5
40 77 17
12 66 30
98 94 94
24 65 64
54 41 12
99 99 86
83 82 58
44 80 50
2 75 28
2 91 65
34 44 31
7 43 8
33 10 20
39 81 76
57 86 34
14 39 82
28 20 31
78 58 62
1 95 94
51 75 13
92 50 89
29 42 79
85 54 93
87 9 55
99 99 32
21 82 53
82 19 9
37 18 60
41 30 15
73 68 8
56 83 80
67 98 78
28 73 88
65 83 16
84 25 32
30 29 9
84 74 73
63 84 12
49 57 48
35 3 1
88 61 12
4 13 6
89 57 61
5 40 30
65 87 23
