32 62 41
33 77 33
96 87 93
40 65 98
98 87 77
31 78 77
24 14 58
72 3 33
76 29 30
62 62 65
24 45 18
89 11 23
72 11 23
73 53 15
73 81 15
41 65 58
98 52 44
61 82 2
60 21 48
41 47 64
49 26 23
88 19 65
5 20 83
73 60 23
89 60 28
8 60 23
5 49 64
24 45 63
88 62 92
84 73 69
72 28 42
61 68 98
50 60 83
49 98 52
8 53 23
40 14 63
49 26 29
22 68 77
75 26 53
98 8 27
75 9 27
83 70 98
40 49 18
8 29 15
89 29 23
41 14 98
61 82 51
12 82 65
78 0 61
46 60 20
33 68 98
31 14 90
32 19 92
70 82 57
5 76 13
98 68 77
38 60 28
73 11 16
23 66 93
61 90 46
23 66 75
73 19 65
72 81 15
22 68 93
61 82 65
8 29 6
2 8 27
72 81 23
62 91 41
8 60 6
73 29 23
84 73 13
72 28 23
48 98 29
48 29 29
18 28 92
46 20 20
1 94 92
70 87 30
78 0 36
4 76 20
38 29 15
18 36 23
8 11 23
98 87 90
88 0 94
1 21 42
49 29 29
12 82 51
8 87 29
48 29 23
64 90 94
98 68 90
50 76 41
1 3 92
73 53 28
78 66 94
2 26 44
70 52 65
61 82 57
12 39 98
1 62 41
75 52 53
41 65 64
23 66 90
22 29 63
98 78 93
70 52 2
73 29 6
41 9 44
84 73 20
78 90 61
88 94 65
8 52 53
18 28 48
5 65 63
88 90 94
98 26 91
72 53 28
96 78 93
48 87 52
4 20 41
88 19 41
18 77 23
41 75 45
62 62 92
2 75 44
78 90 46
41 49 98
48 87 30
78 90 36
72 29 16
88 94 92
23 66 77
76 87 52
48 87 14
76 26 23
24 65 63
72 36 23
64 90 46
12 70 65
62 65 64
5 3 41
76 29 29
8 30 30
33 36 33
84 60 13
33 70 57
73 53 6
23 14 75
98 52 91
64 66 46
88 23 56
1 77 42
32 19 65
62 19 92
8 60 15
8 26 45
2 26 53
60 77 42
83 52 57
40 14 18
61 68 51
8 29 52
32 62 79
33 68 2
70 68 2
38 81 16
72 28 33
40 49 58
61 70 65
5 60 69
8 75 44
61 90 63
88 0 63
1 28 23
60 77 92
70 30 30
23 87 34
78 71 46
98 14 93
72 11 6
64 0 61
31 14 77
49 87 14
31 66 34
61 29 36
62 94 79
98 14 34
22 66 93
70 70 57
8 52 91
76 26 30
75 8 91
70 39 65
98 26 45
72 21 92
5 45 63
78 0 46
73 23 65
88 71 61
70 98 29
50 3 69
62 65 18
8 98 14
49 98 29
50 20 13
72 28 48
5 20 41
41 45 63
23 14 34
73 62 41
64 66 94
72 36 92
83 52 98
33 28 23
75 26 44
22 71 63
83 39 65
5 20 69
40 45 58
8 30 23
98 52 45
61 90 94
83 82 51
75 8 44
88 71 46
78 29 61
76 29 52
31 87 77
73 62 56
33 36 23
2 8 44
83 70 65
75 52 45
62 49 63
41 47 63
73 11 23
98 87 93
31 87 93
12 39 65
8 11 15
62 91 92
1 28 33
33 28 33
33 70 65
41 8 27
60 36 42
50 76 13
78 66 61
62 23 41
8 8 44
31 87 90
12 52 65
88 29 46
5 45 18
62 49 18
98 87 75
41 26 91
62 49 98
72 77 48
50 73 69
46 20 13
49 26 52
70 98 30
40 45 98
89 81 23
41 49 58
76 26 29
78 29 63
48 29 14
8 75 45
50 76 83
60 36 33
22 87 34
22 90 63
96 66 93
41 8 91
89 11 28
84 60 69
72 11 28
32 91 92
73 94 56
33 21 42
98 14 77
12 52 51
60 28 33
5 49 18
4 3 41
8 81 28
5 47 64
5 49 98
4 60 41
49 98 30
38 29 23
89 81 16
62 62 79
72 36 42
22 29 36
73 23 56
88 66 63
33 36 42
40 49 63
24 49 58
1 21 92
61 39 57
40 49 98
62 23 79
88 90 61
1 36 42
24 47 58
5 65 64
33 39 2
73 29 28
8 87 52
32 62 92
72 21 42
4 3 69
32 91 79
5 60 41
23 14 93
48 30 23
88 62 41
83 52 51
62 65 58
5 20 20
33 36 48
88 29 61
60 36 23
12 70 2
73 91 79
12 82 98
24 45 64
48 29 30
64 66 61
18 3 23
41 52 27
70 52 98
50 76 20
33 28 92
89 29 28
70 30 52
88 91 79
73 29 16
33 21 92
2 9 45
73 60 16
61 68 57
88 71 36
49 26 30
12 68 57
72 11 16
88 66 61
5 76 20
88 19 79
64 71 94
41 9 53
4 60 69
62 45 63
62 62 56
1 28 92
8 8 91
5 14 63
1 91 41
1 77 23
88 0 36
96 78 77
2 9 27
5 3 69
73 60 6
60 28 23
22 29 61
49 30 14
75 75 91
61 70 2
78 71 61
72 53 23
98 75 91
31 78 34
5 73 20
96 78 90
72 77 42
22 68 90
60 36 48
33 52 2
70 70 65
76 98 23
84 76 69
22 78 77
24 14 63
89 29 6
8 53 6
98 68 75
8 26 27
24 65 18
73 91 65
33 52 57
33 68 65
98 26 44
98 66 90
50 60 13
23 87 90
72 3 23
89 81 6
61 71 63
60 77 48
62 94 56
72 81 28
50 73 41
76 98 30
4 3 13
40 47 98
12 68 65
41 14 63
60 21 23
49 30 52
49 87 29
1 36 92
72 77 33
41 65 18
1 19 56
88 29 63
32 94 41
5 49 58
88 23 79
41 47 18
88 62 79
98 9 45
73 11 15
41 49 63
22 14 75
64 0 46
62 47 63
32 19 79
76 26 52
5 3 13
1 23 56
31 14 93
33 82 98
8 81 23
62 23 92
5 45 64
89 60 16
73 60 28
18 36 33
8 30 14
46 73 69
2 9 91
83 68 57
76 29 23
62 94 92
98 68 93
83 52 2
50 20 69
22 29 46
1 28 48
61 70 51
84 76 20
18 77 92
41 26 27
72 60 28
1 94 41
75 75 53
75 52 27
98 66 77
73 19 41
78 29 36
24 45 98
78 90 94
4 60 83
41 14 64
5 65 98
46 3 41
72 77 92
64 29 46
49 26 14
5 76 83
8 8 45
88 90 46
22 71 94
8 81 6
1 91 92
83 70 2
96 87 90
40 14 98
60 28 92
83 68 65
31 78 75
41 45 98
96 78 75
98 66 34
73 11 28
22 66 63
73 91 56
61 66 94
8 9 53
96 14 34
5 60 20
32 62 65
78 90 63
64 71 63
83 82 65
22 0 36
50 60 69
5 60 83
32 94 56
8 26 23
40 47 64
38 53 23
5 45 58
84 20 41
8 26 44
89 53 28
62 91 65
22 90 46
84 3 69
32 19 56
33 82 65
88 0 46
8 11 28
72 60 6
31 87 34
64 29 36
61 71 94
1 21 23
83 39 98
46 73 13
8 26 91
72 11 15
1 91 56
98 52 53
89 53 6
84 20 69
60 36 92
40 47 18
50 73 20
23 68 34
83 68 98
62 45 18
96 68 75
2 75 27
33 77 23
38 53 16
89 11 6
96 87 77
8 98 30
70 87 14
5 76 41
62 49 58
32 23 65
64 0 94
33 28 48
62 94 65
72 3 92
89 60 23
22 14 90
61 66 46
38 81 15
22 68 34
89 60 6
75 9 91
8 26 29
32 91 56
33 39 98
40 47 58
22 78 34
24 47 64
89 53 23
22 78 75
72 60 23
76 87 14
49 98 14
73 81 16
8 29 30
62 65 98
40 45 63
2 52 91
22 0 63
33 77 48
61 39 65
48 26 14
84 20 83
12 68 98
70 29 29
84 76 83
24 47 98
50 20 41
60 77 23
8 87 14
96 66 77
78 0 63
8 87 30
24 65 58
84 20 20
64 66 63
22 66 46
32 23 79
18 21 23
83 82 98
4 3 20
18 3 42
8 81 16
89 60 15
61 0 63
12 70 57
61 71 36
83 70 57
70 68 51
89 81 15
50 3 20
31 78 93
1 36 23
61 66 36
73 62 65
8 8 53
33 52 98
96 14 75
2 75 91
24 47 18
64 0 63
1 62 56
98 8 91
84 3 20
60 3 42
98 8 53
50 60 41
88 94 79
1 77 92
75 9 45
5 65 18
73 60 15
64 90 61
23 87 75
41 26 53
61 0 46
4 76 69
61 68 2
61 70 98
62 47 98
1 36 48
4 73 69
70 70 2
98 68 34
33 3 48
61 0 36
8 52 27
33 70 2
1 28 42
46 73 20
70 39 51
38 29 16
41 9 27
62 45 58
70 82 98
98 66 93
32 19 41
98 52 27
2 52 53
62 14 64
88 91 41
96 68 77
50 73 83
31 68 93
1 19 79
8 98 29
72 53 15
8 29 29
60 3 92
18 36 92
61 52 57
32 94 65
1 62 79
2 75 45
73 81 6
8 29 23
70 29 14
22 29 94
38 11 6
98 78 75
98 8 45
73 91 92
70 52 57
22 68 75
22 90 94
38 11 23
83 82 2
4 76 83
48 30 29
41 65 98
64 29 61
64 0 36
12 70 98
62 94 41
89 53 16
73 94 92
22 71 61
4 20 13
64 90 36
88 29 36
88 66 36
72 21 33
40 45 18
5 73 13
8 9 45
33 39 51
41 49 18
4 73 83
40 65 58
48 30 30
50 76 69
72 53 6
49 30 23
72 3 42
75 26 91
60 3 23
18 21 42
33 21 48
1 19 92
61 70 57
61 90 36
40 49 64
8 9 91
98 75 44
64 71 61
50 20 20
4 73 20
96 87 34
61 66 61
33 3 23
50 73 13
62 47 64
48 98 52
22 66 36
89 29 16
46 3 20
23 68 90
78 29 94
5 3 83
12 68 2
33 77 92
18 21 48
1 94 65
70 39 2
46 73 41
88 91 65
41 9 45
1 94 56
2 26 45
73 53 16
5 73 69
23 78 77
40 65 64
38 29 6
4 76 41
24 65 64
83 39 57
8 9 44
70 82 2
23 78 93
41 47 98
70 39 98
41 75 27
5 47 58
72 29 6
73 81 23
18 77 33
49 29 23
73 62 79
4 20 69
2 8 53
12 70 51
41 75 91
49 98 23
76 87 29
70 87 23
38 29 28
48 26 29
88 23 92
84 60 20
61 52 2
8 26 52
46 76 69
98 9 91
33 39 65
5 76 69
70 70 98
33 68 51
61 90 61
8 26 53
18 21 92
61 52 65
70 98 14
61 52 98
62 47 58
83 68 2
1 3 42
83 68 51
48 87 23
24 49 63
8 30 29
24 14 18
62 14 58
41 75 44
22 71 46
12 39 51
24 14 64
84 3 13
70 26 29
46 76 83
24 65 98
22 66 61
98 14 75
38 60 6
4 60 13
8 98 23
31 66 77
33 28 42
22 87 93
33 70 98
1 94 79
1 36 33
22 87 75
76 26 14
70 29 30
73 11 6
70 68 65
5 65 58
49 30 30
8 75 27
32 23 41
98 78 90
50 3 13
76 87 30
41 52 44
24 49 64
78 66 46
33 52 65
41 45 18
41 8 53
73 94 65
62 14 18
88 62 65
98 9 44
76 29 14
31 68 90
83 39 2
18 77 48
38 11 15
18 3 33
41 47 58
1 3 23
61 0 61
98 9 27
22 66 94
61 29 94
89 53 15
41 45 58
75 8 27
62 19 65
22 71 36
22 14 77
1 23 65
61 66 63
62 19 56
18 28 23
60 3 48
33 21 23
72 28 92
41 9 91
72 60 15
18 3 92
46 3 13
33 82 57
12 39 57
48 30 52
5 14 64
8 81 15
88 29 94
62 19 79
72 29 15
33 39 57
2 52 44
98 14 90
96 66 34
12 52 57
70 70 51
84 20 13
8 52 44
46 20 69
49 87 23
88 19 92
23 87 93
8 30 52
78 29 46
41 45 64
38 60 16
5 47 98
31 68 75
73 81 28
70 52 51
49 87 52
31 66 93
48 98 30
8 87 23
5 60 13
96 78 34
22 90 36
64 71 46
72 21 23
33 68 57
84 3 41
96 68 90
41 52 91
75 8 45
49 30 29
38 81 23
22 87 77
72 60 16
12 52 98
61 29 61
46 20 83
32 94 92
62 23 65
70 30 23
33 77 42
83 82 57
23 14 90
84 60 41
75 9 53
62 14 98
41 14 18
75 26 45
48 26 23
70 26 23
76 98 14
40 14 58
38 81 6
73 19 79
70 87 52
60 28 42
23 68 77
12 68 51
96 68 34
22 14 93
88 23 65
98 87 34
98 26 53
1 3 48
8 75 91
84 73 83
61 71 46
75 26 27
41 8 45
88 71 94
22 66 75
18 28 33
38 11 16
64 71 36
18 77 42
12 82 2
23 14 77
1 3 33
64 29 63
78 66 63
18 21 33
70 98 23
22 78 90
49 87 30
98 75 53
72 29 23
24 49 98
75 75 44
24 47 63
83 52 65
50 3 41
8 53 15
84 60 83
98 78 34
70 26 30
41 75 53
96 14 77
88 71 63
46 73 83
62 47 18
49 29 52
75 75 45
73 53 23
84 76 41
5 14 58
8 98 52
88 90 63
48 29 52
96 68 93
4 60 20
38 60 15
46 76 13
89 11 15
98 78 77
61 82 98
78 71 94
