2 75 44
88 91 65
32 19 79
23 14 34
72 21 33
4 73 69
1 36 42
64 90 36
62 19 79
8 29 14
8 30 14
41 47 58
8 53 16
40 45 98
8 30 30
23 87 93
70 39 57
1 19 56
72 3 42
31 87 90
12 70 51
62 14 98
61 0 36
84 73 13
83 70 2
24 47 98
73 91 79
76 30 52
38 29 16
32 23 92
75 8 44
24 65 58
73 53 6
5 49 58
64 71 46
72 77 42
8 26 29
1 62 79
88 91 41
70 87 23
48 87 23
75 52 27
61 29 63
84 76 13
4 20 69
48 98 52
18 3 33
84 20 83
98 66 93
32 91 79
64 29 61
38 11 28
88 0 36
31 78 75
31 66 77
1 3 33
78 71 61
5 20 41
72 21 92
62 65 58
23 81 92
83 82 98
81 22 67
8 26 27
89 60 28
76 87 29
73 70 29
4 3 20
8 11 6
8 81 16
50 20 41
89 29 16
24 14 64
84 47 71
73 91 56
29 10 75
2 9 91
72 36 33
5 3 69
24 65 64
98 75 91
32 19 92
8 29 29
75 75 91
41 49 98
83 70 57
72 81 23
41 45 98
5 73 83
70 70 57
46 73 20
24 47 63
48 87 30
5 65 18
61 52 57
5 49 98
67 15 92
70 98 23
50 60 20
61 70 65
8 26 45
23 87 75
62 19 56
19 79 5
12 24 74
98 9 27
6 33 43
70 26 29
71 68 3
12 82 51
41 47 98
70 30 23
6 12 56
7 39 21
46 60 69
39 19 3
40 45 63
84 60 20
0 61 92
91 43 84
34 78 59
28 20 59
98 8 45
62 94 41
25 18 73
48 87 52
72 60 23
74 61 59
1 23 79
49 53 29
5 74 43
30 76 14
4 12 99
64 90 61
61 39 2
59 27 59
9 7 75
10 36 45
33 90 88
90 54 13
83 68 65
78 0 46
59 86 55
70 36 63
48 29 14
89 60 15
84 60 83
72 60 15
33 3 33
64 0 36
81 73 5
76 86 46
48 30 52
14 66 67
8 53 28
99 48 42
18 41 89
18 77 5
8 60 23
64 75 72
62 91 92
62 34 33
22 14 90
85 32 2
47 58 10
76 62 24
39 34 41
40 47 58
78 29 46
60 3 33
61 82 51
84 73 83
37 87 31
41 75 45
73 91 92
8 18 9
72 64 63
1 67 37
61 66 36
47 93 99
2 8 27
37 22 90
60 98 40
33 52 2
57 12 83
1 62 41
92 10 63
23 93 98
75 47 21
3 25 38
49 30 14
2 8 91
22 90 94
52 85 88
83 19 50
10 93 40
57 3 48
8 29 6
46 3 69
88 71 36
29 29 23
90 19 80
5 47 58
58 64 61
70 39 2
75 26 91
84 60 13
98 78 75
38 53 28
96 77 64
50 73 13
60 39 78
96 78 93
80 86 96
5 60 41
37 18 37
8 60 6
88 19 92
73 19 79
70 98 29
66 82 42
9 98 81
53 95 35
1 3 48
65 38 59
11 33 96
15 84 83
82 52 36
31 14 75
98 44 25
56 6 86
4 97 98
70 82 65
70 39 98
20 38 75
95 42 12
50 20 83
78 29 61
89 11 16
75 66 18
26 47 75
8 26 53
31 77 34
8 75 53
52 63 69
73 11 16
71 46 73
46 3 41
31 66 93
30 53 50
44 27 82
72 53 15
59 85 76
60 77 23
63 63 18
48 52 2
30 55 81
83 52 51
62 19 92
19 55 53
1 62 56
21 39 23
89 60 6
41 8 45
65 1 73
59 33 2
61 52 2
23 15 2
36 8 6
29 52 4
35 33 79
67 70 84
7 94 59
79 53 84
47 27 98
44 71 83
54 98 60
97 48 57
2 37 23
77 38 96
73 13 11
41 47 64
41 88 78
62 80 27
56 19 46
73 6 1
61 82 2
5 45 18
62 98 70
70 29 23
37 53 32
38 60 15
8 19 35
78 7 27
73 91 41
5 45 98
96 87 90
83 39 65
82 55 3
12 20 94
63 73 24
75 78 90
38 41 25
41 86 19
72 53 16
88 0 61
2 21 19
56 29 37
59 30 41
21 67 96
84 73 41
92 86 38
24 2 15
64 72 91
65 88 81
72 12 41
83 68 2
42 66 77
3 88 45
33 77 33
22 66 46
66 95 42
58 87 39
52 49 54
5 73 13
60 2 69
70 37 1
37 15 25
67 22 88
78 29 36
48 31 8
12 52 65
1 77 48
11 66 19
36 81 99
99 19 66
47 55 75
73 3 1
10 61 96
5 14 63
44 15 61
9 10 85
98 82 8
25 19 67
48 98 14
72 68 39
45 67 0
50 20 69
17 54 30
74 87 55
62 21 22
27 28 59
75 39 92
32 23 47
32 94 92
44 4 1
85 27 30
90 9 13
2 9 53
18 3 48
50 83 86
1 91 79
5 94 72
91 82 56
76 75 53
20 19 16
83 70 80
11 37 56
66 60 87
31 78 90
41 9 53
70 94 80
48 2 27
29 32 94
62 76 2
84 60 69
18 65 11
62 54 22
28 5 44
94 60 56
80 25 30
32 41 66
95 2 72
66 0 74
7 93 7
64 71 61
6 54 73
22 19 36
17 24 85
32 47 59
89 11 6
76 48 68
8 11 16
40 84 86
59 63 89
24 47 64
2 44 60
1 52 17
79 70 82
72 53 23
81 78 64
12 82 2
60 60 85
24 79 72
68 0 59
73 23 92
28 77 77
69 61 28
89 69 85
91 64 63
22 0 46
35 43 3
35 42 67
80 39 84
61 85 77
32 19 65
8 88 56
9 78 95
64 69 61
2 52 44
64 90 63
60 39 81
18 33 55
33 68 57
55 37 69
41 94 58
97 55 34
54 81 96
62 10 27
10 10 91
63 74 10
33 39 65
82 76 60
8 27 96
75 8 45
18 79 27
86 81 6
86 95 11
60 65 3
25 51 42
8 11 23
91 69 1
64 35 39
60 28 23
89 11 28
62 45 63
64 66 94
13 38 11
96 30 92
56 93 8
40 14 60
32 62 56
5 93 65
61 0 61
55 15 25
95 43 26
13 34 12
65 45 39
83 34 1
5 96 30
10 4 94
23 1 20
30 42 58
23 50 85
16 76 14
32 71 87
17 65 76
15 21 88
79 28 29
44 91 73
8 87 29
64 78 97
28 25 77
8 8 6
43 48 52
37 92 67
87 15 46
67 77 81
46 50 9
69 5 60
73 9 18
41 14 63
41 65 98
84 94 41
74 75 49
73 74 86
47 49 25
52 76 9
20 64 33
54 26 92
11 83 27
90 42 37
61 99 69
7 51 14
1 21 33
44 46 68
72 19 56
77 4 35
83 52 65
59 49 79
92 63 80
89 38 91
83 68 57
52 18 79
30 56 46
98 31 64
16 12 28
75 26 45
83 52 43
63 18 22
30 3 17
40 65 98
87 9 48
40 16 69
22 71 36
39 26 41
5 65 58
50 61 48
43 16 42
37 2 50
70 57 95
12 96 92
1 77 92
16 16 99
78 0 36
32 87 89
66 4 85
5 60 20
28 62 0
59 71 82
61 82 65
48 75 87
87 22 76
75 19 73
32 48 7
72 5 60
27 1 62
1 69 67
68 6 82
47 67 21
33 21 23
59 78 0
84 76 69
91 74 25
89 95 86
66 27 43
72 11 16
1 21 42
24 66 1
51 75 80
92 7 82
99 88 28
65 61 99
43 78 3
5 47 18
73 81 15
83 82 51
92 79 58
79 45 52
68 61 81
97 71 21
4 87 13
64 44 92
44 91 42
48 65 92
11 34 12
81 34 77
1 94 56
17 35 50
47 36 65
42 1 74
55 16 91
44 31 60
81 37 37
92 7 21
88 89 45
93 0 46
89 99 15
86 55 21
18 18 81
74 35 36
53 64 39
49 26 14
77 39 79
68 53 89
92 91 39
83 45 82
62 9 64
28 17 32
8 80 30
88 91 56
59 67 39
82 73 94
57 61 38
54 20 57
56 34 69
33 36 33
76 26 23
73 63 17
50 13 74
5 20 13
71 65 55
48 30 14
8 64 85
87 76 42
28 33 23
40 18 55
57 60 29
45 20 81
72 53 6
54 11 99
74 31 5
94 73 81
66 1 15
52 94 10
30 96 4
70 36 13
8 8 45
7 54 96
20 29 23
25 38 30
18 96 93
67 49 49
1 40 46
46 57 34
2 95 81
8 18 94
1 94 87
93 19 41
74 24 97
40 83 27
74 90 19
10 60 26
5 1 69
10 34 55
39 32 55
45 35 3
1 94 41
26 30 54
62 27 26
93 54 3
59 36 56
33 68 65
79 52 6
62 94 79
2 71 99
2 60 57
56 52 98
86 22 97
18 28 42
99 98 71
72 11 15
84 73 86
5 70 35
78 32 54
22 87 93
54 72 39
69 2 17
99 26 76
19 36 95
14 52 72
32 96 96
31 17 5
64 59 96
89 81 23
55 72 64
87 96 1
54 10 6
57 68 70
45 97 44
55 27 5
74 84 55
89 47 43
83 29 3
9 42 38
60 34 54
24 65 63
65 40 42
52 93 85
66 69 44
38 61 6
5 60 13
11 78 73
89 8 18
4 19 97
55 12 6
98 98 68
86 2 5
1 89 14
49 35 29
63 80 69
12 35 45
94 87 91
26 52 92
40 44 21
76 83 28
88 17 30
94 18 83
36 82 13
92 89 49
64 29 94
19 5 20
42 96 76
49 11 26
60 80 43
91 68 6
91 98 98
95 74 2
18 10 12
31 68 34
78 0 61
71 98 1
69 59 83
49 76 86
67 41 48
2 9 44
91 33 51
73 26 90
46 81 33
72 75 1
8 27 58
37 56 24
84 73 20
84 13 5
75 52 45
82 71 89
19 36 48
88 66 46
21 5 5
4 3 44
17 24 30
36 1 10
18 8 23
54 54 77
3 79 36
68 86 24
83 55 82
19 16 61
87 49 27
83 52 98
26 77 22
44 58 29
12 3 83
21 22 86
40 49 98
33 17 71
90 70 49
23 41 14
28 61 40
19 53 92
69 24 64
78 71 36
97 29 28
40 45 18
61 65 24
39 82 16
33 28 92
66 23 41
25 87 62
76 35 74
32 29 54
96 14 78
64 79 55
64 29 63
39 6 15
27 15 79
21 83 65
97 75 12
66 8 79
72 89 60
12 68 2
0 43 26
89 11 15
31 83 51
3 41 30
70 70 65
11 5 88
32 18 44
15 89 97
48 24 58
1 19 65
80 93 44
79 3 59
47 97 79
51 39 33
62 53 43
89 29 6
51 94 19
31 16 43
9 34 38
51 19 14
87 47 17
41 55 25
83 29 45
55 45 70
96 78 90
88 41 80
61 3 90
53 66 23
45 60 47
88 11 26
28 28 85
85 69 21
35 44 54
40 58 13
68 36 79
7 46 90
41 65 71
62 49 98
58 1 58
69 32 91
12 29 84
3 92 42
22 78 90
76 5 80
40 93 89
89 29 15
29 3 15
1 28 42
47 35 84
9 95 55
5 47 64
59 12 28
59 14 66
8 0 43
40 49 63
57 62 98
68 59 35
57 12 20
98 86 35
50 46 88
2 75 45
98 66 75
8 87 27
69 38 65
13 26 51
4 93 77
54 14 7
22 74 95
94 28 57
66 40 48
99 52 63
83 38 13
77 58 36
22 45 19
25 84 87
90 11 24
98 51 62
97 1 56
29 26 30
39 31 72
69 57 28
33 21 42
30 90 50
99 43 1
32 94 65
76 34 19
14 88 94
64 30 54
60 36 48
14 66 78
61 65 31
66 84 55
61 39 57
42 40 54
70 64 50
92 9 74
31 41 30
8 26 14
2 80 73
25 53 41
61 73 14
49 91 9
35 26 93
48 29 52
83 82 65
91 58 77
91 67 33
88 19 56
21 70 45
22 98 98
95 77 48
22 94 85
75 9 15
33 35 99
70 68 2
18 6 61
11 96 13
45 53 53
88 42 75
55 30 13
95 93 57
11 65 83
72 60 16
56 96 43
8 35 91
6 99 24
95 83 18
52 92 10
1 72 18
84 64 96
39 64 64
89 20 47
25 69 14
12 82 98
45 84 71
75 34 55
28 35 0
3 21 11
11 95 33
51 59 82
55 64 62
9 31 39
69 79 8
51 44 71
48 45 65
3 27 98
36 73 97
82 62 47
23 0 22
76 10 95
22 66 93
9 39 94
5 24 45
70 59 80
79 87 73
82 27 35
71 94 68
88 23 56
4 81 97
11 90 51
78 66 42
1 52 88
84 91 65
46 88 44
64 91 97
0 12 66
20 58 94
24 21 2
54 43 88
34 76 51
73 60 6
56 52 93
4 55 48
17 26 19
17 99 52
41 45 62
83 72 57
22 68 54
41 47 63
66 14 64
18 73 62
86 79 36
19 67 61
38 52 70
97 13 22
19 11 84
7 32 22
92 11 76
20 96 68
85 59 42
42 29 26
16 12 1
4 3 13
45 31 97
95 21 70
26 42 71
72 21 23
23 11 17
85 45 42
81 99 58
66 24 50
62 81 17
69 9 13
93 48 22
6 52 86
41 43 58
39 90 65
91 22 6
64 0 63
42 80 35
46 99 10
74 49 7
46 73 69
21 78 2
79 41 22
19 12 25
2 85 96
81 56 83
95 97 23
66 8 67
82 35 49
94 49 6
14 76 40
91 81 13
10 30 25
83 6 61
4 95 40
85 86 99
92 22 10
