94 20 51
77 44 71
39 41 51
18 52 98
91 6 92
74 4 18
27 19 54
91 67 6
7 53 61
56 6 29
27 98 94
25 87 26
71 64 36
77 10 49
26 52 24
28 20 50
71 99 70
34 21 98
57 18 53
69 44 18
87 78 57
37 14 27
88 11 56
54 79 29
73 68 30
57 75 1
76 46 50
95 51 51
68 27 14
53 64 77
33 14 54
21 51 93
81 43 93
43 3 99
11 57 15
52 61 4
99 5 34
3 84 15
71 90 3
76 7 13
40 17 27
76 88 73
97 88 68
24 21 48
57 99 97
40 33 32
36 4 62
93 94 96
87 64 88
11 14 38
96 97 32
7 64 42
54 48 72
37 34 27
39 8 87
71 4 32
1 85 6
32 31 30
52 50 91
75 78 45
42 20 33
30 52 21
99 31 47
34 86 27
30 14 79
93 88 24
77 54 49
12 55 29
32 6 33
12 21 21
26 57 86
39 73 51
81 74 7
60 51 48
86 80 63
76 49 57
35 86 51
52 12 71
9 72 58
0 99 35
77 12 15
25 15 77
49 87 20
25 0 20
54 94 91
99 65 9
91 43 29
2 31 26
7 1 22
64 69 32
92 79 6
30 79 9
92 26 91
95 54 90
68 72 37
62 56 89
60 48 86
96 39 89
27 44 38
95 36 96
91 73 44
30 5 74
23 13 3
80 46 25
62 71 92
31 6 84
18 1 42
72 29 38
99 54 20
76 18 30
69 85 79
71 53 46
56 79 32
32 69 95
56 75 61
44 6 2
75 68 51
14 87 90
33 35 2
36 31 62
8 86 2
54 11 73
8 23 41
64 31 50
24 36 75
49 27 46
0 55 19
84 83 6
76 39 30
15 57 80
32 35 11
80 46 96
80 46 3
8 59 73
77 33 40
19 1 15
97 67 20
37 79 75
16 99 93
61 71 49
13 39 56
20 87 48
86 51 87
54 74 84
79 48 6
93 99 5
17 98 5
85 73 90
77 16 10
68 74 5
51 84 74
19 20 48
7 85 64
27 80 89
8 51 80
60 66 49
59 17 0
25 74 90
78 84 0
83 70 25
35 91 86
86 65 60
69 35 3
56 77 29
18 83 94
16 14 45
56 21 12
64 94 46
91 31 35
94 73 2
35 94 85
27 25 7
48 70 88
1 29 48
14 44 5
23 30 18
4 82 67
64 77 21
84 91 76
35 57 2
50 42 15
41 64 90
32 78 9
8 73 64
81 21 98
32 87 24
23 16 99
21 15 78
57 78 16
31 26 36
98 25 53
34 95 77
48 32 0
76 64 21
11 14 86
89 30 99
88 45 84
35 69 46
27 97 65
61 90 86
76 48 42
77 49 45
21 74 82
46 19 5
92 87 84
88 18 47
29 30 39
62 86 90
12 38 4
18 52 80
84 89 5
58 24 49
82 70 53
24 40 20
18 52 48
92 34 98
50 55 97
16 58 32
97 2 52
4 76 76
33 76 68
7 21 18
85 81 54
60 48 47
23 58 41
46 84 21
12 77 92
29 26 9
64 12 40
85 4 91
95 14 27
66 98 25
5 7 24
66 95 62
23 60 70
95 36 54
89 45 76
11 14 51
5 43 9
55 13 23
91 57 0
54 56 74
18 39 48
33 76 6
37 71 20
45 2 68
18 31 83
63 72 26
67 12 0
47 23 51
3 81 69
71 19 50
93 25 32
25 73 24
28 53 8
2 25 44
18 67 13
52 4 51
22 78 13
79 92 93
29 71 2
81 13 37
86 58 16
44 48 31
11 65 85
34 10 91
39 86 3
23 8 11
5 81 26
1 91 89
47 86 31
94 49 77
58 98 76
78 95 63
92 70 49
72 40 33
0 98 49
74 36 9
91 2 75
90 61 98
31 19 32
69 30 66
62 12 87
16 53 6
12 56 52
15 93 95
2 31 79
62 50 24
50 16 58
82 77 50
0 80 48
11 12 69
47 28 16
77 29 85
67 75 99
3 44 80
56 87 6
34 68 65
59 24 65
42 4 89
56 97 1
84 77 1
36 15 98
94 74 98
99 67 62
67 81 80
84 50 8
60 78 2
80 64 89
99 6 54
44 29 23
23 4 81
64 98 10
27 50 53
81 75 84
88 13 55
82 4 54
11 2 71
60 72 22
63 97 79
52 51 28
38 62 15
56 51 81
55 78 94
26 91 15
32 60 58
32 89 38
41 26 54
89 58 61
26 8 19
51 11 23
52 93 59
67 18 24
40 77 48
1 3 32
62 11 45
61 21 35
56 6 3
31 25 68
12 13 38
39 9 91
71 43 37
2 45 6
46 68 66
14 2 85
62 86 76
53 23 35
0 97 79
84 3 51
99 34 51
40 39 32
20 64 38
76 88 90
95 37 34
93 94 68
5 53 63
44 41 51
5 5 36
17 95 63
77 1 2
61 57 55
72 50 80
34 57 89
54 51 71
93 7 98
38 74 45
43 16 83
62 60 69
88 47 84
37 52 97
67 15 89
66 41 94
91 37 72
52 92 17
39 5 59
15 63 29
25 38 22
62 89 51
97 27 36
59 99 16
30 33 19
61 78 30
70 74 5
31 49 48
12 19 7
76 16 66
92 94 91
47 20 51
41 72 33
16 63 94
74 92 73
65 78 39
98 42 16
15 73 60
3 55 37
42 92 80
97 17 0
74 85 85
69 15 63
53 23 34
59 26 11
26 59 41
8 86 86
86 41 96
98 1 81
16 91 35
20 4 48
77 99 89
37 25 19
90 82 91
25 13 46
12 75 16
12 72 35
26 6 50
62 90 44
0 91 50
55 32 31
73 7 0
14 30 82
86 49 91
10 94 12
41 70 75
59 75 64
44 20 31
30 93 69
71 27 66
47 31 23
6 76 6
64 55 91
72 58 86
8 15 68
31 96 84
52 96 38
17 0 18
90 94 76
61 45 29
57 58 68
27 10 89
97 5 83
31 38 2
52 61 82
97 66 41
72 26 21
69 74 91
10 41 16
1 43 50
42 62 22
7 88 52
51 15 91
43 15 86
27 37 57
70 4 6
98 0 23
93 57 85
80 64 39
74 48 73
36 59 5
92 6 24
24 63 64
94 55 70
91 2 48
64 84 93
62 21 64
96 30 81
10 76 46
49 38 3
40 16 3
77 51 33
2 12 45
75 54 31
80 79 38
18 41 82
76 0 67
49 45 59
65 40 26
50 41 60
39 39 19
53 81 39
48 56 36
15 72 66
87 77 48
96 1 8
97 29 65
12 4 70
57 98 1
9 41 76
93 9 44
57 59 98
20 78 15
8 71 78
31 14 35
29 14 99
36 71 11
39 55 6
85 76 97
34 45 78
39 70 37
89 86 94
95 27 31
13 64 29
45 16 27
16 76 34
47 23 31
27 94 68
81 94 75
89 90 71
91 61 38
94 55 89
30 9 47
43 39 10
99 5 21
17 28 29
67 24 90
16 3 8
85 55 4
64 20 20
30 65 37
29 27 89
1 23 86
73 35 83
29 56 95
79 10 2
73 15 36
60 89 3
12 56 59
89 74 21
80 85 88
1 22 52
14 25 45
98 72 78
10 56 82
6 17 27
30 48 81
16 4 42
10 19 15
95 63 77
68 38 91
30 67 46
84 9 71
79 86 36
39 72 15
25 97 6
41 88 20
10 36 18
69 47 71
95 34 75
42 16 16
47 41 26
42 5 26
32 45 65
60 59 28
79 70 23
86 83 32
0 82 22
28 71 15
75 72 87
92 24 15
25 42 60
45 0 35
56 6 50
49 61 58
88 6 17
75 82 68
97 81 47
52 72 74
14 36 49
11 41 36
97 37 22
26 15 34
42 26 70
89 12 26
92 67 9
46 0 92
87 1 3
75 75 78
85 84 3
81 97 60
44 25 85
30 46 23
60 86 71
67 36 85
2 28 50
89 93 52
0 96 38
38 82 37
27 20 94
29 97 92
50 8 62
20 60 41
60 61 22
88 35 95
77 67 83
51 5 64
1 96 28
82 91 96
61 48 71
98 67 42
55 36 56
3 23 90
2 82 52
65 93 84
37 51 24
27 25 84
45 25 66
48 35 9
72 67 43
94 40 24
39 69 87
43 34 36
0 88 99
33 40 67
94 8 45
96 21 37
60 44 29
33 17 94
43 13 32
1 0 52
97 22 54
97 88 10
54 72 5
16 9 63
8 18 80
46 33 69
33 60 82
87 88 7
17 84 59
47 39 66
43 21 49
22 27 32
84 32 8
70 81 63
55 43 75
73 24 99
31 72 61
42 19 84
9 78 53
71 64 88
35 0 88
23 30 28
16 31 93
35 54 11
54 81 65
4 98 35
6 28 49
95 57 21
66 35 93
22 69 16
46 13 29
85 40 34
10 78 29
33 92 79
75 88 54
95 17 91
71 79 18
32 6 75
37 30 56
48 33 48
92 67 19
18 39 36
34 66 47
70 83 75
3 92 31
33 49 38
44 53 39
27 47 75
20 87 59
90 97 55
47 0 65
3 35 48
96 73 73
60 11 29
66 44 12
57 50 73
53 60 89
85 49 9
85 41 6
23 5 64
63 91 71
91 97 76
5 51 60
52 69 37
29 54 16
21 32 94
11 2 76
81 78 37
84 34 93
26 27 87
50 87 47
17 5 6
73 77 92
56 70 51
12 96 29
42 14 33
62 60 72
75 10 92
46 25 86
44 64 55
54 43 9
83 83 29
22 13 53
4 93 76
6 57 89
11 51 51
5 63 34
8 44 52
2 4 94
40 51 94
29 40 39
90 56 33
95 64 19
94 15 6
39 85 35
90 65 33
68 20 45
26 34 41
68 87 63
17 28 59
14 91 6
1 37 14
85 65 10
5 73 8
16 8 34
41 17 11
60 98 1
43 89 78
18 98 9
40 67 26
28 64 8
2 77 14
5 94 23
24 67 98
51 54 19
53 46 37
72 37 26
28 81 43
77 26 97
40 88 20
1 41 57
40 25 10
68 54 66
34 18 19
26 14 2
92 96 77
45 94 55
17 34 16
72 59 4
15 3 6
87 11 26
22 52 33
95 89 19
64 34 90
86 20 74
25 99 0
99 44 61
0 48 81
56 94 8
95 10 21
30 88 59
45 27 2
76 10 94
26 86 36
67 33 62
20 55 16
91 9 14
96 40 38
99 98 58
17 12 24
92 17 91
11 6 80
45 59 9
19 9 4
92 18 33
39 78 52
53 10 45
49 74 90
14 49 98
98 58 16
27 43 4
51 27 87
57 97 50
30 16 78
8 53 98
50 27 65
10 19 28
4 23 58
54 67 21
65 46 49
17 11 0
23 37 61
69 90 27
98 58 96
70 16 1
78 4 53
9 25 24
34 0 82
21 15 38
68 23 86
45 91 98
88 61 79
70 5 94
80 12 14
16 16 88
72 22 73
22 30 95
48 1 8
5 61 68
72 77 69
87 6 71
89 83 45
26 46 67
11 86 15
9 83 23
74 63 51
76 80 32
67 18 53
74 57 45
55 50 50
30 29 3
78 82 57
21 65 94
96 53 65
14 76 94
65 55 65
90 28 53
61 1 22
58 78 72
54 92 98
56 65 1
70 43 93
74 84 2
46 5 76
6 9 63
96 77 52
86 85 30
12 5 83
1 36 77
90 94 90
20 84 96
57 15 82
46 42 2
38 47 48
64 50 36
71 91 90
8 25 14
28 27 48
96 42 99
6 3 76
38 3 24
51 63 16
52 60 2
95 86 9
1 10 64
39 48 12
18 99 2
26 61 20
64 99 6
53 82 47
33 67 30
35 66 90
96 88 43
83 12 8
20 76 71
28 35 9
84 0 72
58 41 58
75 48 64
66 67 15
36 10 71
78 84 15
43 95 9
57 7 7
17 27 57
70 73 35
49 14 5
98 8 30
97 27 91
84 2 0
63 37 19
53 61 2
77 92 59
52 39 73
9 28 66
4 81 50
90 54 52
62 95 73
96 8 50
94 15 43
22 49 54
99 10 4
87 39 68
15 86 86
61 84 66
79 27 82
49 6 76
73 90 63
14 99 68
98 94 16
40 79 42
44 63 31
27 86 26
11 58 43
55 61 57
61 36 68
80 58 45
89 50 66
18 22 4
42 91 48
61 90 38
65 36 43
85 67 17
29 33 16
72 39 14
1 27 90
38 56 71
9 42 6
18 67 50
11 85 86
22 97 37
82 92 12
93 23 93
89 85 59
5 86 72
64 57 73
24 98 35
49 10 4
94 64 96
70 75 66
46 4 88
16 69 34
41 37 20
88 98 11
60 50 79
7 31 69
81 87 46
10 12 83
94 0 92
7 43 67
55 10 22
14 91 64
73 79 99
69 23 40
92 22 29
6 54 14
49 1 60
52 67 69
93 86 1
35 51 2
0 73 64
64 0 81
37 70 85
11 2 8
23 73 5
23 81 80
40 69 64
45 9 32
56 90 72
20 39 13
4 23 25
23 21 93
41 14 81
23 16 5
42 59 92
43 93 38
55 14 70
80 15 37
47 7 77
84 99 74
67 43 57
25 99 25
42 81 48
4 88 14
15 1 45
37 61 67
26 51 19
11 78 87
9 91 21
47 99 6
94 7 55
61 64 50
41 88 69
79 60 50
98 80 2
52 96 25
87 91 88
50 13 17
32 21 81
67 98 97
39 15 52
57 31 4
83 37 92
31 31 98
15 73 98
81 43 20
73 61 42
3 59 5
81 5 7
89 74 77
77 21 4
60 70 84
19 64 63
