37 64 94
11 8 16
81 10 1
61 14 34
81 64 94
42 87 28
5 81 26
31 6 54
73 6 92
18 52 48
12 6 29
7 19 65
57 71 94
27 49 65
98 24 75
82 22 52
94 86 51
10 97 84
26 57 80
11 91 51
37 37 27
95 37 90
53 23 51
86 58 16
94 20 51
18 37 34
98 14 68
37 64 20
25 87 6
47 27 37
95 23 31
57 10 49
82 41 52
24 10 49
11 97 26
34 39 41
7 49 65
44 86 38
91 54 86
5 81 36
94 86 37
53 15 67
77 10 49
57 14 16
95 20 37
47 51 9
47 20 31
24 46 41
39 22 3
12 5 76
22 19 37
31 6 84
93 8 96
5 81 72
81 75 94
57 43 94
42 20 37
53 46 67
42 86 35
11 8 96
81 10 20
91 36 90
98 24 30
12 97 1
18 36 54
81 43 93
42 20 9
56 77 1
34 39 36
26 91 15
80 22 52
26 14 2
12 97 92
27 97 84
73 77 83
34 67 36
8 57 51
8 91 86
53 46 51
18 34 27
24 52 98
86 94 16
27 19 48
22 97 84
95 34 86
37 54 34
11 41 26
56 6 83
53 22 51
11 14 30
5 81 28
18 21 41
43 67 98
57 10 93
94 27 31
46 81 28
12 97 83
42 27 35
91 77 1
95 23 37
35 51 15
39 15 67
82 46 38
10 19 48
91 36 34
43 67 36
86 14 30
11 57 51
25 41 72
31 49 48
11 94 16
53 41 52
77 71 93
44 15 3
46 87 6
53 22 38
18 36 27
94 51 9
91 6 83
91 55 83
8 91 80
42 81 72
95 36 90
39 22 52
46 97 26
26 57 15
80 22 51
93 94 96
11 51 2
91 36 27
5 5 72
11 5 6
37 36 54
61 54 27
81 75 49
37 34 90
56 97 29
18 34 34
94 20 9
43 52 36
53 51 9
98 8 68
12 55 92
22 19 48
24 10 94
93 24 96
37 75 20
82 15 52
42 87 6
15 57 80
39 41 38
53 22 67
26 86 80
11 41 36
56 55 83
31 19 84
39 46 38
11 94 30
42 41 26
5 41 36
18 52 36
42 86 9
73 5 1
15 14 51
47 20 35
82 41 67
10 97 48
57 43 1
81 39 41
91 14 34
53 46 38
98 94 96
42 97 26
8 91 2
37 71 94
43 21 71
95 27 51
15 51 2
53 15 38
11 5 36
43 52 71
95 36 54
24 71 94
11 24 30
11 81 36
11 57 80
34 67 48
57 75 1
53 20 37
35 51 80
27 32 84
8 14 2
5 87 26
56 77 76
81 71 1
22 97 48
11 86 2
73 6 83
24 10 1
11 14 68
82 41 51
94 51 37
91 97 92
47 51 35
10 97 65
42 97 6
73 97 29
7 6 37
95 54 86
57 10 94
25 81 26
91 6 1
93 94 16
46 77 76
11 51 80
24 75 20
46 41 72
47 20 37
43 52 41
35 86 15
31 32 65
37 37 86
18 54 90
42 87 26
10 49 48
22 49 84
57 75 93
37 37 90
42 5 28
25 97 6
44 46 51
95 14 90
7 32 54
18 37 54
15 51 86
94 86 35
47 51 51
18 36 90
22 49 65
47 86 37
98 94 75
35 91 51
57 43 49
93 14 96
24 10 93
26 51 80
93 58 16
31 19 48
35 57 80
77 71 94
11 81 72
37 34 27
53 51 31
81 43 1
86 94 30
42 51 37
25 81 6
73 77 76
61 37 34
86 14 96
24 64 93
7 49 37
27 49 37
91 77 92
12 6 76
46 6 92
11 87 36
81 46 98
35 57 51
37 64 93
82 15 51
18 37 86
11 24 96
46 55 1
39 41 67
18 39 48
73 5 92
34 21 98
61 36 86
24 75 94
81 71 93
56 5 1
35 14 51
57 58 30
39 41 52
39 22 51
8 14 15
12 97 29
39 15 38
46 55 76
39 86 52
91 55 76
81 67 48
24 39 71
31 49 54
42 41 6
77 71 49
44 86 67
11 57 15
24 39 98
61 34 54
34 21 41
46 6 29
81 64 93
98 24 68
8 86 86
95 86 31
10 32 84
25 41 6
15 14 86
91 5 1
39 86 3
47 27 35
44 41 3
95 23 9
18 39 98
37 36 86
43 39 36
34 21 36
57 14 68
24 52 48
73 77 92
11 94 68
93 24 30
80 86 3
35 14 2
82 41 3
34 52 48
5 97 36
42 97 36
47 51 31
24 67 71
22 6 37
11 14 51
7 19 84
73 5 29
27 32 65
24 46 71
15 14 2
34 46 36
43 52 98
42 97 72
15 14 80
39 15 51
53 22 52
46 77 83
61 54 54
42 23 9
81 43 20
11 86 51
39 46 3
43 21 48
24 46 48
98 58 75
86 8 30
61 54 90
81 46 48
37 34 54
31 19 54
37 14 54
11 86 86
24 39 36
24 75 93
82 41 38
18 52 71
5 87 28
12 77 83
53 20 9
26 14 80
81 71 20
57 58 16
81 10 49
80 46 67
81 43 49
31 19 37
91 54 27
34 21 71
53 23 37
91 55 1
91 37 90
57 8 96
91 14 27
7 97 65
47 23 31
80 41 67
91 6 76
10 19 65
98 24 16
25 97 72
7 6 54
81 21 36
11 5 28
11 57 86
47 86 51
46 97 76
10 6 37
42 5 36
81 67 36
12 55 1
95 20 51
81 52 98
11 97 36
26 14 15
57 64 94
77 75 93
37 36 27
81 67 71
12 6 92
44 15 67
61 14 54
44 15 38
98 14 16
44 46 67
25 97 28
18 21 98
81 39 36
80 86 67
22 6 84
93 14 16
7 6 84
42 51 35
77 71 1
57 71 49
11 8 68
77 64 49
82 22 67
46 97 28
81 75 93
11 24 68
42 97 28
80 15 52
34 52 36
57 24 68
73 55 76
11 14 75
5 97 6
18 54 34
53 27 9
47 23 9
34 52 41
31 6 65
57 8 16
18 37 90
25 5 72
26 91 2
86 24 68
81 52 36
47 51 37
26 57 86
46 87 26
80 41 38
53 23 35
24 52 41
24 39 48
81 71 49
24 21 36
46 97 29
95 51 31
18 39 71
18 14 90
37 34 34
95 20 35
12 55 76
86 8 96
81 21 71
91 34 34
24 43 93
94 51 31
15 57 2
57 43 20
93 24 16
7 49 48
95 54 54
12 77 92
7 97 48
5 97 26
27 19 54
91 77 76
56 5 29
56 97 1
93 24 75
44 41 38
95 34 34
18 14 34
77 10 1
42 20 51
25 81 28
82 86 51
31 97 37
46 87 36
10 32 65
98 58 96
24 43 94
53 27 31
24 67 98
27 32 54
46 6 1
5 81 6
86 58 96
11 91 80
42 81 26
11 58 68
44 41 51
22 32 84
35 91 80
93 24 68
53 86 52
25 5 28
80 15 67
91 36 86
73 55 92
25 5 36
43 46 41
11 87 72
11 57 2
93 8 68
42 20 35
57 71 20
8 91 15
11 14 96
11 81 26
46 5 72
5 5 28
34 46 48
26 51 51
39 86 67
80 41 52
18 36 34
80 22 38
91 34 54
11 41 72
81 67 98
18 34 90
81 39 48
37 10 1
35 57 2
57 71 1
12 77 76
81 64 49
98 8 16
53 15 3
8 86 2
43 46 98
44 22 3
56 5 76
86 94 96
42 23 31
11 94 75
94 27 9
95 51 37
34 67 41
42 23 51
86 8 75
47 27 51
34 67 71
22 6 65
26 51 86
93 14 75
15 57 51
94 27 51
42 86 37
15 91 80
39 22 67
31 49 37
56 77 83
94 27 37
8 86 15
95 14 27
53 86 67
18 21 48
11 87 6
11 8 75
57 8 30
22 32 54
91 37 54
18 46 98
95 54 27
27 6 84
61 36 54
7 32 84
61 54 86
22 97 54
43 21 36
37 10 94
86 14 75
24 75 1
53 20 51
91 37 86
24 21 98
91 37 27
12 55 83
44 15 51
27 97 48
5 5 36
73 6 76
98 8 30
57 43 93
18 14 27
24 64 20
53 27 51
95 37 34
47 23 35
80 46 3
24 43 49
46 81 72
42 51 31
53 86 37
98 94 30
46 81 36
91 36 54
95 14 86
91 77 29
93 8 75
73 97 1
43 46 71
81 52 41
11 58 75
77 71 20
94 86 9
57 64 20
91 34 86
80 46 52
35 91 86
11 58 16
11 14 16
95 86 35
39 86 51
56 55 29
24 21 71
37 75 93
27 19 84
8 86 51
5 87 6
47 86 35
57 94 68
18 67 98
25 97 36
43 46 48
24 43 20
57 94 16
86 58 30
57 8 68
8 91 51
73 5 83
34 21 48
10 6 54
95 37 27
18 54 54
86 8 16
27 97 54
57 14 96
39 46 52
39 41 51
31 97 48
8 51 80
26 91 51
81 64 20
12 5 83
95 86 9
11 97 72
5 41 6
80 86 52
53 51 51
10 97 37
61 34 34
53 41 3
7 32 48
37 75 94
56 97 76
82 46 51
27 6 48
56 6 76
53 23 9
46 5 76
15 91 51
11 51 51
37 71 49
10 6 84
5 97 28
86 58 68
11 87 26
15 57 86
57 75 94
34 52 98
12 55 29
95 37 86
46 41 28
12 5 29
61 36 90
86 58 75
61 36 27
95 86 51
95 34 27
61 14 90
10 6 48
81 21 98
93 8 16
42 81 36
57 24 96
91 5 92
8 57 86
42 41 72
26 51 15
24 71 49
91 5 29
47 20 51
42 51 51
44 22 51
94 23 37
57 75 49
93 58 96
37 43 20
26 86 15
42 86 51
22 32 48
53 86 35
12 6 1
91 14 54
42 87 72
22 19 65
42 86 31
94 20 31
10 49 65
94 23 9
37 64 49
18 46 41
22 97 65
80 46 38
11 14 86
5 87 72
57 64 1
91 97 1
86 24 96
26 91 86
39 41 3
11 86 80
18 34 54
7 49 84
53 86 51
46 41 6
35 14 80
8 86 80
95 34 54
18 39 41
18 14 54
95 27 37
37 75 49
42 27 51
8 14 86
95 27 31
26 14 86
11 87 28
15 86 80
22 49 54
43 67 71
42 23 35
82 86 38
93 94 75
7 6 65
26 86 86
57 10 1
24 71 20
18 14 86
42 27 37
73 55 83
31 19 65
39 15 3
37 71 1
7 97 37
11 5 26
42 23 37
95 23 35
91 5 83
43 52 48
18 52 41
11 97 6
8 14 51
53 86 9
46 77 92
46 77 29
18 52 98
57 71 93
27 49 84
73 5 76
22 97 37
47 86 9
43 67 41
44 41 67
56 77 29
11 91 86
35 51 51
31 97 54
34 46 98
91 54 34
42 51 9
15 86 2
39 22 38
47 23 37
53 22 3
91 55 29
81 46 71
91 14 86
18 54 86
37 54 86
26 86 51
22 32 65
81 10 94
24 71 1
91 5 76
7 19 48
47 27 9
46 97 6
91 54 90
12 97 76
56 55 1
26 57 51
94 20 35
57 94 75
80 46 51
31 32 84
11 81 28
57 64 49
56 55 92
24 46 98
34 39 98
37 10 93
46 5 92
73 77 29
73 97 83
56 97 83
27 32 37
11 81 6
73 55 1
61 37 27
95 54 90
18 54 27
10 32 54
7 49 54
53 41 51
25 5 26
35 86 80
46 97 1
57 14 30
37 14 27
15 91 2
81 43 94
37 14 90
44 22 67
73 55 29
43 46 36
27 6 37
81 39 71
95 20 9
82 86 67
11 41 28
15 51 51
42 41 28
11 58 96
25 97 26
18 39 36
81 46 41
35 51 2
44 22 38
37 43 1
27 32 48
46 41 26
11 24 75
46 97 83
10 19 84
12 5 92
11 58 30
93 58 68
53 51 35
24 52 71
18 67 48
22 6 48
37 71 93
37 10 20
35 86 86
82 46 3
53 46 3
44 86 3
26 14 51
47 23 51
46 5 83
47 86 31
22 49 37
24 39 41
10 49 54
77 64 20
25 87 72
37 71 20
43 39 71
34 46 41
11 51 15
56 6 29
77 75 20
98 8 75
25 87 28
24 64 1
42 20 31
42 41 36
81 52 71
22 6 54
27 49 48
43 21 98
46 97 92
25 41 26
8 51 15
95 51 35
43 39 48
22 32 37
46 87 72
57 94 96
56 5 92
37 37 34
73 77 1
25 87 26
34 46 71
11 94 96
61 37 54
77 10 93
43 67 48
95 51 9
10 32 37
82 15 3
77 43 93
37 36 34
77 10 94
5 41 72
95 51 51
81 75 1
12 77 1
86 24 30
98 14 96
77 64 1
34 67 98
44 86 51
53 15 51
5 5 6
22 19 84
95 14 54
61 54 34
24 67 36
53 27 37
15 91 86
18 46 48
34 39 48
98 58 30
73 97 76
37 10 49
77 64 93
26 57 2
11 97 28
35 14 86
57 8 75
57 58 68
11 86 15
24 52 36
8 51 2
93 14 68
27 19 37
86 94 68
80 15 3
91 6 92
46 77 1
44 46 38
35 14 15
24 46 36
11 5 72
91 97 83
80 15 51
35 91 15
42 87 36
95 23 51
47 20 9
82 46 52
7 32 65
31 32 37
8 57 2
91 77 83
35 86 51
15 14 15
53 51 37
94 51 51
56 55 76
18 21 36
98 58 68
7 19 37
82 15 38
82 46 67
37 75 1
53 86 31
37 36 90
94 20 37
42 81 6
25 81 72
77 43 20
56 77 92
46 5 28
