93 8 68
53 86 35
37 14 86
18 37 90
11 14 68
91 6 92
73 6 92
26 91 80
35 57 2
18 46 98
26 57 15
44 41 52
7 49 84
91 6 76
12 55 92
22 6 37
35 91 80
95 37 86
22 32 54
94 20 51
42 51 51
11 58 30
42 86 51
24 46 41
10 19 54
57 24 96
95 51 31
8 51 15
37 14 54
61 37 90
81 46 36
93 94 96
47 51 35
57 43 49
27 49 65
98 8 68
81 46 48
47 27 31
35 51 80
73 55 83
95 86 51
57 58 30
37 34 27
11 57 80
42 87 36
35 91 86
81 71 20
11 97 6
18 39 71
10 97 65
46 6 83
77 43 94
46 5 76
95 20 9
93 94 30
37 34 86
7 49 54
42 87 28
11 57 2
26 51 51
24 10 93
57 58 16
37 10 94
95 37 27
77 10 49
43 39 41
91 37 54
24 67 36
11 94 75
27 97 54
91 54 86
18 37 34
5 81 6
61 54 54
37 43 20
81 21 41
31 49 48
25 41 28
18 67 48
61 36 34
42 5 28
39 41 3
44 86 38
98 24 96
11 14 30
61 36 54
86 94 30
24 43 1
82 22 38
81 52 41
11 97 28
43 52 36
44 15 3
12 5 83
37 36 27
18 46 71
46 41 26
61 34 54
91 37 90
73 97 92
81 75 49
43 46 48
98 94 68
31 6 54
81 46 41
24 10 20
39 86 38
15 57 51
42 41 26
37 64 93
35 51 51
80 41 51
18 21 98
81 43 49
93 24 96
37 54 90
35 86 2
10 97 54
25 87 26
86 94 75
24 52 36
18 36 34
77 43 20
18 36 27
11 14 96
80 22 67
46 5 1
5 5 26
24 46 36
81 75 1
53 46 3
31 19 54
37 36 54
5 81 28
24 64 1
7 6 37
95 86 31
18 36 54
11 57 15
37 14 34
27 49 37
42 87 6
53 46 38
93 58 68
61 14 54
57 75 49
39 22 67
42 23 9
81 64 49
53 15 52
18 34 34
24 75 49
31 6 65
53 41 51
10 49 37
94 23 9
39 41 52
18 14 27
53 46 52
57 58 75
27 19 65
46 97 92
98 14 96
18 52 36
53 20 51
91 5 76
57 24 30
10 6 48
91 55 83
53 51 37
56 97 76
81 10 49
18 54 54
53 86 9
11 91 86
42 81 28
93 14 16
42 23 31
31 32 84
11 24 75
31 49 54
31 6 37
26 86 80
5 87 72
8 14 15
57 43 20
95 54 90
95 86 37
98 24 75
44 41 67
57 58 68
37 36 86
25 41 6
34 39 48
98 58 68
82 46 51
53 15 38
24 71 1
34 21 36
42 23 35
46 81 6
11 87 6
12 97 1
18 14 54
82 15 51
42 41 6
57 10 93
57 8 96
57 75 1
11 81 72
77 71 94
5 5 72
53 86 3
53 86 38
82 86 38
7 97 48
15 57 15
27 97 48
39 46 67
56 77 76
95 34 54
8 51 80
24 67 98
47 51 37
26 57 2
12 97 29
24 21 71
11 97 36
53 15 3
12 55 76
8 57 15
8 14 80
42 20 51
80 15 38
43 52 98
37 43 94
44 46 52
43 46 98
98 24 68
37 34 34
11 41 6
18 54 86
86 8 96
42 81 72
73 6 29
46 77 29
37 64 49
91 34 27
5 81 36
11 5 28
80 22 51
24 75 93
61 37 86
47 27 37
24 75 20
11 86 2
94 23 51
91 36 90
37 54 54
34 67 71
81 67 98
39 22 3
27 97 65
56 6 29
22 49 48
7 97 65
53 23 37
26 86 2
82 86 3
10 97 48
61 54 90
34 46 71
94 86 31
37 54 34
98 14 75
37 43 49
61 37 27
53 86 67
80 15 52
81 39 98
31 32 48
5 97 36
61 37 54
31 19 84
86 58 75
91 37 27
35 57 15
77 10 93
34 52 48
91 34 34
7 49 65
31 32 37
80 46 38
11 41 26
35 91 2
11 24 30
81 21 48
34 46 41
42 81 36
7 32 54
10 49 54
82 15 3
91 77 92
80 86 38
31 49 84
37 37 90
81 46 71
25 87 36
37 34 90
57 43 1
81 71 93
5 97 28
57 58 96
77 10 1
80 46 3
37 10 1
73 5 83
46 41 6
35 91 15
91 77 29
25 81 72
91 97 92
25 97 28
37 37 54
86 24 75
34 67 98
7 32 84
35 86 51
10 49 48
37 10 49
81 75 20
37 71 20
26 91 51
46 55 1
44 86 51
18 46 36
34 67 36
27 6 48
12 55 1
11 91 15
37 14 90
22 19 54
10 49 84
11 24 68
77 64 20
94 27 31
94 27 9
44 86 67
42 23 37
91 14 27
27 97 37
82 46 38
39 86 67
34 39 71
91 5 83
95 23 37
93 58 30
46 6 1
34 21 71
91 37 86
24 46 71
86 14 16
43 46 71
86 14 68
57 64 93
8 86 51
98 58 75
42 97 36
46 81 28
24 10 94
37 54 27
98 58 96
91 54 27
53 41 38
7 32 37
43 52 71
18 52 98
77 75 94
56 55 1
5 87 36
53 86 52
27 19 48
46 87 72
82 46 67
24 39 98
11 87 36
27 32 48
56 55 29
82 86 52
80 15 67
34 52 36
10 32 84
8 86 2
47 86 31
5 41 28
26 14 2
46 87 36
95 54 34
11 58 96
25 81 36
39 46 52
44 46 67
12 77 92
35 14 51
57 94 30
46 87 28
24 39 41
18 67 98
61 34 34
73 5 29
81 67 48
53 23 35
25 81 26
24 64 94
73 6 1
10 19 48
43 21 71
56 97 29
57 14 16
37 37 27
24 67 41
46 77 83
24 21 41
7 6 54
95 20 35
46 41 36
47 23 51
82 46 52
86 58 30
56 97 1
25 5 36
43 21 36
5 5 28
81 43 1
24 75 94
11 97 72
37 10 93
11 91 80
27 97 84
42 41 72
47 86 37
34 52 71
53 46 67
44 22 38
53 27 37
61 34 27
37 75 20
46 5 92
11 58 16
91 5 29
39 41 51
42 41 28
46 97 76
46 97 1
31 97 65
35 51 2
57 8 16
73 97 76
15 14 15
86 14 30
91 36 27
56 55 76
34 52 41
42 51 9
15 91 86
15 14 80
18 36 86
42 87 72
53 27 35
81 75 93
91 14 90
39 86 3
35 86 80
35 91 51
42 20 37
57 94 75
22 19 65
42 97 28
31 32 54
98 24 16
77 43 93
34 21 98
53 86 31
34 39 98
95 27 51
61 54 86
43 21 98
57 24 16
24 52 48
42 23 51
56 77 83
22 49 37
80 86 52
73 5 76
5 5 36
31 32 65
22 32 48
43 67 71
22 6 54
24 71 20
26 86 86
93 14 30
53 51 35
94 51 37
81 71 1
39 46 3
31 97 54
10 32 48
12 77 76
37 75 1
15 86 51
7 19 48
95 34 86
98 94 96
95 23 51
15 57 80
24 71 94
10 19 84
91 97 1
94 23 35
18 21 71
61 14 27
91 34 90
18 46 48
42 5 26
39 41 67
57 64 94
57 71 20
86 94 96
77 75 49
44 15 67
93 14 68
18 14 86
91 36 86
39 15 38
15 91 15
46 97 83
98 8 75
11 51 86
53 20 9
73 77 29
10 6 84
47 20 37
26 57 80
77 75 20
91 97 29
73 55 76
24 21 98
93 24 75
81 39 48
8 91 2
31 97 48
34 67 41
8 57 2
95 14 27
57 94 16
46 5 72
37 71 93
82 22 3
53 20 35
98 8 16
81 52 48
22 6 84
46 55 92
42 27 37
34 67 48
15 86 15
80 22 52
25 5 26
37 64 94
57 75 94
73 5 92
98 94 30
56 77 29
26 91 15
25 41 26
47 20 51
56 5 29
22 32 37
81 64 1
91 54 90
56 77 92
12 97 76
8 91 15
27 49 84
15 91 80
11 24 16
8 51 51
80 22 38
94 51 31
11 91 2
77 10 94
80 41 67
86 8 30
80 22 3
24 10 49
81 71 94
15 91 2
77 71 1
18 34 90
81 75 94
22 19 84
11 8 68
27 19 84
53 23 31
25 5 28
57 75 20
18 52 41
8 86 80
5 41 36
11 94 68
43 67 41
44 22 3
10 32 65
42 97 6
24 52 41
11 41 72
86 58 16
57 14 68
42 97 72
81 67 41
81 64 93
10 19 37
81 52 98
94 27 37
44 41 3
86 94 68
34 46 36
43 39 36
11 86 15
81 39 71
39 46 38
27 32 54
18 37 27
39 86 52
37 75 49
81 39 36
46 81 26
91 77 76
7 6 84
56 6 76
44 46 38
98 94 16
5 5 6
53 46 51
91 14 54
98 14 16
91 5 92
42 27 9
80 46 67
46 5 83
80 86 3
18 36 90
34 21 48
43 39 98
81 43 93
18 54 90
12 5 76
25 5 72
11 97 26
11 57 51
57 75 93
81 10 1
86 58 68
73 5 1
86 58 96
42 86 35
81 10 93
94 20 31
37 36 34
10 19 65
12 55 83
57 24 68
56 5 76
86 24 30
95 36 34
8 14 86
24 46 48
61 36 90
56 55 92
37 71 1
10 32 37
27 6 65
22 97 48
31 97 84
94 20 37
93 58 96
81 21 98
11 8 16
94 86 51
57 94 68
46 41 72
11 86 80
11 14 75
53 22 52
73 77 1
46 6 29
42 81 26
47 27 35
11 51 15
73 97 29
98 8 30
11 5 72
24 64 93
95 51 35
43 67 48
46 97 36
15 14 2
91 36 34
53 22 38
11 5 26
22 32 84
26 91 86
47 23 37
7 19 37
57 8 30
95 37 90
15 86 2
77 10 20
11 14 2
25 41 72
24 43 49
94 20 9
7 6 48
82 41 38
57 71 93
24 39 48
56 5 92
47 23 31
11 81 36
95 54 86
22 97 65
57 14 96
7 97 54
12 5 92
81 21 71
46 97 6
11 8 96
95 20 51
44 15 51
57 14 30
98 24 30
53 22 51
15 57 2
18 54 27
77 43 1
42 20 35
5 87 6
46 55 83
26 51 2
80 41 3
24 67 48
46 5 26
43 46 41
8 14 51
37 37 34
15 86 80
39 41 38
86 8 68
26 91 2
44 86 52
57 14 75
53 51 51
44 15 52
39 22 51
57 43 94
98 58 30
46 6 92
42 86 9
42 27 31
53 27 51
61 36 86
27 32 37
80 46 51
94 20 35
34 39 36
37 71 94
18 37 54
12 97 92
56 5 83
73 97 83
47 51 51
8 86 15
42 27 35
53 51 31
15 86 86
11 8 30
93 14 96
61 34 90
47 23 9
15 14 51
80 15 51
12 5 1
81 43 94
24 75 1
82 15 67
39 15 67
93 14 75
22 97 37
46 87 26
77 71 49
81 46 98
27 32 84
31 49 65
95 14 34
94 27 35
53 27 9
39 46 51
53 41 3
10 97 84
11 86 51
22 97 84
18 52 48
91 55 29
24 43 94
39 86 51
94 27 51
24 39 71
46 77 92
86 14 96
82 22 51
95 34 90
95 34 27
18 14 34
24 21 48
24 71 49
7 49 48
22 6 48
15 14 86
80 46 52
86 24 96
42 5 36
47 51 9
95 14 54
26 57 86
5 41 26
11 14 51
24 71 93
56 5 1
91 34 86
77 64 93
95 86 9
8 57 86
56 97 92
25 5 6
11 91 51
25 41 36
24 52 98
34 52 98
11 5 6
47 86 9
98 58 16
94 86 35
94 23 31
91 34 54
43 67 36
22 6 65
95 23 35
25 97 36
34 46 98
46 77 1
44 41 38
27 32 65
22 19 48
11 87 72
61 34 86
43 39 71
10 32 54
57 24 75
43 46 36
26 14 86
7 97 84
46 81 36
42 51 37
61 36 27
12 5 29
8 86 86
47 27 9
44 22 51
7 6 65
25 97 26
37 10 20
11 94 30
91 54 34
44 15 38
47 51 31
42 97 26
18 67 36
42 5 72
5 81 26
46 97 28
37 43 93
18 21 36
11 41 28
46 97 29
44 22 52
80 15 3
26 14 80
24 67 71
81 52 71
81 67 36
25 81 28
18 52 71
39 15 52
35 86 86
11 24 96
11 94 16
43 67 98
57 71 94
11 5 36
34 21 41
95 27 37
5 41 6
44 86 3
56 97 83
93 58 75
5 81 72
91 97 83
18 46 41
11 81 26
57 64 1
86 14 75
77 71 20
11 14 80
25 81 6
27 49 54
47 20 31
10 6 65
15 91 51
73 77 76
11 14 16
10 6 54
46 5 36
61 54 27
47 86 35
15 51 15
61 14 34
25 87 28
18 67 71
53 20 37
10 49 65
18 39 36
73 6 76
46 5 6
43 21 48
53 22 67
77 43 49
94 86 37
73 55 1
11 81 6
47 27 51
12 77 29
37 64 1
61 54 34
27 6 54
39 22 52
11 8 75
42 5 6
91 55 1
93 94 75
95 86 35
82 46 3
53 86 51
26 86 15
95 54 54
94 51 9
37 34 54
77 64 49
26 51 15
46 5 29
42 86 31
77 64 94
22 49 54
53 41 52
91 55 92
15 51 86
91 14 86
24 39 36
42 51 31
5 97 72
31 6 84
57 71 49
80 86 51
93 8 96
94 23 37
31 49 37
56 6 83
24 21 36
7 19 54
57 8 75
18 14 90
46 5 28
26 14 51
82 15 52
25 87 6
95 14 90
25 97 6
53 15 67
98 94 75
35 57 51
