31 32 84
95 14 86
11 81 72
26 91 51
42 41 28
80 22 52
57 71 20
80 86 38
80 46 52
37 36 86
46 77 92
95 34 34
8 86 80
15 14 80
86 58 30
11 14 80
95 36 86
8 57 2
31 49 65
95 34 90
57 10 93
46 97 29
91 54 86
11 94 68
46 97 28
98 8 16
25 41 28
11 97 28
46 5 1
73 97 76
91 77 92
95 37 34
46 5 76
47 27 51
42 20 37
82 22 67
78 6 45
15 14 15
95 37 90
81 21 71
46 97 36
34 46 39
11 14 16
18 36 90
56 55 92
11 94 96
53 86 3
98 94 96
8 57 51
11 5 36
31 43 50
53 27 37
37 34 90
95 62 25
35 91 15
7 6 54
73 77 83
57 43 94
25 97 72
11 5 26
32 16 36
31 32 65
31 6 65
12 77 83
43 95 31
73 55 92
93 8 75
31 49 54
11 81 36
57 58 68
13 24 88
12 97 83
73 55 76
10 32 37
1 68 42
25 5 72
57 94 30
35 57 2
91 27 55
22 86 8
34 57 35
98 17 18
37 10 93
99 47 62
10 6 48
43 39 11
24 21 98
8 58 46
91 14 34
22 19 54
11 5 28
80 15 3
22 97 37
72 86 32
42 87 72
79 39 82
37 75 1
5 97 36
11 58 75
39 46 38
38 76 18
25 41 26
44 15 38
7 29 43
25 87 36
61 3 86
25 41 72
62 52 80
95 23 37
94 27 9
98 14 75
43 21 71
6 96 13
18 37 90
57 14 16
58 1 95
82 46 3
37 25 41
31 6 84
20 83 82
81 83 33
49 92 79
88 59 0
46 5 92
77 71 94
32 61 88
12 76 84
11 87 36
43 39 41
93 94 96
3 89 10
11 41 26
75 0 53
5 97 28
93 94 16
28 29 35
42 68 24
15 13 48
43 21 98
35 40 82
71 40 10
22 49 37
82 11 87
62 14 15
86 94 68
11 41 6
28 23 89
11 57 86
46 89 85
11 14 96
92 93 84
16 5 63
57 14 96
27 36 76
23 50 92
41 44 13
5 5 66
13 30 20
98 97 3
57 14 68
47 20 35
57 75 40
47 87 41
20 94 37
24 46 82
53 27 9
81 43 94
2 16 93
25 87 6
20 41 72
82 15 52
96 40 78
99 73 57
42 51 51
81 67 41
50 20 65
41 18 68
47 62 32
11 5 72
5 81 72
35 51 51
11 94 75
13 86 52
90 33 92
57 10 49
11 86 80
27 97 37
34 95 47
86 58 68
60 39 35
77 64 94
18 54 86
80 47 49
65 78 57
61 19 72
19 72 43
83 35 55
89 93 76
41 62 52
56 9 47
60 18 75
91 77 76
16 4 13
37 34 54
91 34 86
62 94 66
10 19 84
86 51 0
23 96 64
7 19 84
24 39 36
81 67 98
94 51 9
11 90 32
71 39 20
50 14 30
90 8 39
37 43 93
5 54 16
5 41 36
39 86 51
77 64 49
8 38 45
24 10 1
77 71 1
18 55 62
91 36 86
38 92 79
34 39 48
19 49 80
40 75 36
19 66 24
37 80 86
82 15 67
47 23 56
7 47 40
61 36 90
34 67 41
31 6 37
47 98 1
99 79 4
77 43 1
40 66 40
59 24 5
10 6 54
11 68 59
88 66 64
56 59 95
39 11 20
91 78 6
76 60 85
42 5 28
32 56 80
35 91 51
95 54 86
17 70 74
93 24 96
50 9 80
64 41 34
81 39 36
34 67 48
26 14 80
22 63 13
83 25 49
71 18 58
82 85 60
37 57 85
12 77 2
98 94 16
69 68 71
22 29 24
98 24 16
11 32 70
11 17 9
95 14 90
76 55 5
61 17 92
86 24 68
61 68 59
40 28 90
52 19 80
74 45 80
66 9 82
81 71 49
2 92 27
61 34 86
24 84 43
22 6 37
54 31 94
98 14 96
22 82 81
37 42 51
18 54 54
80 15 67
27 72 21
94 51 31
73 97 83
81 96 30
26 57 15
59 90 6
53 41 38
29 1 10
93 73 81
14 69 72
41 28 50
39 39 58
58 16 6
54 46 37
11 87 6
61 3 11
30 22 78
11 83 64
15 2 75
59 92 55
57 75 45
56 5 1
9 81 64
44 99 61
24 10 93
98 40 91
94 37 79
35 28 39
50 64 88
42 86 51
91 4 21
41 55 41
15 92 40
74 70 17
6 97 55
49 21 38
88 60 54
13 5 23
81 39 71
95 27 88
78 95 36
93 52 25
56 61 37
84 71 4
44 86 67
37 63 3
78 14 36
38 91 16
90 92 5
43 46 36
61 57 64
21 72 63
61 9 71
56 30 52
22 99 90
46 41 36
6 11 71
14 27 67
1 64 87
46 44 34
42 27 31
95 19 73
53 20 37
91 54 54
34 91 69
49 28 52
58 85 23
62 33 49
91 37 27
24 26 99
57 58 75
54 8 49
78 24 15
50 57 68
86 73 30
55 77 27
57 8 75
35 15 73
43 57 55
82 61 44
57 43 93
35 79 92
40 5 92
94 39 94
26 51 80
28 30 50
55 56 95
4 41 25
80 96 50
1 35 96
99 3 30
84 66 61
37 75 20
85 95 20
91 37 34
95 27 37
64 68 28
22 6 84
50 86 39
60 46 21
53 46 38
17 16 74
62 68 65
24 2 81
12 19 24
89 26 82
22 0 61
44 60 81
77 75 94
18 82 80
44 14 29
24 43 20
81 23 72
40 32 84
29 96 25
74 2 38
56 32 13
66 91 89
37 71 49
10 19 65
51 63 21
24 64 49
20 30 87
12 76 33
83 8 10
34 72 55
11 8 96
73 1 16
43 78 25
82 91 84
9 58 22
41 57 40
44 99 93
43 26 52
98 92 88
58 19 6
39 61 98
15 91 2
6 23 69
41 62 35
16 27 0
0 91 87
10 19 37
50 58 9
36 0 16
20 9 60
15 91 51
44 46 52
58 63 85
35 83 37
15 74 69
35 52 85
5 41 6
55 28 18
4 7 69
39 86 52
77 75 20
15 14 32
28 78 71
91 54 90
62 63 30
87 99 42
83 3 65
17 84 79
21 22 24
62 84 65
6 19 76
20 73 58
80 41 38
11 57 15
47 23 37
46 57 49
16 15 3
4 33 24
96 68 67
91 97 76
44 22 67
37 42 10
49 6 28
16 34 80
37 61 91
73 99 77
53 63 82
43 89 6
80 86 67
32 47 35
82 51 84
80 16 61
82 86 76
11 24 16
46 81 36
61 29 43
51 42 99
11 30 22
17 8 64
95 92 40
10 96 39
10 29 18
12 5 83
65 37 4
56 55 29
11 61 86
65 11 63
76 96 51
38 90 91
5 41 72
11 21 44
18 52 41
19 11 43
26 51 86
4 18 40
7 69 60
91 36 90
52 52 23
31 53 82
83 75 54
75 74 19
51 30 93
40 13 12
9 74 1
78 2 93
91 38 85
24 67 36
34 21 78
13 66 84
69 57 78
85 31 4
33 12 16
6 34 69
42 97 72
54 39 67
76 54 3
8 64 67
19 89 40
14 16 40
24 64 1
26 13 85
40 90 76
27 49 65
22 38 18
15 44 13
20 46 45
35 26 50
73 82 47
48 77 58
19 61 20
77 43 20
60 0 18
66 81 84
77 81 70
94 27 35
33 85 4
10 37 14
37 37 54
73 40 38
26 67 99
58 27 58
8 91 2
53 29 68
4 64 67
87 42 87
96 94 32
46 99 66
16 43 46
7 87 47
5 41 26
91 14 54
23 23 46
71 71 3
46 83 88
30 67 97
41 39 89
39 53 74
81 46 98
86 56 63
52 95 27
47 33 93
83 18 85
35 34 17
52 1 7
1 97 82
46 37 78
35 4 69
56 63 67
69 19 45
18 35 77
21 33 63
81 10 93
95 54 27
78 47 55
18 54 34
24 52 98
0 97 78
86 79 89
19 18 67
53 64 2
69 99 39
79 36 39
8 79 32
79 85 80
89 73 67
26 8 29
46 7 62
95 23 5
78 34 82
27 48 36
22 85 3
71 47 23
43 18 52
33 55 25
75 39 88
80 17 5
25 81 21
34 68 76
77 58 44
27 27 23
44 2 35
38 96 22
25 42 8
12 3 66
9 6 51
88 2 34
78 86 92
24 71 49
87 72 89
74 86 18
0 99 4
79 94 8
71 26 75
55 46 65
56 78 81
24 92 65
32 49 6
54 32 31
81 21 36
86 18 62
25 41 6
56 82 18
93 88 44
46 36 84
4 94 28
84 78 89
91 84 17
98 12 78
66 56 48
90 80 17
8 51 51
44 47 98
91 81 2
81 39 41
70 47 83
85 81 47
28 9 27
81 67 15
4 21 77
12 63 91
0 46 5
95 37 27
59 33 22
75 59 13
60 35 17
21 83 86
88 57 59
13 98 77
23 33 86
41 40 33
4 60 1
31 97 37
12 5 29
98 58 16
24 29 33
36 73 20
80 46 51
78 86 34
64 85 44
95 89 67
46 58 89
29 56 0
84 36 37
74 92 88
23 56 0
53 76 65
89 77 56
32 97 53
77 18 74
33 19 15
25 73 93
81 73 85
57 31 28
18 34 34
8 51 80
27 62 21
24 46 71
42 30 97
41 84 53
84 48 83
87 5 11
82 9 59
76 7 15
53 52 89
42 79 2
43 0 36
81 66 52
22 78 99
55 56 63
22 19 37
13 1 59
36 57 4
85 91 13
82 86 51
73 71 92
28 52 90
71 93 91
82 68 39
11 86 86
44 34 36
10 57 37
42 5 72
14 68 25
4 95 44
24 48 75
0 17 93
63 37 72
71 62 95
73 5 92
77 62 35
14 28 7
75 8 3
53 86 31
55 86 60
10 19 54
34 4 26
10 0 1
32 56 95
41 89 32
5 42 71
35 54 3
8 37 97
94 51 35
57 4 84
91 79 60
46 1 78
60 82 78
32 61 66
15 90 24
65 60 12
8 96 93
18 14 27
7 57 27
24 43 69
57 55 57
94 20 9
25 36 93
80 9 8
85 91 76
64 2 70
10 92 80
91 36 82
70 20 83
70 30 42
15 19 7
31 12 58
21 53 11
63 71 50
36 0 51
0 79 61
44 73 0
63 7 29
54 80 92
35 50 93
90 42 95
36 95 97
74 32 9
37 66 85
31 65 43
6 20 37
40 64 75
13 99 16
85 72 87
69 38 35
53 70 82
29 78 16
66 56 66
22 2 0
42 8 87
61 66 77
28 22 34
2 2 43
8 75 85
53 55 19
86 61 35
83 12 16
34 46 48
61 54 27
37 9 66
79 59 13
66 43 93
46 71 23
43 65 6
68 67 61
80 22 51
18 21 87
96 81 86
57 5 91
8 57 15
51 52 3
49 44 67
65 90 58
61 87 34
66 15 1
59 55 64
73 42 76
63 71 28
38 83 39
5 41 28
63 45 40
96 29 63
44 87 17
28 80 8
41 67 88
23 41 88
47 51 51
5 87 6
13 90 75
85 84 69
34 17 58
46 41 72
31 32 48
7 2 6
20 11 52
55 9 1
24 64 20
51 22 19
57 36 33
82 43 24
15 60 10
57 94 75
92 48 71
64 2 38
84 15 28
18 34 30
38 6 99
93 24 68
48 81 23
65 18 27
89 45 78
8 29 23
93 27 38
75 99 47
24 96 71
24 71 93
57 86 85
73 42 92
49 45 65
77 30 65
55 69 28
84 11 48
12 97 29
66 25 89
93 83 53
62 92 37
72 6 2
24 80 91
52 74 56
11 87 28
34 63 73
9 51 44
28 52 19
97 30 13
25 29 24
51 3 42
9 74 16
42 86 37
85 10 58
51 54 70
34 30 52
35 46 4
4 1 20
44 86 38
46 9 3
25 53 53
39 58 68
40 4 2
49 37 3
41 10 31
43 27 6
97 56 42
79 98 49
36 66 47
43 18 93
24 77 76
76 98 34
16 71 18
63 34 81
42 8 91
13 5 62
12 76 65
56 65 77
0 47 25
87 99 71
7 20 39
70 82 85
31 96 10
44 62 92
7 32 51
21 13 93
19 66 74
31 46 40
82 41 1
41 50 45
43 88 96
83 44 13
18 46 48
78 27 71
91 86 6
81 39 98
70 66 93
62 65 82
26 29 25
49 55 22
31 91 28
47 83 59
26 48 17
17 9 88
3 99 62
98 82 76
59 47 70
47 71 77
59 11 24
65 7 1
18 74 36
49 6 34
15 86 2
3 46 49
37 37 90
80 89 90
80 22 67
17 67 39
45 1 96
26 70 49
7 57 91
1 30 43
93 18 81
0 71 24
11 29 46
32 36 36
74 33 12
91 11 53
21 39 21
1 37 8
45 3 65
26 54 67
10 19 48
4 62 25
26 86 80
51 99 40
84 78 2
37 99 93
45 90 53
60 23 30
42 69 94
29 35 49
65 80 66
84 8 49
62 58 15
21 77 76
66 57 16
67 75 0
13 56 31
32 40 76
95 26 92
64 25 76
50 34 66
62 28 75
12 22 44
57 43 92
77 64 93
5 5 6
61 76 94
19 65 1
39 3 57
44 70 67
25 81 10
57 10 95
96 61 77
3 15 22
72 63 25
46 51 45
0 44 92
30 33 17
12 60 30
17 24 11
18 14 34
14 81 42
85 57 18
16 67 77
11 35 98
54 42 97
10 86 69
55 98 17
96 93 82
94 86 31
57 78 76
61 54 34
25 13 98
53 23 51
