91 36 27
98 14 68
94 27 37
94 86 31
57 94 68
39 22 38
86 58 75
15 91 80
44 86 67
42 5 28
61 36 27
77 71 1
94 20 51
57 94 30
11 97 72
11 24 30
61 34 86
95 86 51
11 97 28
18 46 41
37 10 1
5 97 28
37 37 54
57 75 1
82 46 52
91 34 86
61 37 27
44 86 38
43 21 98
56 55 29
37 14 34
46 6 92
37 43 1
47 23 35
47 27 35
31 19 37
46 81 72
53 23 51
11 86 86
73 77 83
81 46 98
43 52 41
42 86 51
18 21 48
91 77 29
31 19 65
91 54 54
5 41 28
95 36 34
11 51 51
95 23 51
57 64 93
37 71 49
27 32 37
24 52 36
11 8 96
43 39 48
11 94 75
53 27 31
57 71 93
43 39 71
43 46 36
80 41 3
7 19 65
91 34 54
47 27 9
53 20 35
34 52 71
81 67 36
11 14 2
53 22 51
31 97 37
86 8 30
7 6 37
95 27 37
57 43 49
86 24 16
35 91 2
42 27 35
42 20 9
26 51 86
57 75 93
11 5 6
7 6 65
46 5 83
61 34 90
22 32 48
37 36 54
95 54 34
42 97 36
56 77 76
47 51 31
53 86 51
18 36 54
8 57 86
24 67 98
77 75 20
24 71 94
35 51 80
46 5 1
91 14 27
12 5 29
91 6 1
8 86 80
82 22 52
18 67 71
37 43 94
43 39 41
53 23 35
24 75 93
39 22 52
61 34 54
77 10 93
46 6 76
10 97 54
11 24 68
27 49 54
26 51 80
53 86 35
18 52 48
73 5 76
47 51 35
77 64 20
57 58 75
53 15 3
10 6 65
11 14 15
57 94 16
37 37 27
98 8 68
37 71 20
11 81 26
11 57 80
46 87 28
47 20 9
98 24 75
39 15 67
11 58 30
24 39 41
53 41 67
94 20 37
82 15 52
80 46 3
18 34 90
35 86 2
80 15 51
31 97 84
80 46 51
42 5 36
37 36 27
26 14 86
47 86 51
73 5 1
82 86 51
34 46 48
11 51 2
56 5 92
42 87 28
35 91 15
42 5 72
42 23 9
81 71 93
35 14 86
37 71 1
7 49 48
11 57 2
86 58 16
81 21 98
25 81 36
93 94 75
98 8 96
42 81 26
57 10 49
77 71 94
91 34 34
22 97 84
37 43 93
80 86 51
18 14 54
8 14 15
42 86 37
46 77 1
15 91 15
18 52 36
11 14 51
7 97 84
18 21 71
37 75 1
46 87 26
26 91 2
25 97 26
57 75 49
10 49 65
11 5 28
43 21 71
61 54 54
5 5 36
81 71 49
18 54 34
57 8 16
26 91 51
26 91 80
18 46 71
53 46 51
42 86 9
25 41 26
31 32 54
18 54 86
39 46 38
39 86 51
18 37 27
10 6 54
98 14 75
24 10 94
81 39 71
93 24 16
22 32 37
42 87 26
46 41 36
11 91 80
94 20 31
42 86 31
24 71 20
39 41 38
11 14 68
44 15 52
98 8 16
34 39 41
24 71 93
81 39 41
44 22 38
86 24 75
42 51 9
42 97 28
11 86 51
37 10 94
95 14 34
12 5 83
15 14 2
39 46 3
57 71 1
22 6 48
18 46 65
26 57 2
86 24 68
42 81 36
8 14 80
73 77 29
81 21 48
27 97 84
42 41 72
37 75 93
25 5 26
10 19 54
18 39 48
34 67 48
25 87 6
46 81 6
26 86 80
31 32 48
47 86 9
53 15 52
57 64 49
7 97 54
7 49 84
5 87 72
25 41 36
80 41 51
39 41 3
37 71 94
82 15 51
31 49 48
24 75 20
80 15 3
94 86 9
25 87 36
77 71 49
95 23 31
81 46 36
91 55 92
44 86 3
86 14 68
25 81 6
11 41 72
94 51 51
27 32 54
11 97 26
8 86 51
95 34 86
86 8 68
15 86 2
24 46 98
35 51 2
18 39 71
22 49 54
47 51 37
24 64 93
37 34 54
44 22 51
15 86 51
94 23 9
93 14 68
39 86 38
46 97 92
34 21 98
46 55 1
57 24 96
53 51 51
57 8 75
26 14 15
26 57 51
47 23 51
91 55 1
46 97 26
46 41 6
47 20 51
95 36 27
80 41 67
94 51 9
12 5 92
80 22 52
91 97 1
77 75 49
61 54 86
7 19 84
93 94 96
8 91 15
81 71 20
22 32 54
37 54 86
22 6 54
91 55 83
11 5 36
81 52 48
25 81 28
95 20 35
81 75 93
12 6 1
82 86 52
24 10 93
53 23 37
53 51 31
94 51 37
95 14 54
61 54 34
94 27 51
93 24 75
37 64 49
15 14 51
11 41 28
35 57 51
77 10 1
80 22 3
37 64 1
10 32 65
44 46 3
81 52 41
24 52 41
91 77 83
57 94 75
43 39 98
24 21 48
12 6 92
95 51 35
92 2 82
39 41 67
44 15 3
15 57 86
8 86 15
53 86 52
18 21 41
27 32 65
81 43 93
24 39 36
8 51 15
42 41 6
27 97 54
57 10 1
7 32 54
34 67 98
18 34 27
24 43 93
5 87 36
53 46 3
26 91 15
46 5 6
57 64 1
46 6 1
73 6 83
22 19 65
95 86 31
31 49 65
37 34 27
98 94 75
81 52 98
56 97 1
10 6 48
93 58 68
82 16 64
91 54 34
46 87 72
18 37 54
42 23 31
57 10 93
26 86 2
11 8 75
11 41 36
7 6 48
82 46 67
34 21 41
24 10 49
37 37 86
81 10 49
81 75 49
7 6 54
26 51 2
22 19 48
43 52 36
82 46 51
95 36 90
11 81 28
94 23 31
44 41 51
73 97 76
91 37 34
12 77 76
37 34 86
10 49 84
10 19 37
42 5 26
73 55 92
82 46 3
5 97 6
24 67 41
37 14 54
68 37 41
91 97 92
11 51 80
73 55 76
26 14 51
42 27 31
82 22 67
24 46 36
26 57 15
34 46 36
86 94 30
64 34 35
27 19 65
91 6 83
7 19 48
57 43 93
11 87 6
91 14 54
53 23 31
5 81 28
12 6 29
39 46 52
25 41 72
31 19 84
11 86 15
11 91 15
42 20 51
82 15 3
77 64 94
18 36 90
82 41 52
46 81 26
57 64 94
81 64 20
90 78 11
81 43 49
31 32 84
15 86 80
27 19 37
98 94 30
43 39 36
77 43 20
5 5 26
95 27 35
12 55 1
81 46 41
18 37 86
91 36 34
24 21 41
8 51 86
91 97 76
86 94 96
24 64 94
91 97 83
53 15 67
91 5 29
11 81 36
21 38 8
24 21 36
37 64 94
93 94 30
80 86 3
35 86 15
55 49 86
18 67 98
39 15 3
81 71 1
37 64 93
56 55 92
91 77 1
7 19 54
44 22 52
95 34 27
57 75 20
18 36 86
57 64 20
46 41 26
37 73 39
18 21 36
11 86 80
93 94 68
57 8 30
91 54 90
95 37 34
95 20 51
42 27 9
37 36 90
18 21 98
39 22 51
37 37 34
34 21 36
11 97 6
42 51 31
8 57 15
24 71 1
11 58 75
81 64 1
8 14 86
82 46 38
44 22 67
80 46 52
57 14 96
27 66 0
57 58 16
44 46 38
11 87 72
5 41 6
57 71 94
24 67 36
35 57 2
14 52 88
15 51 80
95 45 59
42 97 6
56 77 1
49 71 86
44 46 52
53 51 9
46 97 76
81 71 94
93 94 16
8 57 51
12 97 83
86 94 16
43 21 41
43 21 48
34 67 71
34 46 41
25 87 26
59 90 28
82 41 3
73 97 83
4 61 10
91 34 90
20 78 13
24 43 20
94 27 35
46 97 1
11 24 96
73 77 76
3 20 19
94 5 90
46 81 28
53 20 37
46 17 76
42 41 36
24 21 71
79 77 52
91 5 76
93 58 75
18 46 48
57 58 96
37 43 20
87 19 0
34 21 48
34 39 98
31 14 38
25 74 70
27 6 84
7 49 37
18 34 54
44 41 3
42 20 35
94 27 9
24 10 1
12 77 1
5 79 44
77 43 94
38 50 15
12 6 83
56 5 29
5 51 20
94 51 35
15 51 2
7 97 65
15 51 86
37 54 91
73 77 1
16 56 34
89 7 94
37 75 94
86 24 30
35 91 86
94 80 3
61 37 86
26 86 15
11 97 36
53 86 37
47 27 37
42 23 35
27 6 37
22 19 84
74 77 97
5 81 6
12 55 92
95 37 27
22 49 48
95 30 14
24 67 48
44 86 51
94 51 31
37 10 10
37 10 93
39 46 51
15 57 80
30 10 98
10 97 48
43 67 41
74 17 73
42 87 6
35 57 86
57 43 94
46 97 36
1 72 64
95 23 9
25 97 28
82 68 26
47 86 31
91 14 86
69 57 22
31 69 95
81 64 49
31 97 54
54 94 46
98 24 68
96 43 63
10 19 84
22 1 73
46 5 36
53 15 38
7 32 48
35 51 51
53 15 51
23 7 40
18 52 71
18 14 34
11 57 15
80 46 67
95 23 35
42 27 51
8 91 51
24 75 94
92 1 51
61 14 54
23 20 9
44 41 67
25 5 72
97 44 24
25 1 91
91 36 54
5 81 72
81 46 71
46 41 72
72 78 6
42 81 28
34 52 36
22 19 37
81 52 36
95 36 54
90 37 92
95 54 86
74 63 16
66 3 94
81 39 36
58 95 30
98 94 96
39 22 3
82 22 3
73 77 92
91 37 86
47 51 9
37 14 90
39 86 52
7 6 84
16 13 92
46 95 90
33 49 39
72 6 31
53 22 3
18 34 34
56 24 8
43 46 48
98 58 16
60 60 45
53 85 31
18 54 27
53 20 51
18 52 98
95 37 54
11 8 16
61 14 86
37 93 12
61 36 90
62 39 69
43 67 48
77 22 84
2 53 8
47 30 21
81 21 36
31 49 84
3 69 48
77 10 20
30 18 9
61 36 34
16 8 29
24 43 49
5 87 26
8 8 61
91 5 92
12 55 29
95 14 86
82 41 38
30 12 17
1 41 63
37 51 52
61 38 77
27 49 37
14 15 84
77 43 49
73 5 29
10 97 37
96 36 69
75 75 17
9 81 73
27 6 87
31 19 54
95 14 90
76 39 48
66 64 14
37 75 49
91 62 31
84 80 77
24 50 23
80 26 41
46 55 83
10 19 65
89 52 72
36 62 26
7 32 84
27 97 65
35 51 15
77 75 93
18 5 74
10 49 37
6 90 94
12 97 92
7 49 54
53 23 9
81 21 71
22 66 75
12 97 76
37 43 49
31 39 91
44 86 52
62 50 79
35 28 56
18 39 41
91 71 41
42 27 37
18 46 98
18 34 86
31 49 37
34 52 98
34 46 71
94 76 83
93 58 16
13 71 24
39 86 67
38 82 62
98 94 16
81 43 1
8 10 84
18 14 86
20 59 65
61 37 34
44 71 81
18 39 98
25 47 45
46 6 83
63 94 90
65 27 95
9 75 54
42 5 32
38 58 24
11 91 2
26 39 41
11 81 72
22 84 29
49 90 96
49 59 24
34 56 88
41 82 12
10 69 7
27 8 50
2 25 69
29 65 4
7 19 37
10 6 37
80 46 38
87 51 65
91 55 76
25 41 28
35 86 80
53 41 3
24 39 48
78 84 79
79 32 92
10 32 54
52 22 15
53 86 31
89 30 52
75 61 48
65 70 30
25 97 6
44 46 51
1 90 43
43 52 98
29 15 94
24 43 1
29 49 82
53 41 38
42 97 72
49 45 93
79 82 67
63 6 97
47 63 71
15 94 95
27 81 15
81 64 94
46 77 76
28 4 19
74 49 64
75 38 46
54 83 91
65 83 19
76 56 5
46 97 6
15 29 17
27 2 13
8 91 80
25 2 51
53 27 51
99 83 63
8 86 86
44 41 52
46 55 76
13 47 70
91 36 86
30 5 6
27 49 65
72 67 30
6 9 77
15 91 86
24 46 48
57 84 73
43 2 90
34 39 36
46 97 83
61 14 27
35 91 51
61 66 74
99 33 52
27 32 84
86 31 56
22 6 84
59 7 9
27 49 48
95 14 27
15 87 58
34 45 98
53 20 84
47 20 37
73 41 95
24 73 47
85 90 51
87 76 35
10 32 48
77 15 40
5 71 7
49 40 29
64 31 35
91 14 90
95 51 9
10 49 54
56 90 71
30 35 73
18 54 54
26 8 46
56 72 1
83 21 60
63 0 97
79 9 69
15 42 81
46 55 29
79 24 56
56 77 92
53 32 98
52 54 24
91 37 54
3 30 65
24 21 98
25 41 6
87 14 88
95 34 90
81 67 48
30 28 35
15 86 86
64 19 26
95 18 24
2 30 42
8 51 51
92 46 11
22 49 37
38 45 40
83 24 26
24 52 71
11 86 2
35 14 15
27 37 33
0 76 54
53 86 9
94 86 51
18 44 67
70 12 65
42 86 35
65 19 45
10 97 84
26 84 21
12 97 1
25 87 72
36 98 24
73 90 37
18 14 90
48 11 46
59 99 88
23 50 48
69 92 61
54 1 64
4 26 66
66 98 10
91 80 50
93 1 67
85 97 40
67 36 60
80 41 38
39 99 32
20 96 22
80 49 24
29 75 49
91 6 92
16 1 19
37 54 54
53 63 22
90 11 82
49 94 87
52 73 35
53 86 67
56 55 76
23 10 11
15 87 76
82 38 85
42 83 73
1 1 14
18 39 36
4 15 1
