0 94263 26
0 138919 26
4 30263 26
4 151637 26
6 15528 26
6 23050 26
8 14205 10
9 104877 1
10 12462 7
5 14205 10
0 14205 10
8 12462 7
6 12462 7
9 158532 24
11 12462 7
0 12462 7
1 141457 19
4 12462 7
9 12462 7
4 23164 12
3 85858 3
1 14205 10
2 14205 10
11 15041 1
8 158532 24
6 14205 10
11 158532 24
3 157221 15
2 101422 0
0 111844 16
10 158532 24
2 158532 24
9 14205 10
4 158532 24
4 95493 0
0 13953 22
1 144430 17
0 80138 24
3 158532 24
10 23164 12
10 14205 10
4 111844 16
6 158532 24
1 12462 7
7 23164 12
2 12462 7
7 12462 7
10 141457 19
6 23164 12
8 85199 15
11 23082 15
1 157221 15
5 110149 15
4 85858 3
5 158532 24
10 85858 3
7 158532 24
0 95493 0
1 158532 24
7 152483 28
8 42137 22
11 267 17
10 116281 28
0 20408 22
9 95493 0
3 132981 0
0 75972 17
4 81534 2
7 14205 10
3 57894 19
10 110149 15
0 62308 15
1 65584 15
2 110149 15
3 12462 7
5 23164 12
11 85850 3
10 26589 1
2 23164 12
4 14205 10
0 158532 24
2 141457 19
11 111844 16
11 59850 18
9 24132 22
1 103765 22
10 111844 16
5 47038 0
10 9744 17
3 14205 10
3 85858 9
9 167868 0
10 10176 1
9 85858 3
3 111844 16
3 23164 12
9 111844 16
7 60747 25
2 108342 17
9 37782 28
4 23164 4
0 65976 22
10 95381 0
11 95493 0
2 95493 0
8 138131 15
0 110149 15
4 150656 15
4 157221 15
6 24451 15
6 62308 15
5 146636 28
5 12462 7
8 111844 16
4 141457 19
6 141457 19
6 108342 17
4 86010 4
8 23164 12
1 111844 16
1 106714 12
1 95493 0
5 343 0
5 95493 0
11 141457 19
0 231 2
5 11576 17
8 85858 3
6 105129 28
11 14205 10
5 39792 3
5 167868 0
9 23164 12
5 111844 16
10 155896 23
5 23164 4
4 68841 18
11 9744 17
2 155896 23
11 231 2
7 23440 13
7 23164 10
0 42137 22
8 95493 0
9 110147 0
10 58775 0
10 167868 0
3 95493 0
5 86010 4
7 111844 16
4 52505 20
0 60747 25
7 141457 19
6 111844 16
8 1621 15
11 25901 15
11 110149 15
0 10147 15
0 51957 15
1 110149 15
2 157221 15
3 59629 15
3 103071 15
5 86020 15
6 18581 15
6 157221 15
10 108342 17
0 7006 17
1 108342 17
2 55412 17
3 110139 17
6 267 17
3 42137 22
5 10286 4
11 57894 19
3 103765 22
4 99465 11
2 85858 3
3 52505 20
10 57894 19
5 47713 7
9 141457 19
0 141457 19
3 38188 4
9 102618 3
6 14499 11
1 57894 19
9 14499 11
9 61567 0
10 26531 0
0 55647 0
4 162005 0
5 25889 0
2 164063 3
1 60747 25
11 23164 12
4 14499 11
4 23872 1
7 86010 4
2 59891 20
8 60747 25
1 13953 8
5 20744 7
1 131804 22
2 60747 25
8 141457 19
3 141457 19
5 57894 19
0 157215 10
10 95836 9
7 4850 0
4 102914 0
4 10286 4
6 23440 13
3 67522 18
4 50118 11
0 13953 8
1 14493 1
1 42137 22
2 52505 20
11 86747 3
8 146024 28
9 137211 28
0 157242 28
2 146636 28
5 17741 28
11 96445 27
5 81534 2
10 29123 16
4 157242 28
4 57769 27
2 20408 22
7 95799 24
3 59850 18
2 156235 8
6 142693 21
1 52505 20
7 145431 1
9 139549 1
10 57298 1
11 162078 1
9 11576 17
10 7041 17
2 110139 17
2 126502 17
3 6140 17
3 24503 17
4 9744 17
4 108342 17
5 9744 17
2 57894 19
1 86010 4
6 85858 3
3 60747 25
3 47119 6
3 23695 14
2 86010 4
9 101460 28
7 57894 19
0 18026 22
0 59811 22
1 65976 8
7 85858 3
10 155896 21
4 105943 11
1 49731 19
1 148326 22
4 167324 1
4 85083 16
6 157242 28
11 157798 3
2 58086 10
1 20408 22
2 51323 6
7 95493 0
9 818 0
10 95493 0
10 137977 0
2 15894 0
2 79817 0
11 116281 28
2 4599 28
2 157242 28
10 97309 24
0 105860 24
11 101422 5
7 95074 22
0 65976 8
10 36522 1
5 10286 12
9 149898 2
0 59830 22
2 111844 16
5 42137 22
11 57769 27
9 52505 20
1 157215 10
5 14207 10
6 157215 10
11 85858 3
0 59850 18
11 51323 11
0 101422 5
5 13953 8
5 106701 4
7 146024 28
5 157242 28
6 20384 28
0 95836 9
11 110139 17
1 7006 17
3 24408 17
5 86789 17
5 110139 17
6 20995 17
6 24503 17
5 60747 25
1 155896 23
3 18619 1
2 42137 22
11 85850 2
10 96445 27
1 59850 18
10 59891 20
9 157566 2
8 23440 13
4 59850 18
8 52505 20
10 102770 28
8 18717 22
2 13953 21
2 57769 27
9 95836 9
8 24418 5
1 66873 22
10 109517 1
11 136962 1
10 85083 16
1 125999 22
10 109799 2
1 59891 20
9 146024 28
3 157242 28
11 23695 5
7 150656 15
8 103010 15
8 110149 15
8 157221 15
9 90542 15
9 114951 15
10 37110 15
10 56129 15
10 62308 15
10 156131 15
11 18046 15
11 41758 15
11 82959 15
11 111474 15
11 155532 15
11 157221 15
0 150656 15
0 153444 15
0 157221 15
1 42373 15
1 79204 15
1 126954 15
2 27681 15
2 62308 15
2 67286 15
2 162279 15
2 165350 15
3 24804 15
3 110149 15
4 62308 15
4 69845 15
4 165470 15
5 7465 15
5 20598 15
5 23826 15
5 27929 15
5 62308 15
5 103010 15
5 110301 15
5 145251 15
5 157221 15
6 116085 15
8 156235 8
5 29123 16
2 131804 22
0 85858 3
7 23695 14
9 155896 23
2 51323 11
8 50651 5
0 51323 14
6 167771 19
1 50118 11
2 231 2
2 275 5
10 106690 2
9 50118 11
9 157242 28
10 95381 28
11 152483 28
2 65976 8
0 103765 22
9 60747 25
5 95836 9
6 10286 4
10 63216 1
11 152246 1
0 23872 1
6 22254 1
11 50118 11
8 31654 4
9 148889 5
10 60747 25
3 95836 9
3 8467 10
5 157566 2
10 146024 28
0 146636 28
5 231 2
11 29123 16
10 59850 18
5 85858 3
8 62270 0
9 50742 0
10 65864 0
10 96927 0
10 113660 0
3 152483 0
6 95493 0
3 60747 21
10 52505 20
10 111233 19
2 167771 19
4 57894 19
9 52430 16
7 59891 22
9 23695 14
3 50118 11
6 50118 11
7 7041 17
7 32748 17
7 150063 17
10 20995 17
0 108315 17
1 109492 17
2 143857 17
4 106229 17
4 110139 17
5 32357 17
6 110139 17
11 155896 23
6 155896 23
5 14499 11
0 155896 23
2 156235 21
2 59850 18
7 23440 6
8 152483 28
9 146636 28
8 13953 8
9 117299 1
3 24441 1
5 52430 16
5 52505 20
10 95799 24
5 141457 19
1 156235 8
7 52505 20
1 164063 3
3 51323 6
11 14499 11
8 157566 2
0 106714 12
2 65976 9
11 131804 22
2 125211 22
4 44889 18
2 106701 12
4 52308 12
8 95836 9
8 24418 10
8 152667 10
8 157215 10
0 14207 10
7 157242 28
9 17402 28
1 157242 28
6 146024 28
11 115242 13
5 59891 20
11 86010 4
4 95836 9
7 13953 8
11 103562 9
9 140629 1
3 112072 1
3 127434 1
5 120081 1
7 142693 21
4 23440 13
11 100627 19
1 20333 19
6 60747 25
1 13953 14
9 15886 28
1 146636 28
0 131804 22
3 125211 22
5 14466 11
6 158532 19
6 157566 2
5 155896 23
0 86010 4
4 137749 4
11 95836 9
3 116428 3
4 13953 8
4 157566 2
3 96445 27
9 96445 27
2 96445 27
5 101422 5
11 51323 21
3 85083 16
6 20408 22
6 131804 22
1 23695 14
0 275 14
8 150766 28
9 102770 28
10 157242 28
3 1816 19
2 81534 2
7 81221 10
8 153654 10
5 157215 10
7 148889 8
1 14499 11
7 4850 1
2 25845 1
3 13821 1
4 58575 1
8 59850 18
5 59850 18
1 93506 22
11 115242 27
10 23440 13
4 13953 20
2 51323 8
10 59896 20
3 58463 12
3 59891 20
11 96447 27
7 148889 25
8 14499 11
3 10286 4
10 57769 27
10 23695 14
1 85858 3
4 137749 12
10 6951 28
11 95381 28
1 6951 28
9 95799 24
6 116561 21
8 110139 17
9 7041 17
9 41236 17
10 42611 17
0 54020 17
1 9744 17
1 110139 17
2 7041 17
2 10007 17
2 11576 17
2 24503 17
2 79804 17
2 124223 17
2 157223 17
2 167703 17
3 25901 17
3 55412 17
3 82405 17
3 118444 17
4 81127 17
5 156398 17
0 135512 22
1 36866 24
11 121820 21
4 231 2
2 101422 5
4 47119 6
9 23440 13
6 13953 8
9 67522 11
10 29123 18
10 52308 12
9 123803 7
0 52505 20
2 97309 25
9 13953 8
10 52430 16
9 51075 19
10 137749 12
11 42137 22
0 66148 22
2 47119 6
4 89357 25
3 155896 23
10 99659 21
8 47119 6
10 96445 14
9 51323 14
10 57769 14
8 26589 1
9 4762 1
10 140888 1
11 33214 1
0 9123 1
3 107373 1
4 3007 1
4 4850 1
4 31222 1
6 155762 1
0 23695 14
7 46745 7
4 115161 13
7 157566 2
3 6275 3
7 155896 23
3 8783 6
4 155896 23
1 95836 9
6 14466 11
4 70626 11
11 47119 6
7 5948 10
8 100718 10
9 115161 10
10 170390 10
11 157215 10
2 157215 10
4 104496 10
2 13953 23
3 48612 25
3 11436 6
2 13953 8
11 115161 13
10 121820 21
8 10286 4
10 852 19
0 57894 19
6 57894 19
8 2130 0
9 14847 0
9 54752 0
9 99531 0
10 3348 0
10 97538 0
10 108356 0
11 57783 0
11 62270 0
0 3026 0
2 61593 0
3 4850 0
3 11118 0
3 101422 0
3 146117 0
3 153901 0
4 53138 0
4 110131 0
4 166299 0
5 25901 0
5 63009 0
10 67522 18
11 34681 9
2 157421 22
2 167959 24
11 52505 20
7 10286 4
8 59891 20
5 47119 6
9 47119 6
8 101422 5
2 30226 24
8 155896 23
3 116281 6
2 157227 19
10 13907 23
0 59891 20
7 60747 8
8 157242 28
10 63769 28
10 137380 28
1 111474 4
10 85083 18
1 13907 23
10 116281 12
5 156235 8
1 106701 4
4 158197 4
9 51323 11
4 39823 11
3 10251 3
4 115242 13
5 97309 25
2 6275 3
9 101422 5
11 89060 7
6 59742 7
10 23695 27
10 157566 2
7 18717 22
2 66384 22
3 111320 22
2 148889 8
1 57769 27
3 14499 11
2 59830 8
11 16731 9
0 51323 11
10 164724 16
11 158779 1
3 65835 1
4 48558 1
4 108259 1
6 91948 1
6 59891 20
9 59836 24
3 58432 3
1 157227 19
11 61193 13
5 85083 16
3 67522 16
9 275 5
4 37171 11
9 52429 7
6 24418 22
5 50118 11
11 23695 14
3 23695 21
2 13907 23
8 110164 28
10 3348 28
10 74276 28
3 146636 28
8 142693 21
3 65974 18
10 65974 18
9 47713 21
11 1816 19
3 49729 19
3 167771 19
6 105011 21
1 13953 23
1 42405 9
7 156235 8
4 115242 27
3 10269 3
6 27257 3
7 69287 25
1 140888 22
8 156235 20
10 231 2
9 156235 8
8 140800 10
10 95381 10
2 14207 10
4 14207 10
6 14207 10
5 23695 14
3 37171 11
4 101422 5
11 118837 12
6 47119 6
9 57894 19
6 143477 19
11 403 11
1 101422 5
2 23695 14
3 57769 27
3 13953 8
2 67522 11
10 93799 2
5 67522 18
0 95823 22
4 20408 22
4 131804 22
3 86010 4
4 156235 20
11 59891 9
4 65976 8
4 52430 16
8 118837 12
10 86010 4
1 97309 25
8 50118 11
11 70626 11
2 166451 19
2 60747 20
11 13907 23
8 95799 24
2 51323 14
11 82670 27
5 96445 27
2 50118 11
0 57769 27
8 111462 28
10 110854 28
11 101422 28
11 153476 28
8 97309 12
11 52308 12
9 115161 13
5 101624 5
2 275 11
8 148889 8
0 111474 22
3 24418 22
10 85857 2
1 124007 7
4 132549 4
8 57769 27
7 68900 1
8 63216 1
10 81946 1
11 137650 1
1 1646 1
2 63012 1
2 130333 1
5 87630 1
6 51926 1
7 11750 25
2 275 21
10 96447 27
8 86010 4
9 85083 16
10 97308 19
1 49729 19
2 11436 23
3 125211 12
10 108260 9
9 47713 14
5 23440 13
8 45133 25
9 86010 4
3 118837 4
0 24418 5
7 63390 22
8 20408 22
11 13842 22
0 167718 22
6 42137 22
2 51694 23
11 101652 27
4 106690 3
2 57769 6
2 157566 2
10 94831 5
0 50651 5
4 61193 13
8 124007 7
7 59830 8
11 95799 24
6 85083 16
9 57769 27
2 275 8
11 85083 16
9 6269 11
1 156235 20
2 24418 5
11 51323 14
11 157227 19
1 166451 19
4 96447 27
8 115161 13
11 23440 13
11 59891 20
4 52308 4
6 115242 13
3 157566 2
2 10545 13
7 1536 17
7 9744 17
7 92860 17
7 110139 17
7 157223 17
7 157914 17
8 9744 17
8 37217 17
8 81155 17
9 9744 17
9 65717 17
9 75972 17
10 29838 17
10 34442 17
10 42037 17
10 86013 17
10 110139 17
11 34739 17
11 51525 17
11 136842 17
11 150063 17
0 11576 17
0 29187 17
0 71326 17
2 7006 17
2 44558 17
2 104017 17
3 57632 17
3 66736 17
3 108342 17
3 157223 17
3 158126 17
4 20083 17
4 20995 17
4 55412 17
5 21375 17
5 24661 17
5 122217 17
5 146134 17
6 7041 17
6 9744 17
3 89357 25
0 36866 24
6 36866 24
11 21502 18
4 82670 27
8 97309 25
3 103573 4
11 61193 27
10 67525 16
3 152250 3
11 104005 13
10 51323 14
7 66289 22
5 20408 22
2 10286 4
11 63216 9
10 100055 16
9 59850 11
11 59896 20
10 13990 28
11 101957 28
11 157242 28
3 11750 25
5 167322 7
5 47119 14
11 7154 3
6 52505 20
4 130547 18
0 141455 19
2 141455 19
3 157227 19
5 111233 19
10 51694 23
4 6269 11
5 62554 3
0 115161 13
8 11750 25
2 51323 21
2 155896 6
2 48612 21
4 8779 6
11 20333 3
11 101652 20
5 13375 5
1 20333 24
2 96445 6
5 6275 3
6 62012 3
2 59896 20
11 148889 23
4 57769 13
4 60747 25
7 65976 8
7 57719 22
8 131804 22
11 96445 22
0 65980 22
0 109989 22
5 131804 22
3 61324 3
4 62012 3
8 69368 13
4 51323 6
10 95381 4
7 105943 6
1 47713 5
1 60114 5
8 23695 14
3 124007 7
2 105860 24
9 20658 10
10 157215 10
1 1023 10
