23 13 72
89 49 6
40 35 55
64 89 0
20 49 58
75 81 86
54 44 50
59 31 48
12 27 55
86 31 17
5 47 52
36 92 52
47 69 38
86 47 17
64 62 77
48 37 86
20 89 13
20 91 52
53 89 71
47 68 11
53 77 71
75 42 89
66 64 38
70 30 70
14 52 42
97 31 52
64 35 32
50 83 72
53 93 71
13 72 76
40 35 36
41 81 86
70 4 86
5 83 86
59 10 44
12 21 32
50 84 91
53 77 0
53 62 0
32 1 97
47 4 11
6 92 97
34 32 32
64 43 32
39 42 87
18 82 2
47 69 68
34 35 32
20 94 0
9 42 61
12 21 55
6 31 52
23 83 86
4 53 77
6 1 74
31 43 55
90 19 86
34 32 8
12 35 8
34 21 32
58 62 0
64 43 83
20 91 70
97 47 74
34 21 36
90 47 91
59 31 2
20 93 77
9 42 86
47 1 42
66 69 68
52 53 68
68 86 90
90 63 72
47 92 76
76 89 77
18 31 2
47 92 16
50 13 47
59 70 73
65 68 76
5 47 72
53 77 13
40 32 36
39 19 86
89 86 58
23 47 52
64 13 47
86 1 74
13 92 41
66 69 11
20 89 71
30 72 11
76 77 0
47 69 11
13 68 31
6 96 17
64 89 90
30 72 16
50 13 52
48 30 73
39 19 88
65 68 11
52 53 11
20 49 50
40 32 83
23 63 52
5 84 91
77 4 16
20 62 0
48 4 86
58 94 77
75 81 87
97 1 97
4 1 77
97 47 97
48 30 70
70 4 73
53 77 90
4 53 42
31 32 83
38 70 73
70 37 5
20 30 5
59 82 44
50 63 72
32 1 74
48 30 52
36 47 9
30 3 76
97 92 9
53 62 13
64 63 47
90 19 61
31 35 83
58 93 71
50 47 47
66 69 42
15 83 58
54 86 6
65 4 16
34 35 55
47 53 38
74 82 48
75 42 86
13 3 11
64 83 91
15 86 50
5 63 72
66 72 44
90 47 52
50 83 91
18 31 48
53 62 90
4 69 38
47 52 38
86 96 17
18 10 73
31 35 36
6 47 97
47 4 31
15 83 74
90 63 86
23 83 52
36 92 97
20 62 90
20 89 0
34 43 83
5 13 47
58 94 90
32 92 52
90 81 86
38 31 44
23 84 47
33 62 5
33 37 73
31 21 8
65 4 31
38 31 48
5 83 91
53 94 90
48 4 73
36 96 9
33 37 5
41 28 88
64 21 36
14 53 11
76 94 71
47 52 68
15 86 74
18 72 48
52 64 11
34 32 83
76 93 71
70 91 86
5 83 72
68 98 90
39 81 89
75 19 87
5 84 72
20 30 73
15 49 6
32 31 17
86 92 74
59 70 98
77 4 11
30 3 16
49 4 70
52 64 42
30 68 76
6 31 9
97 1 17
40 43 8
76 94 77
59 72 2
74 10 73
58 93 13
52 69 11
75 28 86
58 89 0
13 4 31
65 68 31
15 98 74
23 83 91
49 37 52
31 21 83
9 28 88
64 94 71
89 44 50
18 70 2
47 68 41
20 44 6
4 1 42
47 4 16
36 1 52
15 83 50
64 47 91
64 62 90
38 72 44
97 31 9
33 91 52
49 91 73
31 21 55
23 13 52
53 94 71
14 53 38
5 84 47
50 83 86
33 37 52
54 98 58
6 47 74
41 19 88
4 69 42
30 68 11
52 1 77
32 47 52
40 43 32
64 63 91
64 43 55
64 27 83
23 84 52
76 77 13
59 70 48
12 21 36
47 3 76
33 91 70
75 28 89
30 3 31
14 52 11
12 43 83
38 70 98
36 31 74
68 83 90
18 31 44
90 23 88
77 72 41
49 91 70
66 53 42
12 32 83
49 4 5
13 68 16
40 21 32
13 68 11
36 31 97
39 81 87
13 4 16
38 70 48
66 72 48
52 53 42
90 83 52
30 92 16
6 1 9
32 31 9
38 82 48
53 89 0
48 91 73
15 83 90
54 98 50
13 4 41
66 82 73
20 77 77
4 69 68
23 63 86
49 37 5
31 27 36
39 42 88
97 31 17
52 64 77
90 23 89
15 98 6
20 4 70
4 64 68
9 42 89
12 32 8
20 44 90
66 10 2
41 23 61
75 28 61
38 31 2
66 69 77
9 23 89
15 86 58
18 10 44
15 49 50
66 82 48
89 86 50
70 91 52
97 1 74
48 37 52
14 1 42
74 82 44
75 42 61
75 23 89
68 44 50
18 72 2
54 49 90
64 84 91
33 30 5
68 83 74
20 49 6
68 98 6
66 1 11
38 72 48
74 70 44
30 68 41
41 19 87
5 63 86
36 92 9
31 27 55
14 52 77
6 1 97
64 13 86
6 1 52
90 83 72
64 89 13
68 49 6
68 49 90
86 92 52
54 49 58
90 84 91
13 92 11
53 89 90
66 52 38
9 42 87
64 32 32
18 82 98
40 21 36
20 93 0
64 27 32
81 21 94
52 52 42
38 82 98
74 72 44
33 30 86
64 83 52
59 82 98
31 43 83
66 64 68
53 39 40
50 13 72
77 92 31
9 19 87
33 30 73
90 42 87
23 13 47
20 93 90
9 28 89
59 70 44
64 35 36
4 52 68
31 27 8
58 77 0
34 21 55
40 35 83
33 4 86
33 4 52
32 47 97
64 84 86
90 42 88
70 37 73
64 13 91
54 49 74
47 68 16
41 23 87
20 83 90
30 92 11
89 44 58
38 31 98
20 30 70
90 84 47
18 70 44
74 31 98
76 94 13
86 47 52
58 77 77
66 70 48
34 35 46
34 21 83
6 92 52
64 84 47
64 62 0
50 83 47
39 28 86
75 42 87
64 83 72
36 1 9
48 62 73
65 3 31
33 62 70
18 72 73
9 23 87
9 23 88
58 93 0
31 35 32
34 43 32
39 23 86
86 47 9
9 19 61
90 23 87
98 57 89
70 91 73
33 91 86
36 96 74
41 42 86
90 13 91
64 13 52
64 94 77
97 31 74
90 84 52
59 10 73
49 62 5
47 64 68
76 89 0
12 27 32
90 28 87
12 43 32
74 70 73
20 98 6
50 47 91
33 30 70
86 1 17
89 49 50
58 94 71
18 31 73
66 1 38
52 52 11
97 96 97
41 81 61
41 81 87
41 23 88
23 47 86
90 83 91
36 47 52
12 32 55
66 53 77
77 4 31
48 30 5
20 48 58
54 86 74
95 66 91
64 35 55
54 83 6
9 81 89
65 4 11
59 82 2
74 82 73
77 67 52
90 51 73
70 62 5
41 42 88
77 68 31
86 31 74
86 96 97
20 62 71
32 47 17
39 81 88
58 94 0
77 72 76
90 28 86
20 77 13
6 1 17
58 62 13
5 84 86
52 52 68
90 23 86
12 21 8
23 13 86
90 81 88
47 64 11
90 63 52
75 28 88
15 98 90
12 21 83
48 37 5
64 83 47
64 21 32
39 42 61
89 83 74
47 69 42
40 36 79
81 76 53
89 86 6
32 1 17
20 62 5
30 4 11
13 92 76
23 63 72
72 83 57
74 72 73
33 91 5
73 94 83
54 44 6
36 47 97
75 23 86
89 83 50
32 96 9
64 83 86
34 55 62
64 32 36
52 64 38
15 96 51
90 83 47
66 52 68
14 64 77
65 68 41
59 72 73
48 91 5
4 53 68
59 31 73
41 42 61
40 27 83
97 92 52
66 31 73
14 53 77
36 92 74
15 49 58
23 13 91
5 84 52
59 86 66
50 13 91
34 32 36
76 61 59
89 83 90
31 70 37
18 82 73
15 49 74
50 84 47
76 62 0
50 63 86
48 91 86
39 21 60
89 98 74
52 1 11
38 72 73
14 1 77
47 3 11
34 27 55
20 91 86
4 53 38
51 50 47
75 81 61
6 92 17
47 3 16
5 63 91
64 89 77
38 10 48
20 4 86
15 98 58
77 68 76
68 86 58
38 82 2
32 1 33
66 64 42
23 84 72
54 83 50
61 69 58
75 5 91
49 91 86
20 62 73
32 92 17
40 35 8
52 64 68
32 1 9
97 47 9
66 10 44
54 86 58
47 72 16
47 4 76
12 32 36
89 86 90
15 71 57
49 37 86
42 94 82
52 1 68
13 92 31
90 81 61
14 64 11
59 10 48
34 35 36
47 92 11
33 37 70
62 1 38
20 49 74
89 49 90
50 50 85
68 98 50
30 4 41
88 46 50
65 92 41
50 47 86
34 35 83
90 13 52
6 92 9
0 5 62
58 89 13
37 43 18
29 24 83
28 38 19
64 21 55
16 78 33
47 1 11
99 56 44
64 84 52
66 64 77
66 52 11
4 1 68
70 30 86
74 82 2
30 68 31
34 27 36
5 54 66
9 42 88
58 94 13
5 13 72
64 93 13
4 69 11
4 95 57
41 23 89
68 49 50
64 77 77
20 98 58
58 89 77
80 39 78
59 72 98
68 83 6
52 1 42
94 98 80
32 1 52
89 83 58
20 37 86
89 83 6
13 3 31
51 99 27
66 10 48
65 92 11
38 10 2
12 27 8
52 28 11
81 81 17
64 63 52
90 81 87
39 42 89
22 30 33
52 97 22
21 18 84
97 67 92
49 30 86
59 82 48
49 91 5
4 64 42
7 69 8
49 62 70
70 30 5
64 93 0
41 19 61
77 92 16
15 44 6
5 83 47
64 27 55
85 31 2
50 63 91
80 82 84
75 23 88
6 31 97
68 14 61
90 83 86
12 43 55
26 82 83
2 30 23
32 96 52
97 1 52
7 93 89
48 62 86
97 47 52
50 93 70
10 50 99
47 51 18
12 8 58
65 72 11
49 30 73
47 53 11
30 10 38
0 95 15
28 66 31
14 69 77
90 19 88
39 28 89
76 89 71
70 4 5
76 93 77
86 31 9
6 84 68
31 43 36
75 23 87
4 52 11
18 10 2
95 76 32
53 93 77
58 83 90
13 3 76
38 10 73
28 44 16
15 86 90
97 31 97
5 80 37
14 64 42
14 69 42
65 92 76
77 4 41
44 80 93
1 2 43
80 73 4
20 30 86
21 73 67
70 91 5
18 16 68
3 82 41
53 84 37
20 83 50
6 47 52
33 4 73
36 31 9
15 98 50
67 36 48
94 42 13
47 3 41
70 62 86
28 1 87
59 10 98
39 19 89
59 11 5
89 29 95
74 31 48
64 7 39
41 28 89
68 5 89
40 32 8
33 62 86
49 37 73
89 49 74
58 62 90
10 97 98
77 3 31
15 49 90
7 29 17
30 3 41
66 10 98
64 63 86
40 21 83
76 77 90
14 40 58
54 98 6
67 96 54
6 96 9
34 43 36
38 49 70
42 74 4
50 53 49
54 29 42
76 62 77
54 86 90
81 14 53
39 19 87
65 82 44
30 92 76
69 77 67
46 85 24
76 93 90
36 1 17
89 86 74
41 69 88
60 11 29
31 32 8
66 1 77
53 62 71
5 24 31
1 46 57
4 57 87
34 39 89
9 81 86
69 86 77
76 59 13
64 15 13
50 47 72
30 12 97
36 1 97
54 49 6
23 19 90
76 94 0
36 1 74
87 64 15
70 37 95
13 72 11
96 42 51
18 82 48
52 8 84
22 76 39
53 39 39
90 23 61
28 1 65
20 86 6
32 60 23
47 69 77
31 43 32
80 28 1
39 28 88
87 95 59
33 14 49
24 72 75
20 62 70
39 92 97
92 13 64
29 63 14
32 31 97
24 49 97
96 69 84
53 93 90
48 11 22
93 28 69
33 4 70
64 47 52
85 46 37
35 51 70
74 31 44
64 77 13
85 36 67
45 98 4
99 18 10
65 68 16
37 92 53
51 53 94
6 96 52
40 32 55
80 62 76
66 89 8
86 96 9
74 82 98
75 81 88
40 19 67
7 38 53
85 5 35
67 0 75
39 1 66
14 1 11
18 31 98
39 81 61
59 10 2
90 72 14
58 62 71
86 92 97
39 23 89
30 68 16
44 14 20
98 90 90
59 50 34
99 81 70
54 28 38
46 81 35
11 13 21
38 39 32
89 7 83
89 98 50
20 86 58
18 82 44
53 93 0
18 84 47
68 58 34
9 29 66
40 87 85
72 17 86
77 72 16
72 7 11
93 68 62
52 53 38
90 84 72
47 68 31
1 76 29
14 69 11
78 97 68
70 37 52
22 76 60
59 24 30
69 94 85
3 41 25
49 63 95
75 19 61
0 54 81
66 53 95
34 65 52
74 70 48
14 53 68
68 55 46
3 14 83
10 94 11
41 44 79
86 92 17
15 7 14
14 52 68
51 80 55
88 86 0
61 11 68
9 54 43
25 31 97
52 53 77
50 42 6
40 27 8
1 64 90
14 53 42
41 81 89
5 95 74
36 31 17
27 69 93
84 64 63
24 69 57
66 82 98
33 5 30
58 89 90
77 68 11
6 96 97
69 99 31
89 98 6
20 98 50
14 64 68
39 42 86
41 17 19
54 86 3
9 64 93
20 37 5
34 43 8
14 69 38
93 84 37
66 29 31
70 53 50
49 5 59
20 62 52
77 68 16
10 51 58
27 1 21
82 24 98
66 91 82
2 9 19
50 39 9
74 67 12
4 1 38
74 10 48
63 78 6
12 35 55
66 39 41
69 82 27
58 93 90
40 46 50
16 66 28
90 81 89
40 27 55
88 53 57
45 24 32
78 68 63
11 71 58
76 50 1
1 8 84
