41 82 44
38 82 73
58 89 13
90 42 87
20 62 52
61 8 95
5 13 91
43 15 20
14 69 38
31 35 83
15 73 73
53 62 0
87 91 65
99 8 90
17 84 70
93 29 7
19 5 25
86 69 17
31 73 45
39 45 1
53 89 13
0 35 67
8 79 97
64 36 75
44 42 34
33 4 2
97 88 85
46 23 64
97 47 74
85 30 14
3 44 33
77 72 41
95 97 29
92 11 22
27 33 39
22 2 24
49 50 61
83 7 5
83 36 21
93 62 93
85 93 26
2 35 93
13 3 11
60 2 59
81 88 72
3 4 59
81 76 47
50 95 54
70 0 62
76 43 67
82 59 38
96 6 14
34 80 75
39 19 87
35 44 58
4 64 38
89 8 97
35 30 58
27 18 28
74 77 74
73 81 3
83 42 46
6 1 9
14 2 13
3 35 77
17 92 85
38 7 50
22 94 9
81 59 14
38 7 67
92 69 16
68 17 6
92 13 57
97 78 25
92 62 97
81 28 76
26 64 93
8 71 74
90 42 88
47 1 42
28 68 11
50 13 47
87 91 31
31 86 54
10 80 56
66 50 83
74 94 40
50 37 23
57 29 99
7 1 70
16 73 20
69 72 58
14 55 44
8 50 73
42 83 90
39 28 73
71 48 72
35 49 46
64 35 67
61 83 80
5 51 41
34 70 40
85 35 92
68 79 53
36 47 17
90 35 68
56 69 71
94 67 29
14 41 21
52 37 5
43 78 95
17 28 13
91 19 79
83 85 77
40 98 76
67 16 34
90 5 84
87 11 96
70 41 19
27 54 6
6 41 80
13 6 53
89 64 96
34 52 97
65 92 59
99 40 12
17 56 26
91 8 64
97 47 52
67 0 86
44 92 88
99 14 94
89 19 77
50 47 99
9 7 74
41 51 82
33 24 53
57 25 43
21 25 86
37 57 69
34 30 47
54 31 76
25 61 42
80 92 28
13 42 58
11 66 15
65 92 31
79 32 84
61 94 12
61 95 79
53 94 90
18 98 82
98 92 25
39 71 47
9 16 13
90 42 61
95 93 33
9 42 86
17 47 95
66 82 73
50 29 83
59 64 88
31 19 66
75 81 88
37 30 61
70 30 13
34 11 25
41 36 55
58 62 77
46 15 54
54 49 6
41 81 86
47 43 67
47 93 22
78 72 19
36 28 10
52 27 55
44 21 50
7 91 94
69 3 71
12 67 22
83 3 52
96 21 70
81 34 84
54 51 85
79 2 73
11 93 13
50 45 5
89 33 84
41 0 1
60 31 85
5 13 86
58 77 52
53 46 87
5 29 39
15 3 48
87 23 41
28 71 58
84 30 13
32 26 88
44 69 64
32 90 14
80 30 48
95 93 8
26 47 27
73 18 68
26 40 72
33 50 48
50 42 35
51 54 33
96 99 67
12 99 78
96 8 79
42 11 49
25 57 29
18 9 37
71 76 73
7 78 71
61 37 46
34 35 36
21 40 46
49 50 50
98 24 17
21 90 39
50 73 91
98 94 0
70 41 63
94 15 6
73 7 56
83 50 53
27 81 50
96 2 43
11 44 59
14 19 86
73 59 49
56 20 51
67 8 0
37 0 88
54 3 88
48 90 62
41 95 58
30 51 81
67 82 85
97 97 28
79 23 38
32 96 9
59 66 36
20 94 77
76 94 13
5 13 92
90 84 86
91 46 69
52 1 77
36 79 45
75 85 42
7 37 31
61 23 84
12 93 94
6 92 97
47 98 34
42 69 96
23 91 76
56 79 85
56 19 17
60 99 90
47 70 95
92 76 51
1 40 48
85 33 76
97 54 72
92 21 15
41 19 30
35 62 47
64 27 8
85 70 11
11 17 76
27 81 42
31 27 55
48 46 62
78 59 59
56 36 77
23 19 9
39 6 3
22 53 66
98 46 67
55 1 23
53 65 99
67 5 28
82 81 95
90 52 57
20 25 51
22 72 5
12 67 44
12 27 5
80 97 89
53 63 17
46 66 70
35 2 73
92 65 68
64 58 0
30 61 95
13 63 55
95 17 59
91 58 56
42 29 66
96 19 88
69 65 86
76 17 48
43 15 0
29 28 24
48 5 79
99 4 8
67 42 43
11 40 42
93 85 12
53 55 48
7 97 98
72 74 31
61 9 80
21 85 93
93 83 99
65 78 80
72 22 68
70 33 20
15 55 6
26 0 79
6 28 42
10 74 13
66 49 29
44 1 16
35 17 33
25 17 23
67 74 81
85 32 25
21 20 76
3 63 39
10 12 56
97 73 91
61 55 99
46 90 56
61 28 23
23 93 97
47 60 83
19 88 10
13 84 69
83 93 81
92 41 57
0 79 67
20 78 9
26 17 75
67 96 18
59 17 3
54 30 86
69 53 54
5 53 61
15 2 71
37 97 1
37 43 67
65 43 28
80 2 14
0 29 29
95 92 34
38 81 45
7 84 80
52 63 26
96 73 42
29 11 40
23 23 86
88 93 29
3 91 21
44 7 42
83 56 21
82 49 46
65 87 4
24 37 89
99 95 12
72 22 84
95 81 98
79 5 76
2 46 61
32 51 94
52 33 78
49 98 32
1 41 41
1 58 87
9 60 37
74 31 98
59 66 77
41 19 88
64 43 83
66 89 7
46 54 94
33 80 68
63 4 46
95 69 24
27 72 5
74 73 6
14 64 22
57 57 58
76 42 77
32 46 72
69 3 5
40 72 13
34 21 55
41 28 87
11 97 44
99 77 53
46 52 20
66 2 8
6 57 99
29 48 96
32 73 32
9 92 48
94 87 63
75 92 83
30 92 16
62 4 68
38 14 40
98 4 87
38 22 17
8 88 91
57 45 12
42 30 59
85 16 75
7 8 15
17 29 35
23 13 50
61 57 24
13 33 1
42 4 55
59 5 46
64 62 77
75 12 56
91 59 54
77 89 70
6 80 94
47 80 18
49 45 52
52 59 17
78 12 89
23 87 76
65 36 60
20 12 87
8 76 67
21 98 19
25 48 66
13 15 39
5 85 41
24 39 96
65 31 31
61 21 17
54 94 52
37 3 57
23 13 87
22 3 92
20 77 90
74 93 9
59 10 73
70 90 21
42 81 58
47 92 11
46 99 89
96 50 46
48 37 52
41 96 49
90 39 93
65 39 81
10 7 21
92 65 60
13 71 86
89 0 24
55 5 77
10 47 93
61 69 61
68 25 43
40 36 38
34 57 13
14 18 54
70 96 43
35 89 84
53 58 43
8 55 30
99 93 76
56 2 84
29 68 76
81 49 68
90 15 12
77 41 99
99 43 3
20 66 77
71 63 90
75 71 55
60 23 91
77 77 11
85 63 50
46 13 24
43 99 71
48 59 74
8 96 53
88 56 0
9 48 77
7 76 82
63 1 78
48 18 79
2 89 19
3 16 16
91 90 59
54 46 58
40 82 4
28 88 35
73 49 91
76 77 16
73 10 20
3 24 15
70 81 95
18 51 99
49 12 25
28 32 88
75 58 0
90 80 49
75 78 58
46 2 27
49 27 74
19 32 76
96 9 30
50 95 1
65 73 56
97 39 81
12 72 57
85 77 91
38 68 34
77 99 87
92 43 93
26 31 84
75 13 89
8 99 3
98 87 62
96 11 8
28 35 69
76 18 85
25 99 30
44 17 22
25 23 16
38 5 25
73 63 19
38 80 18
68 12 25
21 65 30
84 58 30
18 39 66
4 41 5
70 41 59
91 5 53
25 31 82
70 70 54
3 86 99
90 84 28
97 4 39
32 38 46
13 41 92
52 57 63
74 16 68
0 18 10
93 2 96
41 28 13
83 1 93
65 91 99
90 97 92
7 76 12
79 42 27
49 30 86
1 64 49
24 87 0
5 77 13
6 75 10
90 83 52
60 97 29
5 41 51
91 52 96
79 4 64
13 92 41
43 46 29
16 58 45
9 23 20
19 38 37
58 38 54
98 0 7
12 64 81
66 67 17
18 27 9
39 84 43
5 60 14
6 55 98
31 4 31
75 89 1
12 32 36
29 72 18
66 6 84
3 17 6
3 11 71
89 98 90
36 7 59
93 67 82
59 70 98
99 79 44
68 72 63
96 74 67
15 79 39
8 1 4
88 86 69
60 81 19
95 13 41
90 68 71
72 41 44
60 64 46
28 56 65
34 78 61
50 97 84
66 70 2
58 21 68
34 13 51
40 77 62
77 68 31
44 61 97
51 62 27
95 55 67
41 31 7
10 30 53
58 45 72
96 30 18
77 29 28
31 18 97
31 15 11
37 69 97
50 63 52
89 88 5
70 5 5
9 28 9
20 4 70
51 9 30
32 24 45
59 45 99
4 49 40
90 53 97
48 11 28
19 45 0
27 66 30
27 14 45
91 6 78
18 19 83
15 20 51
72 86 49
40 65 4
93 9 38
36 58 61
80 85 39
91 39 68
41 90 26
91 52 18
9 39 63
37 54 71
72 94 91
32 43 44
15 98 90
87 10 35
45 75 22
91 68 41
82 42 66
12 18 3
99 40 13
33 42 33
41 66 92
72 84 29
41 38 76
20 72 38
65 84 84
39 19 61
46 63 17
7 31 11
32 35 43
50 25 79
74 90 20
75 16 14
67 5 46
47 61 18
31 78 17
48 69 59
12 4 55
27 26 4
84 40 74
87 41 31
33 43 69
21 81 45
84 81 43
64 0 10
6 38 83
53 56 96
4 78 80
5 61 97
97 59 8
24 88 77
65 50 85
46 22 85
95 35 95
67 20 51
46 25 58
25 34 46
2 21 66
25 52 95
20 94 0
21 13 91
91 70 47
81 81 43
97 3 17
56 72 29
61 4 29
8 30 88
58 83 37
72 1 76
4 69 4
39 79 26
40 91 56
47 41 97
78 4 74
55 62 14
6 89 77
43 42 62
77 39 14
87 46 60
84 55 91
72 5 1
62 31 24
30 63 38
57 91 68
17 37 68
18 35 31
42 68 69
20 44 6
31 50 10
64 47 86
95 20 95
60 37 16
72 28 31
29 80 57
20 91 73
10 51 60
18 29 96
97 84 88
64 69 18
71 81 59
39 90 14
20 9 54
11 81 13
77 20 72
69 72 81
71 57 79
51 90 84
7 33 81
55 96 14
39 82 85
38 50 13
61 83 71
92 87 39
73 75 31
95 98 40
78 46 80
77 20 6
84 76 81
46 12 28
72 56 45
87 57 72
47 92 31
52 38 94
96 98 46
28 27 81
97 74 93
20 62 5
98 26 66
5 17 44
71 66 14
60 52 85
31 26 37
83 92 46
21 45 10
42 96 92
36 27 93
10 14 33
21 28 2
74 42 99
52 38 38
52 73 2
89 0 26
92 0 35
87 25 94
20 7 30
60 84 94
88 11 37
23 63 91
64 62 0
80 36 27
90 78 16
51 54 60
14 53 77
70 98 98
58 87 2
78 81 51
20 33 44
33 71 1
2 6 14
21 30 51
56 59 29
2 21 3
92 11 94
57 90 34
5 47 91
15 44 6
69 85 27
66 84 63
66 38 93
7 54 95
49 44 54
15 88 85
3 79 85
75 25 42
31 93 10
52 5 13
14 65 49
56 93 23
97 31 38
78 81 37
49 0 8
72 50 69
23 42 75
47 45 4
20 88 57
43 65 42
91 28 63
7 36 79
63 67 63
76 0 92
91 40 48
82 26 91
8 44 56
56 9 69
32 34 32
71 49 99
81 66 52
86 36 69
44 47 9
70 97 75
88 60 20
71 5 21
7 44 82
83 65 42
34 94 84
69 82 81
56 45 96
84 55 45
82 46 71
16 97 43
51 38 83
86 63 71
5 83 91
20 49 6
94 37 6
24 63 74
23 13 18
27 67 41
61 82 60
49 16 92
49 85 7
2 26 39
89 24 25
36 86 26
26 10 10
16 46 3
33 62 83
69 67 88
11 25 6
2 10 11
54 86 90
83 77 33
34 58 46
92 65 38
4 69 68
11 67 69
94 21 81
29 37 24
64 2 9
15 99 13
36 52 32
71 2 97
63 25 37
52 82 70
32 69 88
62 73 91
74 10 44
52 37 64
21 97 92
77 90 12
19 10 32
2 22 60
76 77 0
91 98 6
38 7 72
50 47 64
15 1 30
49 4 32
85 78 64
72 30 78
29 21 30
69 68 5
21 47 69
12 87 76
54 3 60
32 74 3
16 7 26
70 4 86
51 34 98
47 37 99
45 83 89
60 58 11
15 12 39
74 98 36
35 62 86
50 98 21
83 56 81
25 97 55
37 45 46
78 7 62
73 65 57
96 91 81
21 34 74
41 89 31
14 35 59
51 54 38
8 96 13
36 28 74
94 34 98
88 54 92
79 84 56
87 95 92
1 3 90
34 34 65
5 97 25
97 31 9
4 33 63
25 42 47
99 0 0
18 82 2
74 72 29
54 19 47
33 58 2
20 55 46
33 96 44
75 10 89
34 91 21
57 74 36
17 84 98
98 31 58
4 88 92
52 32 29
27 30 53
3 20 96
33 13 58
72 58 42
37 68 79
11 50 20
23 47 86
17 69 48
23 33 21
21 3 87
24 91 0
21 30 55
32 31 17
84 57 62
84 58 22
72 9 47
36 96 17
22 61 64
86 65 55
41 90 18
20 23 61
28 56 89
86 52 35
3 88 71
38 87 60
47 60 28
36 36 70
70 4 35
29 44 55
77 89 80
55 57 39
83 13 24
10 67 11
67 77 98
64 87 62
92 88 81
9 16 21
67 58 19
