66 69 42
38 72 44
90 19 86
47 72 16
59 82 44
64 77 0
20 62 77
47 52 68
6 1 97
32 96 17
31 35 8
74 10 48
49 30 52
5 84 91
30 68 16
75 19 86
59 72 73
30 3 11
50 13 86
70 37 5
40 35 83
89 83 90
58 62 71
50 96 38
14 64 77
52 1 77
76 94 0
58 93 90
15 83 50
31 27 32
13 3 31
40 27 83
90 63 72
15 86 6
20 83 58
15 98 58
34 32 55
18 72 98
20 37 5
75 42 89
47 1 77
77 68 31
64 77 77
75 28 87
36 47 52
47 53 77
89 83 6
64 62 71
66 10 73
18 70 44
54 83 6
68 98 50
50 83 72
74 12 98
59 72 44
64 77 71
90 81 86
40 27 36
5 83 91
36 31 52
86 1 52
12 27 36
41 19 61
64 89 71
76 90 6
12 32 36
13 92 41
52 64 38
9 81 88
33 7 32
65 3 41
84 96 17
20 37 73
40 21 32
64 21 8
97 92 17
63 68 76
65 92 31
32 96 9
49 62 86
23 84 72
64 93 0
32 1 9
80 42 55
23 63 52
64 27 8
75 42 61
0 78 93
20 91 86
64 83 47
17 55 84
31 21 55
32 92 17
73 55 33
15 44 50
94 93 38
16 77 88
74 70 73
36 96 17
65 4 11
30 92 16
49 37 70
86 1 17
20 4 52
39 6 76
53 93 71
64 35 83
77 4 41
13 72 31
23 13 47
76 90 13
21 33 50
83 53 0
85 3 56
75 28 89
48 48 57
31 21 32
5 13 91
32 47 74
30 4 16
90 84 86
89 49 90
36 47 9
14 87 4
53 62 90
60 84 90
23 63 91
10 33 23
5 84 72
4 52 42
93 52 18
89 44 90
63 18 45
10 58 98
40 27 32
12 21 83
17 1 33
66 52 38
38 31 98
32 47 17
3 91 74
68 43 19
55 64 26
34 32 36
20 86 74
64 13 72
13 92 11
49 62 5
89 80 17
99 85 10
14 1 11
22 89 23
13 68 41
90 42 88
20 93 0
50 13 91
4 64 77
65 70 84
54 86 90
13 83 10
68 86 74
51 2 93
31 32 32
40 39 20
14 53 68
15 86 90
52 53 38
55 14 15
66 72 98
40 43 83
28 74 95
41 19 86
23 47 72
40 27 8
12 27 32
36 46 95
76 32 42
39 42 61
78 72 79
97 1 9
18 80 63
6 1 17
23 45 41
58 32 79
22 72 11
13 60 25
68 49 58
50 63 86
9 28 86
36 17 42
31 22 0
5 83 77
11 31 12
81 4 60
58 34 1
98 64 53
48 53 54
54 83 74
54 98 74
60 11 67
17 64 99
31 43 83
22 85 86
30 13 50
52 52 42
33 13 35
47 53 38
47 52 38
41 42 86
0 51 95
53 89 13
68 58 81
90 23 89
47 68 16
93 9 85
65 74 50
47 52 11
20 62 70
65 92 76
34 43 36
28 75 99
71 37 12
22 4 80
69 29 40
5 83 47
87 67 24
31 27 36
4 87 13
64 45 64
86 76 25
60 67 68
20 93 13
64 84 52
38 10 44
49 1 40
97 1 97
2 1 25
83 66 42
3 6 18
6 10 23
47 69 38
86 45 7
14 94 53
90 83 72
52 88 58
14 69 77
15 18 54
48 30 73
34 24 26
50 84 91
30 44 63
43 93 18
53 62 71
66 70 48
75 23 87
64 84 91
78 88 94
28 99 27
49 83 89
42 34 5
51 21 99
90 42 61
64 64 70
85 21 6
9 23 87
83 29 46
22 6 65
15 31 16
98 91 55
30 25 74
65 3 16
19 20 38
86 75 66
66 82 98
12 38 37
33 4 5
65 26 68
70 91 70
57 21 59
65 72 31
62 59 12
65 65 18
83 26 99
36 47 74
60 72 66
24 65 75
64 21 55
63 79 57
74 85 64
31 3 89
66 93 65
82 82 51
20 77 71
9 56 76
14 64 42
81 46 13
32 30 93
55 92 8
90 47 47
6 99 26
78 5 59
46 19 39
65 68 76
14 52 42
24 70 56
45 70 55
62 97 7
79 86 11
98 49 6
97 37 57
66 45 24
80 54 79
8 96 66
99 17 43
24 58 15
20 93 77
25 51 0
50 84 52
90 19 87
28 78 21
13 83 14
46 37 77
65 25 11
61 45 73
27 26 76
75 19 88
14 34 50
13 56 77
20 62 73
18 68 65
10 41 9
95 5 33
50 84 72
10 90 42
9 49 77
61 96 3
64 62 13
84 18 32
5 52 89
88 84 21
58 25 78
64 89 90
96 95 35
40 65 74
90 84 54
39 57 53
90 84 91
68 19 62
77 47 6
18 70 48
42 63 77
24 7 1
0 91 15
48 37 73
36 95 51
44 65 35
14 57 81
16 41 26
0 17 78
12 21 36
52 96 40
6 47 97
47 18 30
14 80 41
90 44 72
9 96 29
81 90 52
79 36 93
64 55 40
94 71 2
95 9 62
86 69 16
81 97 87
74 31 44
29 51 38
91 37 42
54 50 51
64 58 19
30 72 16
15 86 74
23 93 54
51 4 36
21 42 72
45 25 58
66 1 42
24 78 87
84 14 50
48 12 91
32 47 43
77 72 31
2 2 45
39 28 89
39 23 89
70 62 86
78 17 35
41 84 5
92 15 65
39 10 99
4 47 65
22 88 87
15 44 6
87 95 74
4 20 91
74 10 44
20 93 71
87 86 40
9 28 88
64 8 82
98 43 3
86 96 9
75 44 72
28 76 16
91 81 42
25 6 74
33 63 10
80 6 77
40 35 8
45 71 96
95 99 55
80 72 36
46 46 48
32 57 78
88 56 55
8 28 6
82 28 8
84 76 81
56 83 95
77 16 85
53 25 98
20 62 90
5 98 47
64 35 29
24 50 85
48 8 28
18 47 41
64 87 93
49 56 59
73 52 16
48 1 42
51 9 42
19 62 82
67 1 39
90 83 86
5 2 42
35 75 11
71 11 60
45 58 16
62 64 3
82 90 87
65 4 52
64 78 43
25 83 84
99 64 5
41 78 11
52 45 85
11 30 78
60 48 11
63 27 88
79 11 0
66 10 2
21 98 56
5 63 91
27 63 74
19 42 34
16 8 14
57 34 31
78 88 33
88 26 64
40 21 83
67 96 48
22 12 96
4 52 77
31 21 36
77 88 40
58 45 86
52 43 93
0 76 1
79 58 65
23 12 30
19 83 58
72 47 96
59 22 83
46 98 2
34 41 66
10 80 95
15 78 35
34 49 38
19 25 18
95 22 77
99 61 0
45 9 40
89 83 69
48 4 52
20 74 15
9 56 24
22 80 80
84 45 14
49 91 5
60 9 90
61 18 68
47 58 76
6 47 17
28 53 98
66 53 38
0 40 69
79 92 69
34 12 82
25 20 1
73 37 46
18 57 13
12 88 29
56 79 93
41 42 61
18 44 96
93 69 1
77 42 55
25 59 80
89 95 61
61 43 96
2 22 96
76 89 0
26 93 75
40 32 83
64 62 0
39 9 28
84 37 39
33 7 79
72 3 86
40 23 44
8 58 9
39 28 61
66 64 68
58 94 13
17 72 84
69 64 96
50 13 72
61 20 11
92 15 38
26 61 13
70 89 54
43 13 56
41 42 89
55 43 85
58 93 71
93 57 23
81 61 30
10 54 85
13 4 31
37 1 75
77 92 24
41 28 89
46 58 60
35 69 4
95 65 55
48 75 5
52 69 42
6 31 17
69 9 77
3 99 94
47 4 76
96 48 16
29 68 81
97 76 96
67 6 4
51 13 85
13 8 65
34 15 46
85 2 16
93 19 40
52 64 77
19 87 82
24 10 83
6 31 52
46 56 20
92 50 62
97 55 32
60 94 95
38 70 98
32 89 93
77 30 8
13 4 16
59 72 2
60 55 85
88 97 49
3 48 13
21 97 63
75 85 68
96 91 0
10 61 93
24 31 11
23 83 47
75 42 87
38 70 48
30 90 99
75 81 87
8 89 64
14 53 11
80 99 65
67 15 38
49 91 73
0 12 23
11 57 8
58 94 77
14 52 38
49 9 17
44 98 4
79 56 90
50 34 26
23 33 50
59 17 49
97 46 86
14 48 2
0 41 35
4 62 39
76 51 76
66 69 68
32 31 17
77 72 76
20 89 46
53 62 77
0 34 69
20 87 30
73 32 24
16 67 53
9 34 11
73 67 91
12 89 22
14 27 86
38 7 44
47 59 35
95 51 52
7 29 84
14 52 68
72 52 11
94 62 18
66 44 69
3 80 30
0 39 15
38 38 71
20 98 74
39 87 97
64 94 13
5 3 61
22 46 12
70 99 31
33 99 72
10 25 66
23 9 89
37 15 38
34 96 79
4 80 33
46 88 69
8 27 7
4 64 38
76 79 68
54 69 18
60 68 71
98 64 7
18 5 55
99 78 23
17 61 52
74 97 73
76 66 6
27 48 6
44 64 73
37 40 37
1 15 9
80 54 76
34 94 97
8 58 46
51 29 79
35 16 81
12 58 11
67 60 92
71 77 51
57 52 30
56 40 43
76 62 13
42 13 22
89 86 6
26 21 79
83 53 69
48 31 60
45 22 39
15 77 54
83 89 10
36 96 52
97 47 17
78 46 14
98 39 98
90 42 86
32 61 16
44 99 37
80 76 4
90 29 6
54 49 74
60 24 60
23 86 47
42 41 58
23 75 67
47 52 42
64 63 52
65 97 34
23 83 72
46 70 49
66 74 36
71 89 20
48 91 5
59 58 75
51 8 17
91 51 59
97 68 78
40 86 8
23 76 95
68 83 50
90 63 47
24 74 70
41 17 54
70 87 28
6 23 4
64 66 11
34 43 55
35 79 85
80 4 85
53 25 51
88 48 82
13 39 64
76 86 47
73 68 67
84 9 14
48 50 19
63 48 35
42 92 92
20 7 86
30 92 76
89 5 36
56 87 45
15 44 90
41 17 32
64 93 14
11 64 58
32 74 30
98 32 71
50 64 72
66 23 99
42 93 63
36 83 93
0 58 82
41 22 63
22 3 42
70 20 40
86 39 70
5 0 6
57 90 17
47 3 76
70 24 3
6 17 81
47 13 56
19 16 19
92 38 87
17 67 13
17 87 90
36 67 42
69 80 57
3 98 45
32 76 31
22 31 65
5 47 72
66 52 68
13 53 48
74 72 73
15 65 43
1 21 25
98 86 61
57 3 57
49 89 89
14 69 11
68 86 50
22 88 93
17 78 19
27 11 25
57 99 34
40 19 21
76 94 13
87 32 44
43 88 39
69 3 10
99 73 71
20 52 84
4 78 32
97 31 52
88 99 49
61 0 57
82 7 33
63 91 36
2 1 59
85 48 96
64 77 28
37 61 27
38 70 44
77 72 16
98 46 92
53 15 17
35 59 41
48 45 14
20 61 83
52 41 18
41 26 53
95 83 43
91 46 71
12 77 90
52 87 25
28 97 83
85 21 9
45 34 21
43 25 12
74 26 6
82 92 51
91 86 19
47 68 11
9 23 88
46 46 1
52 21 23
50 13 47
31 87 1
31 27 53
58 38 19
66 69 38
49 0 84
19 71 56
47 92 76
29 80 31
12 66 52
90 58 41
54 35 88
67 16 75
89 83 95
6 53 68
54 44 58
2 96 18
92 91 87
90 58 80
82 8 21
77 71 39
31 32 55
29 17 63
87 8 14
47 59 98
76 93 77
50 94 64
12 85 85
89 86 90
2 39 62
63 49 69
83 47 14
31 8 79
54 57 84
70 67 22
26 58 84
83 91 45
72 62 24
47 70 58
26 92 88
54 49 90
74 25 35
19 8 79
57 0 29
31 38 91
95 85 95
74 2 71
18 65 12
83 7 37
24 31 43
19 47 34
30 44 40
37 26 75
72 85 52
81 15 64
94 58 42
8 10 51
14 23 75
48 94 23
40 32 8
90 75 17
38 31 2
45 36 55
47 88 52
30 60 48
97 47 97
30 11 78
91 72 42
71 57 68
25 2 46
51 6 28
64 52 85
74 9 93
11 67 10
86 31 74
31 27 83
0 19 59
67 84 74
92 97 88
37 50 14
50 30 0
23 67 34
60 84 11
2 97 63
56 1 78
98 17 24
45 0 26
48 52 70
29 12 71
86 92 59
94 70 78
46 98 35
45 42 69
14 72 15
25 21 69
36 35 62
73 55 57
76 72 47
53 72 70
75 86 17
5 37 91
39 57 69
50 23 63
77 28 98
34 56 37
97 80 99
5 24 15
27 34 77
89 77 23
19 62 37
33 35 47
54 44 95
12 43 55
40 62 90
98 32 21
51 8 68
81 79 12
20 44 90
20 49 90
12 24 12
20 30 52
27 13 14
26 25 94
21 51 55
11 30 27
32 71 28
47 64 42
62 48 51
79 17 82
85 85 8
95 72 68
76 77 77
17 60 51
95 79 99
80 71 65
20 76 66
44 69 26
49 52 72
2 9 62
34 82 99
74 59 27
75 23 89
92 51 73
66 65 15
2 68 52
55 87 27
38 10 2
71 35 10
62 63 73
51 15 76
44 72 91
9 42 88
37 59 55
15 61 44
86 23 28
66 30 56
12 43 83
74 21 68
21 57 97
53 93 54
20 76 83
95 44 67
46 15 32
32 29 72
14 21 19
54 83 58
29 20 35
93 86 52
10 17 89
58 77 90
93 11 54
64 43 32
29 75 93
31 86 54
62 88 19
29 12 14
48 20 70
