30 4 41
20 44 74
31 32 83
32 96 17
90 19 87
13 68 76
5 47 91
41 81 61
68 98 6
52 53 77
65 92 41
50 47 86
5 47 72
86 92 9
74 82 48
34 43 8
6 31 74
33 37 86
66 10 48
36 92 17
47 4 76
40 43 83
34 27 55
64 47 91
68 86 90
32 96 52
90 84 52
70 30 86
59 10 73
20 77 0
52 1 42
12 35 55
90 47 52
32 96 9
5 84 72
20 4 86
50 47 52
49 4 86
13 92 16
4 52 38
49 37 86
31 35 8
4 53 38
20 30 86
13 3 76
38 70 98
36 47 17
74 10 73
66 1 68
20 4 73
39 19 86
20 93 13
75 28 88
9 81 89
68 49 50
32 1 97
13 68 11
39 81 61
14 64 68
6 1 52
66 1 38
54 98 58
89 44 58
89 86 50
66 53 77
52 64 11
47 52 68
32 1 74
47 52 11
50 63 47
90 81 61
90 83 72
97 31 97
75 28 87
47 53 38
77 92 11
5 63 47
6 47 97
52 69 77
30 68 11
49 62 86
23 84 86
75 23 87
30 68 41
65 4 76
20 37 73
77 72 76
5 47 52
14 1 68
64 32 55
15 44 90
15 49 74
39 23 86
97 31 9
90 63 47
41 28 86
20 62 86
38 10 44
38 10 98
47 64 42
65 3 76
48 30 5
14 53 68
4 69 42
34 32 8
41 42 89
66 70 2
64 94 77
53 77 13
75 42 61
54 44 58
15 86 6
38 70 44
90 19 89
15 83 50
30 92 11
30 4 76
65 3 11
49 37 73
20 62 5
68 98 50
58 89 90
64 83 47
20 62 0
41 19 61
65 68 76
36 96 9
86 1 74
20 37 70
58 62 90
38 31 98
66 31 44
64 13 72
75 81 86
47 4 41
47 69 38
40 32 32
58 77 13
76 93 90
64 83 91
53 93 77
64 83 72
76 89 77
47 3 11
33 91 86
47 92 76
20 94 13
32 1 9
97 1 74
13 4 41
58 89 0
76 94 77
31 27 55
5 47 86
13 92 11
66 82 44
31 32 32
49 62 5
77 4 11
41 23 87
34 35 8
64 43 83
64 77 90
64 77 77
90 83 86
40 32 8
52 1 77
64 13 91
76 77 13
39 81 86
14 69 11
40 43 32
31 27 36
90 28 87
4 1 38
77 68 41
23 13 72
90 81 89
74 31 48
59 70 2
90 23 87
89 86 90
97 92 74
20 98 6
23 83 47
52 69 11
20 98 74
86 92 17
47 4 11
70 91 86
33 62 70
41 81 87
41 81 86
76 94 90
77 72 41
13 4 76
36 96 97
48 4 5
4 52 77
53 94 71
86 47 97
47 72 41
53 93 71
20 89 0
70 91 5
90 23 61
70 30 52
23 83 86
4 69 11
39 23 87
20 44 58
75 23 88
66 72 73
18 10 44
39 28 89
59 82 73
64 63 86
52 52 11
48 91 73
90 28 88
66 70 44
48 4 86
15 83 90
20 77 90
66 31 98
59 10 2
65 4 41
97 31 52
14 52 77
23 83 52
15 49 90
59 31 44
13 68 16
48 91 5
23 13 86
64 27 32
20 62 70
30 92 76
50 13 47
23 63 47
77 4 31
77 92 41
18 10 48
34 35 36
74 72 98
58 62 0
32 47 52
58 62 71
68 49 90
54 98 90
90 81 88
48 62 70
4 1 11
76 62 77
9 23 87
89 49 58
50 13 86
33 30 70
31 21 8
50 83 47
15 86 74
6 31 52
14 52 42
20 98 90
23 47 52
74 31 73
86 92 74
65 3 41
39 23 61
20 83 6
76 94 13
32 31 9
31 43 32
14 1 11
59 70 44
65 68 41
64 35 55
20 94 71
49 62 52
76 89 71
47 3 76
14 53 77
20 44 90
6 47 9
39 42 61
36 31 17
38 72 44
74 10 2
89 98 90
33 4 5
38 31 48
13 4 31
41 28 61
90 13 91
66 53 42
90 23 88
89 83 90
23 63 91
39 81 87
64 94 71
18 10 98
64 89 77
40 43 8
31 27 83
30 68 76
9 19 87
53 89 0
33 91 52
5 83 47
90 81 87
33 37 73
18 82 48
33 37 5
64 47 86
13 3 31
64 27 36
76 89 90
5 83 86
54 44 6
38 82 2
54 49 50
52 1 38
50 84 47
36 1 9
41 81 88
23 47 86
50 13 52
32 31 17
77 3 41
89 86 6
64 83 86
47 92 11
9 28 88
12 43 8
90 19 88
20 89 71
49 30 5
68 86 58
64 77 13
52 64 68
68 86 50
5 84 47
39 19 87
64 21 55
40 21 32
41 81 89
34 32 55
20 98 58
53 94 13
20 44 6
20 77 77
53 62 77
38 82 73
54 49 6
70 37 73
64 77 71
23 63 52
20 83 50
15 98 90
40 27 8
15 98 50
9 81 61
90 28 89
97 96 9
66 31 2
36 1 97
12 21 32
64 93 13
75 42 87
97 31 17
47 1 11
64 89 71
89 83 50
70 91 70
40 27 55
6 31 97
12 32 32
48 30 52
76 89 0
89 86 58
52 53 11
6 1 17
70 30 5
47 3 41
23 84 47
59 31 2
31 35 36
75 23 89
64 62 13
59 10 48
68 49 6
52 69 38
48 37 86
64 63 72
18 31 2
66 70 98
18 72 98
20 93 71
66 64 77
74 31 98
12 27 8
47 69 68
4 53 11
33 91 5
58 93 90
66 52 11
34 27 83
64 93 0
54 83 58
41 23 86
75 23 61
14 53 38
40 21 83
20 86 58
20 93 0
64 32 8
76 62 13
9 23 89
49 30 70
36 92 97
65 68 11
64 35 8
31 43 8
34 27 36
20 83 90
49 37 52
12 21 55
48 91 86
66 52 68
64 21 32
32 31 97
70 30 70
54 98 74
50 47 91
64 83 52
20 94 77
74 82 98
75 42 89
49 37 70
13 3 41
50 83 91
59 31 73
54 83 6
74 82 2
14 53 11
70 37 5
39 42 87
12 35 8
18 72 44
34 32 32
58 93 71
50 63 72
64 32 36
90 47 72
38 70 73
30 72 11
4 53 77
20 49 58
31 35 55
64 94 0
90 42 88
20 49 74
14 1 77
23 47 47
89 44 74
76 93 0
70 37 70
86 47 52
30 3 16
77 92 31
59 82 2
48 30 86
86 92 52
20 37 5
39 81 88
52 64 38
34 43 83
66 82 73
38 72 2
86 96 9
5 13 86
58 93 77
6 31 9
66 64 11
58 77 0
64 35 32
50 63 52
6 31 17
58 94 0
52 1 68
20 91 70
66 69 77
13 92 31
23 13 47
36 47 52
47 68 16
89 83 58
90 83 47
54 86 50
18 70 2
4 52 42
50 63 91
41 23 89
68 44 6
15 86 90
47 68 76
66 10 44
70 62 70
12 27 83
9 19 86
58 77 90
23 63 86
50 47 72
97 96 52
52 69 42
64 89 13
89 44 6
13 68 41
90 13 72
47 68 41
13 3 11
34 35 83
97 47 17
47 64 11
47 92 41
54 49 90
18 72 73
58 77 71
53 62 13
40 21 8
18 82 44
47 53 11
9 42 87
66 72 44
75 19 61
52 69 68
66 31 73
5 13 47
66 82 48
33 62 73
30 3 11
52 1 11
64 21 83
30 92 31
32 1 17
64 35 36
18 82 73
49 4 70
41 28 87
6 92 74
58 62 13
75 19 89
86 1 97
97 96 17
13 68 31
68 44 58
75 19 88
23 13 52
12 27 36
97 47 74
39 28 88
70 62 86
32 92 52
15 86 50
33 62 5
77 4 41
23 83 91
50 84 86
15 83 74
65 3 31
47 72 76
74 72 2
65 4 11
90 47 47
4 1 68
64 47 72
90 84 72
6 92 17
90 83 52
97 96 74
90 28 86
34 35 55
30 72 31
14 69 42
41 19 87
9 19 89
76 77 77
31 32 36
38 72 73
36 47 74
97 31 74
75 19 86
64 93 71
58 89 77
97 47 52
30 68 31
6 47 17
13 4 11
70 37 86
54 86 58
9 23 61
65 68 16
86 96 17
90 84 91
48 91 52
90 84 86
20 86 74
40 35 55
89 86 74
75 19 87
5 83 72
36 47 9
18 72 48
97 92 97
40 21 36
66 53 38
18 31 48
9 23 86
64 43 8
59 10 44
49 37 5
20 62 52
20 94 90
89 49 6
9 28 61
34 43 36
66 52 38
20 4 70
14 64 42
33 91 73
12 35 32
4 52 68
70 4 5
31 35 83
31 27 32
76 94 0
74 70 73
90 19 61
40 27 32
59 82 98
49 30 73
32 92 74
66 64 68
33 30 73
20 62 71
5 47 47
59 72 44
41 19 88
53 94 90
34 35 32
14 69 77
13 92 41
23 84 91
40 21 55
86 31 52
12 32 83
14 53 42
97 1 9
33 4 73
76 62 0
74 72 44
66 72 98
75 28 86
77 3 76
32 1 52
68 44 90
5 83 52
38 70 2
74 70 44
89 98 58
40 27 36
70 4 73
90 84 47
38 70 48
33 37 70
20 44 50
9 28 89
41 28 88
58 89 13
13 72 16
12 32 55
75 81 88
32 92 9
74 70 98
38 10 2
58 77 77
48 30 73
20 62 73
53 93 90
18 82 2
15 44 50
20 62 77
36 92 74
52 52 77
47 64 38
15 49 50
64 27 83
90 42 86
66 82 2
31 32 8
97 96 97
41 23 88
64 94 90
39 42 88
70 4 52
48 62 73
4 64 42
33 30 5
50 83 52
13 72 31
47 68 31
5 84 86
48 62 5
53 93 0
36 96 52
12 21 36
75 28 61
66 70 48
64 13 47
36 31 74
38 82 44
65 68 31
48 37 73
49 91 5
5 13 91
6 92 97
90 63 72
4 64 68
20 91 52
30 92 16
32 96 97
59 70 98
66 69 42
20 77 13
86 47 74
66 69 68
5 63 91
64 35 83
58 94 77
6 96 17
40 27 83
20 89 90
41 19 89
59 72 73
40 32 83
18 31 73
38 72 98
86 96 74
53 77 0
77 4 76
90 23 86
41 42 86
4 53 42
49 30 86
76 77 90
41 19 86
64 84 52
48 37 5
4 1 42
89 49 50
68 98 58
4 64 77
74 82 73
70 4 86
86 47 9
6 47 52
58 93 0
66 52 42
39 23 88
15 98 74
74 70 2
36 92 52
23 83 72
48 4 73
20 83 74
49 4 73
89 44 90
31 21 32
54 83 74
40 32 55
15 83 58
90 83 91
34 21 55
47 53 68
38 82 48
20 86 90
4 69 77
90 63 86
20 91 86
50 84 52
66 64 38
34 27 8
89 49 74
15 98 6
12 43 32
9 28 87
20 4 5
50 13 72
12 21 8
59 72 2
30 3 76
64 13 86
49 91 86
4 53 68
68 98 90
74 82 44
9 42 86
52 53 42
5 84 91
76 94 71
38 82 98
54 83 90
66 69 38
70 62 73
15 49 58
40 32 36
47 3 31
12 43 83
38 31 44
15 49 6
66 1 11
4 1 77
50 84 72
47 53 77
14 52 38
89 49 90
53 94 0
70 62 5
54 86 6
40 35 36
36 92 9
36 96 74
52 52 68
20 86 50
20 89 13
20 83 58
12 43 36
41 28 89
48 62 86
77 92 76
20 30 5
64 43 55
52 53 68
33 30 52
30 3 41
34 32 36
97 47 97
9 19 88
90 47 91
39 42 89
53 89 77
66 31 48
74 10 98
54 49 58
14 64 77
65 72 41
64 63 91
53 77 71
47 1 42
90 63 91
20 49 6
13 92 76
54 86 90
65 72 76
77 68 31
36 47 97
86 47 17
65 4 31
77 72 31
18 70 73
47 68 11
66 72 48
77 4 16
64 84 86
52 53 38
30 4 11
49 4 5
12 35 36
74 31 2
49 91 52
4 64 38
66 53 68
64 89 0
36 31 97
64 21 8
30 3 31
48 30 70
76 77 0
38 10 48
68 98 74
9 42 88
97 47 9
89 98 74
86 96 97
59 70 73
12 27 55
5 63 72
33 91 70
97 1 17
36 31 9
20 49 90
9 19 61
47 52 77
18 82 98
14 52 11
36 1 17
65 3 16
33 4 52
14 69 68
6 96 9
90 81 86
18 31 44
59 31 98
70 91 73
64 62 71
68 83 6
66 64 42
58 94 90
9 81 87
34 43 32
53 89 90
52 52 42
89 98 50
30 72 76
33 62 86
74 10 44
65 72 11
64 43 36
34 21 32
68 44 74
74 72 48
53 62 90
90 63 52
54 98 6
90 42 89
38 72 48
50 83 72
90 19 86
86 1 17
47 1 38
23 47 72
90 42 87
47 52 42
66 10 73
70 62 52
20 91 5
47 64 77
76 93 71
53 62 71
97 92 17
66 70 73
86 1 9
54 86 74
66 52 77
13 3 16
86 31 97
20 30 73
32 47 74
9 81 86
65 92 31
32 31 74
50 63 86
39 19 88
68 83 90
65 92 16
15 83 6
9 23 88
65 92 76
12 32 8
49 91 73
75 81 61
49 4 52
59 70 48
12 35 83
70 4 70
64 32 32
70 30 73
36 96 17
5 13 52
66 69 11
77 3 31
77 3 16
34 21 36
18 31 98
74 72 73
6 1 9
53 62 0
18 70 48
14 69 38
38 31 2
39 28 61
77 68 16
75 28 89
86 31 74
54 49 74
40 35 8
97 92 52
47 1 68
76 93 77
6 96 52
