50 84 91
41 81 87
39 81 89
76 89 90
66 69 38
89 83 74
66 1 38
90 84 47
66 82 44
4 64 38
50 63 72
15 83 58
75 81 88
97 47 9
66 10 73
90 84 52
47 1 68
23 13 52
77 68 11
90 81 89
18 10 48
66 31 98
34 43 36
33 4 86
75 42 86
68 98 90
14 64 77
64 21 55
41 42 89
12 35 55
36 1 52
49 62 70
90 28 86
90 42 87
97 92 52
90 81 86
9 23 61
48 91 73
34 43 8
48 37 86
23 63 52
76 89 0
20 62 86
38 31 73
66 69 42
68 86 58
33 91 86
68 49 50
49 62 73
13 92 11
89 83 90
54 98 6
53 62 0
33 37 5
49 37 86
66 31 2
75 28 61
76 93 71
14 1 42
12 32 36
47 92 31
97 92 74
40 32 8
20 49 90
20 93 71
31 35 32
40 43 83
86 47 9
65 72 41
77 72 41
58 62 77
4 69 68
59 31 44
97 92 97
5 63 86
34 35 32
13 92 76
70 37 70
70 4 86
12 43 36
4 1 42
68 44 58
50 63 52
77 4 11
77 92 31
38 10 98
50 13 52
33 30 52
64 63 47
70 4 73
39 42 88
89 49 50
33 30 70
41 19 88
58 89 77
14 69 42
77 4 16
74 82 73
49 30 86
23 84 72
23 47 52
30 68 16
58 93 77
49 37 5
30 92 76
20 44 90
34 27 32
49 30 70
9 42 86
66 1 42
12 43 83
47 72 16
66 10 44
65 68 76
75 28 86
14 69 11
36 96 17
90 28 87
47 68 31
49 4 70
39 28 86
77 68 31
68 83 74
5 13 91
86 31 9
15 98 50
18 72 48
38 31 44
77 92 16
90 63 86
65 4 16
13 68 76
12 27 83
66 53 77
20 89 90
64 89 71
6 96 17
70 91 86
97 1 74
90 47 72
20 94 90
64 13 91
64 62 13
68 44 74
89 98 58
65 68 11
52 64 11
89 83 6
13 4 76
36 1 17
6 31 97
68 86 50
64 94 90
4 53 11
13 92 31
64 89 13
5 84 86
14 64 42
20 44 58
66 69 77
54 83 50
39 19 87
15 44 6
9 81 89
6 1 17
90 28 89
6 96 74
77 4 76
77 92 76
20 83 90
20 94 77
76 77 0
41 42 61
58 77 0
86 96 74
36 92 97
59 31 98
13 4 41
14 1 11
68 86 90
50 47 47
59 70 44
5 47 47
23 47 86
23 63 47
38 70 98
74 72 98
89 83 50
77 4 31
23 13 91
6 1 9
5 83 72
75 19 61
32 31 9
54 83 74
47 3 76
20 77 77
40 27 83
32 92 17
70 62 70
20 98 50
20 30 5
77 4 41
48 4 5
38 10 48
74 82 98
64 21 36
30 92 11
40 21 55
68 49 6
18 31 2
89 86 50
20 62 73
65 72 76
97 31 17
86 92 17
23 83 91
13 68 31
47 69 77
34 43 83
23 47 91
20 83 50
66 64 68
53 89 13
54 86 6
39 42 61
70 4 70
76 62 0
20 86 90
34 35 55
20 62 5
34 21 36
66 52 11
86 96 9
12 21 55
65 92 31
64 32 83
54 83 90
15 86 50
14 1 68
48 30 86
97 31 52
20 77 71
50 13 72
86 1 52
23 84 52
64 94 77
30 72 31
52 1 42
64 35 55
9 28 87
15 44 74
75 23 86
70 62 5
50 47 91
66 82 2
36 92 17
39 19 61
52 52 42
12 21 8
5 13 72
33 91 70
9 19 89
66 31 73
41 28 88
6 96 52
59 72 73
54 49 6
65 4 76
47 92 76
77 92 11
5 47 91
40 21 36
90 23 88
4 64 77
34 27 55
5 83 47
53 62 90
89 44 58
13 72 16
74 10 98
32 96 17
66 31 44
15 86 90
64 77 71
34 35 83
41 28 87
39 23 88
64 32 8
54 86 90
20 30 73
76 93 13
59 10 73
20 89 71
90 81 61
90 13 86
86 1 74
97 1 9
39 81 88
70 37 73
48 91 70
64 62 0
90 63 91
53 94 0
38 82 48
31 35 36
39 42 89
64 94 13
31 43 8
34 35 8
68 98 6
6 31 9
59 72 98
41 28 61
47 64 77
30 92 41
14 52 77
66 53 11
64 47 52
30 92 31
20 91 52
12 21 83
59 82 44
49 37 70
68 83 58
70 91 52
52 64 38
18 31 48
18 72 98
9 23 86
47 68 16
15 83 74
36 92 74
89 49 90
86 31 52
97 96 74
59 31 48
76 62 90
89 98 90
68 98 50
50 84 72
31 35 8
20 98 74
6 96 9
64 77 13
33 62 70
23 47 47
30 3 76
97 47 97
5 47 52
54 83 6
49 62 52
5 84 72
66 53 42
4 64 68
14 1 77
97 1 52
58 77 77
33 62 73
64 63 91
64 47 91
90 13 52
86 31 74
23 84 47
38 82 2
33 91 52
74 82 48
58 77 71
47 72 31
68 83 90
47 52 42
64 83 72
58 77 90
23 63 72
48 4 52
89 49 74
50 13 91
9 28 89
20 4 73
34 43 32
34 32 8
75 23 88
66 53 68
5 63 91
54 44 6
36 1 97
64 21 8
12 21 36
66 70 2
36 96 97
64 47 86
64 77 77
47 3 41
5 83 91
32 31 52
48 30 73
32 1 52
74 72 2
53 93 13
6 96 97
48 37 5
47 68 41
75 19 88
23 13 86
23 63 91
75 81 86
4 1 11
48 4 70
36 1 9
40 35 83
9 42 87
31 43 36
39 19 89
14 1 38
74 70 44
48 62 52
54 98 58
64 43 83
47 68 76
64 27 55
74 31 2
6 92 52
66 72 98
4 1 38
33 4 5
90 19 86
34 32 32
76 94 71
12 43 32
34 35 36
40 32 32
36 31 52
49 4 86
65 72 11
20 93 0
90 47 47
58 89 0
54 44 50
53 62 71
97 1 17
15 83 6
39 19 86
65 3 76
47 72 11
41 23 61
58 94 0
90 83 52
65 68 41
14 52 11
12 27 8
33 4 73
90 13 91
75 81 61
36 47 97
20 62 70
76 62 13
20 62 13
50 13 47
59 72 44
90 63 52
76 94 13
58 94 90
70 37 86
86 96 17
89 44 74
76 77 90
39 28 61
36 47 9
39 23 87
59 72 2
49 91 73
20 93 13
18 70 48
53 77 0
97 96 97
5 47 72
76 94 90
20 83 74
75 42 89
20 86 6
89 44 90
31 21 8
65 68 16
59 70 73
54 98 74
9 81 88
76 89 77
5 83 86
31 43 83
47 1 77
75 23 87
58 94 77
64 27 8
64 27 36
50 47 52
74 82 44
90 83 91
47 1 38
90 63 47
31 43 55
64 27 83
47 3 31
20 93 90
18 82 98
70 4 5
32 92 52
32 31 97
52 1 11
52 69 42
65 3 11
49 91 70
65 92 76
75 42 61
23 84 86
13 3 31
97 47 74
66 1 77
58 62 0
4 53 68
31 32 8
64 47 72
70 37 5
6 47 17
76 77 77
74 10 48
32 92 9
15 98 6
34 21 55
90 42 88
70 62 73
36 92 9
9 28 86
20 4 52
15 49 90
89 86 6
89 86 58
48 91 86
50 83 91
49 30 5
39 23 86
53 89 0
20 49 58
15 83 50
9 23 87
4 53 38
12 43 8
20 91 5
47 68 11
59 82 48
23 83 86
48 62 70
14 53 42
9 19 88
90 23 89
36 31 9
5 13 52
34 32 83
53 77 71
53 93 0
86 47 97
31 32 83
5 63 52
6 31 17
52 1 38
90 23 61
50 83 47
41 23 86
97 96 17
64 35 8
59 70 48
64 21 83
20 44 74
47 53 77
49 37 73
48 37 70
64 83 91
76 62 71
59 31 73
59 70 98
23 13 47
64 27 32
13 3 16
59 10 2
70 37 52
4 52 42
74 31 48
86 1 97
20 62 71
86 47 52
77 92 41
47 64 42
90 83 72
54 86 50
31 32 55
70 30 5
77 68 76
75 23 61
70 30 86
34 32 55
38 72 98
97 31 97
18 70 98
33 4 70
18 31 98
66 70 73
40 27 36
6 47 74
75 28 87
47 3 16
14 52 68
66 82 98
30 68 11
54 98 50
49 91 5
13 68 11
53 77 13
90 19 89
64 47 47
9 28 61
9 23 89
4 1 77
66 70 98
40 27 8
34 27 8
64 35 32
77 3 76
5 84 91
86 47 74
38 70 48
20 62 52
54 44 58
4 53 77
40 32 55
53 89 90
76 77 13
86 1 17
68 44 90
66 10 2
66 70 44
86 31 17
65 68 31
4 69 38
20 44 6
75 23 89
64 84 72
74 31 44
53 89 77
68 86 74
76 94 0
33 37 70
47 4 76
49 4 73
47 52 11
20 98 58
12 32 32
20 91 86
31 21 32
12 32 8
97 92 17
48 91 5
20 91 73
20 93 77
54 49 90
15 98 58
13 3 76
36 92 52
9 81 61
31 27 55
47 52 77
66 69 68
76 89 13
77 68 16
53 94 77
41 19 89
47 69 42
39 23 89
48 4 73
39 28 89
64 35 83
54 44 74
64 13 86
66 52 77
75 42 88
59 70 2
97 1 97
31 21 55
20 30 52
15 86 6
5 13 86
20 89 0
38 72 48
52 64 68
5 63 72
23 13 72
65 92 41
53 93 90
31 32 36
76 89 71
4 52 38
36 31 17
58 62 71
64 63 86
33 30 86
65 72 31
40 21 8
64 43 36
20 30 70
20 62 90
64 77 90
9 19 87
53 93 77
47 92 16
12 35 83
20 4 86
14 52 38
32 47 97
47 69 68
53 94 13
34 21 32
70 30 73
30 68 41
58 93 71
30 4 41
13 92 41
14 64 38
48 91 52
30 72 76
14 69 77
18 10 44
14 69 38
50 63 91
33 62 86
20 37 73
40 43 55
20 98 6
20 37 86
4 69 77
33 91 73
64 62 90
65 92 16
15 98 90
20 77 0
13 68 16
65 4 11
38 72 73
52 52 38
54 98 90
47 4 11
90 19 61
50 13 86
53 62 77
66 69 11
18 82 2
23 83 72
32 96 52
52 1 77
13 72 31
20 44 50
90 42 89
34 21 8
32 47 9
6 92 74
31 27 83
20 98 90
77 72 16
52 69 77
32 92 97
64 84 47
4 52 77
54 49 50
18 82 73
64 84 52
77 3 41
47 72 76
90 47 91
41 42 88
9 42 61
59 72 48
4 64 11
5 63 47
50 47 86
15 98 74
66 10 98
54 83 58
41 23 88
64 62 71
53 77 90
31 27 32
9 23 88
52 52 77
64 89 0
65 92 11
39 23 61
68 49 90
70 91 73
12 27 32
36 47 74
47 64 68
13 4 11
39 28 88
70 91 70
89 44 50
58 93 90
66 72 2
58 89 90
30 3 16
77 72 31
31 27 8
47 53 68
47 72 41
90 83 47
14 69 68
58 93 0
89 98 50
48 30 5
97 96 9
66 72 44
9 19 86
70 30 52
90 84 72
64 84 91
90 84 86
66 82 73
52 52 11
20 94 71
47 92 41
32 47 17
33 62 52
14 53 38
31 21 83
89 98 74
97 47 17
47 1 11
58 77 13
89 49 6
90 23 86
18 31 73
70 4 52
41 19 61
30 3 31
52 1 68
64 13 72
52 53 11
14 64 68
66 72 48
39 42 86
86 92 97
68 86 6
15 49 74
23 83 47
41 28 89
13 68 41
47 53 11
23 47 72
59 82 73
33 37 73
12 35 8
64 21 32
97 96 52
64 13 47
90 47 86
41 81 89
49 4 52
39 19 88
64 93 77
53 89 71
74 72 48
38 10 73
6 47 97
18 82 44
20 94 13
30 3 11
30 4 31
33 30 5
36 31 74
47 4 31
90 23 87
50 84 52
66 70 48
64 43 8
13 4 16
47 64 38
74 31 73
74 70 2
47 69 11
38 70 44
30 68 31
18 72 73
30 72 16
68 83 6
58 94 71
53 93 71
12 27 36
65 3 41
20 37 70
20 37 52
20 49 74
90 28 88
49 91 52
31 43 32
64 63 52
32 47 52
47 3 11
86 92 9
74 10 44
89 98 6
36 1 74
76 93 77
39 42 87
48 30 70
6 31 74
64 93 90
89 44 6
41 81 61
30 92 16
64 83 86
23 63 86
54 49 58
23 83 52
52 53 42
65 72 16
90 19 88
36 47 52
59 31 2
64 89 90
70 62 86
77 68 41
48 62 5
31 27 36
64 84 86
13 3 41
41 23 89
41 28 86
65 4 31
64 32 36
70 62 52
18 72 2
13 3 11
40 35 36
31 35 55
64 13 52
36 31 97
30 72 41
32 1 74
32 31 74
66 64 77
66 82 48
75 42 87
5 47 86
86 31 97
86 92 52
75 19 87
75 81 89
58 89 71
9 81 87
6 92 9
75 81 87
13 72 76
20 49 50
74 31 98
66 52 38
15 83 90
53 77 77
40 43 8
4 64 42
90 19 87
52 64 42
50 83 72
15 86 74
4 69 42
20 4 5
50 84 86
18 10 2
86 47 17
30 68 76
89 86 90
58 62 13
20 77 90
97 31 9
15 49 50
74 70 98
75 19 86
39 81 61
52 64 77
15 44 58
66 31 48
39 81 87
49 30 73
30 3 41
90 47 52
34 21 83
38 31 48
12 43 55
32 96 97
33 37 86
18 10 98
18 82 48
39 81 86
47 52 68
76 93 90
