45 651
666 346
126 982
818 768
223 221
870 766
945 50
642 42
764 302
266 656
87 221
262 121
306 548
702 967
714 665
164 339
711 538
287 290
545 454
819 499
937 954
768 42
523 308
40 334
783 496
976 558
300 91
488 359
204 807
818 558
66 794
984 625
625 652
989 884
351 91
350 816
126 679
915 550
176 245
455 109
657 777
886 856
416 923
659 270
752 381
186 140
711 737
843 51
945 538
87 833
540 856
659 191
819 599
664 866
460 199
736 188
976 290
222 383
384 130
937 613
133 216
803 298
780 972
178 239
721 199
689 212
82 702
169 967
756 558
765 950
951 249
657 80
421 866
610 101
590 20
126 165
3 387
167 468
633 663
137 97
610 410
472 378
501 502
57 368
858 381
832 436
561 446
963 750
74 135
362 95
752 454
170 651
472 302
570 308
87 837
103 198
293 329
199 915
31 55
540 302
911 620
112 198
565 28
382 665
666 43
831 277
255 297
539 897
112 873
826 368
798 639
55 984
16 198
619 702
472 248
170 368
350 339
599 433
689 558
918 558
344 760
565 766
176 42
99 683
45 117
818 130
901 502
178 680
549 819
204 856
922 76
901 621
976 361
826 140
809 866
396 308
279 870
714 855
262 221
621 20
689 191
818 260
752 352
826 621
204 703
404 9
689 499
398 95
82 754
578 157
813 300
565 188
555 188
215 140
293 702
58 50
195 710
100 928
910 628
109 192
659 599
659 633
758 115
699 465
545 816
215 410
545 208
460 838
780 621
642 659
540 399
109 890
404 55
169 359
858 188
327 359
973 905
764 806
818 620
756 278
496 616
310 428
421 639
792 794
803 207
103 873
209 870
621 109
858 97
178 260
689 350
813 329
730 656
792 314
416 290
826 982
297 967
350 188
909 97
223 186
901 127
83 652
995 995
610 479
790 870
236 150
610 314
778 433
565 145
719 599
787 754
642 953
723 502
689 216
651 101
306 20
731 750
168 816
984 496
384 302
33 454
99 651
150 710
472 834
610 10
55 988
404 588
32 838
963 468
592 302
99 240
732 750
350 897
303 754
831 221
561 76
266 154
236 807
212 121
515 842
215 548
271 931
725 737
694 359
351 376
687 208
587 928
765 651
792 346
778 923
209 703
470 952
831 884
599 278
819 121
419 501
186 651
178 391
209 135
387 10
539 91
422 954
689 967
610 199
271 737
328 870
587 670
384 639
416 278
288 157
545 947
204 838
262 499
787 302
262 299
555 441
699 775
622 381
496 750
769 50
599 398
756 865
416 865
422 816
752 211
723 127
846 680
922 121
858 652
103 659
431 884
699 308
3 359
489 410
689 361
545 273
490 819
33 441
813 399
987 454
100 42
868 502
293 937
621 311
736 236
707 321
732 755
166 575
935 838
82 302
382 221
515 791
126 433
597 829
819 665
421 303
306 750
287 491
765 660
719 763
334 157
472 154
195 303
66 150
987 91
732 20
88 467
321 834
707 928
978 499
88 50
711 816
328 465
296 260
74 838
978 665
337 984
565 610
778 212
660 897
215 878
723 48
976 433
288 865
951 290
764 31
204 897
334 212
778 558
922 221
910 48
215 978
987 64
843 866
422 97
865 51
485 496
865 575
910 679
398 391
922 663
342 680
472 303
537 491
945 920
306 138
752 750
756 923
167 538
597 211
951 278
207 76
126 359
419 726
714 270
819 833
758 897
207 297
334 620
300 302
778 172
57 216
684 300
120 491
902 20
578 130
651 726
642 710
66 479
911 212
901 308
288 172
565 873
40 467
223 121
935 314
120 361
111 680
831 446
501 376
977 931
915 207
342 838
382 277
501 433
973 216
296 361
170 216
419 838
790 314
659 31
719 299
963 856
31 920
995 538
584 181
963 55
532 665
963 950
54 383
599 854
668 920
540 199
501 775
166 399
327 763
732 43
622 188
212 665
664 192
167 995
578 260
803 80
976 310
167 842
550 375
756 290
501 628
730 216
796 76
300 575
54 953
126 541
790 856
625 208
922 599
382 750
826 138
58 207
167 737
144 428
827 212
216 127
32 800
681 931
902 368
516 117
319 726
565 670
487 64
186 109
279 135
666 154
911 260
711 50
164 652
327 302
31 683
546 457
222 834
344 625
617 838
216 982
965 216
279 479
362 680
488 308
210 211
126 308
166 881
321 710
555 947
83 211
534 260
212 387
396 181
57 140
465 502
109 91
501 899
532 387
870 834
719 186
473 625
310 856
755 198
664 984
271 683
731 388
296 491
540 657
617 368
736 273
491 726
470 768
178 297
561 855
168 538
215 368
111 120
540 135
555 613
911 499
937 947
922 446
293 866
831 186
537 499
592 321
207 278
3 806
699 952
901 99
465 870
963 558
617 657
690 953
681 737
33 339
832 192
899 856
684 575
296 398
642 610
137 652
659 758
660 750
550 501
587 188
515 660
166 937
587 303
431 359
597 115
858 91
937 97
818 376
886 830
976 90
223 277
689 905
539 829
207 663
702 157
204 978
910 768
169 433
963 297
57 311
207 270
460 101
935 978
287 249
393 755
209 758
590 815
422 115
540 101
546 207
790 375
790 726
702 90
818 359
302 625
768 710
858 239
490 890
18 884
126 550
870 873
545 923
721 703
472 755
207 277
922 302
223 499
419 800
978 599
899 199
790 86
310 509
103 145
488 433
684 192
422 923
911 935
455 192
565 953
293 91
215 905
279 501
963 240
170 548
731 117
858 334
756 27
223 446
832 843
702 27
396 240
111 541
144 91
550 95
521 192
212 299
342 410
592 766
328 768
178 86
690 383
545 188
945 17
209 838
207 830
82 881
175 967
937 188
328 899
902 109
178 807
472 766
99 9
681 750
976 260
590 616
550 410
668 17
126 952
935 712
255 120
798 245
587 873
689 157
362 376
223 31
344 359
215 755
984 982
334 260
831 359
642 303
523 899
910 99
910 775
687 273
398 541
910 899
215 750
88 680
886 777
752 236
599 923
321 928
393 905
963 550
756 433
422 352
422 613
255 457
687 441
660 613
404 920
549 399
813 368
111 91
694 663
617 984
868 982
826 639
83 829
236 479
578 915
951 491
809 368
858 923
419 758
550 239
204 95
532 31
32 479
642 378
803 260
909 91
306 350
133 154
236 10
175 768
144 558
303 838
783 768
212 750
100 302
351 467
714 121
809 894
310 95
622 441
922 806
465 899
310 120
732 548
570 775
935 150
16 834
431 806
295 454
344 538
342 428
195 42
910 750
87 845
321 866
295 750
207 837
382 499
622 454
491 856
295 923
472 383
659 499
271 240
769 17
255 467
175 899
31 588
468 188
723 465
666 633
296 90
255 239
792 469
976 130
818 625
16 245
87 270
178 467
610 375
468 42
87 599
328 842
216 48
965 346
569 677
296 865
204 208
103 953
297 620
699 982
699 972
344 308
721 758
555 236
565 42
534 290
546 95
515 9
664 657
659 750
8 198
657 509
951 172
963 651
172 196
826 502
100 188
167 920
778 499
416 27
977 950
550 391
302 775
977 920
342 135
297 310
659 20
719 221
222 873
351 95
488 99
858 954
725 17
99 468
619 329
204 441
756 212
813 51
756 499
207 376
765 931
769 388
995 842
489 807
186 531
846 120
870 710
215 633
987 273
758 441
621 248
144 541
176 766
422 236
342 207
176 302
736 339
532 855
818 842
204 314
659 763
54 302
303 300
100 310
455 677
210 829
886 50
215 531
668 117
778 157
393 346
899 479
175 952
207 499
910 967
899 86
310 777
865 984
266 616
66 86
592 245
755 928
714 663
186 311
818 308
431 845
515 468
164 892
569 368
561 758
755 575
344 9
803 541
210 381
99 388
843 890
732 154
545 339
321 302
255 558
702 865
984 842
707 42
813 881
765 842
755 368
172 130
668 760
422 652
809 399
310 541
798 378
736 923
587 378
809 90
707 198
711 308
262 845
819 359
32 777
899 375
984 48
293 894
470 960
40 457
485 127
473 465
271 920
207 27
18 837
491 807
523 48
88 239
539 211
170 755
150 302
199 240
344 496
555 923
222 310
210 352
569 894
198 359
687 64
555 339
431 270
617 329
421 145
262 663
310 165
918 391
707 28
207 31
846 91
578 865
103 766
473 899
730 154
769 240
164 97
963 207
803 239
103 462
995 920
99 737
362 278
468 321
681 791
561 665
818 196
199 388
344 920
223 806
167 588
199 130
111 509
16 302
711 651
396 651
978 76
818 982
144 165
865 436
175 960
546 80
384 558
989 663
521 329
112 28
783 679
765 750
262 446
199 920
666 750
334 865
66 501
279 712
382 387
255 428
818 972
660 339
621 548
82 894
546 467
516 842
344 737
351 334
133 905
711 750
112 670
787 677
826 433
826 20
176 321
965 755
198 270
899 758
578 935
826 99
937 115
909 339
813 890
690 866
599 865
659 815
787 838
350 829
351 680
768 310
832 329
8 188
660 892
489 726
470 621
660 211
133 755
684 436
31 995
337 368
487 95
40 777
976 27
