528 707
27 51
817 101
965 475
100 154
593 865
137 4
363 387
976 71
533 691
827 194
349 847
54 9
816 657
933 576
374 789
973 819
127 248
88 250
138 715
562 490
950 119
772 851
27 138
346 253
662 399
522 886
508 901
626 865
536 369
13 482
536 760
269 388
985 312
786 131
960 140
49 354
750 82
469 732
894 535
361 582
304 642
221 70
448 244
16 791
984 208
174 825
55 138
993 768
811 576
907 671
819 192
961 653
561 650
54 759
793 819
334 248
965 847
868 591
100 560
363 844
13 474
583 619
534 507
689 281
527 508
153 599
137 62
477 509
593 933
955 392
717 755
242 621
83 119
432 719
827 375
675 643
550 452
852 274
402 791
941 536
527 284
182 175
439 783
100 449
381 984
960 683
306 474
441 131
261 736
845 653
441 449
724 445
262 854
828 807
528 181
131 874
601 812
709 34
87 332
795 326
660 148
242 984
68 307
845 248
427 791
361 576
949 694
689 311
266 747
31 973
356 181
37 874
559 474
955 291
78 544
441 723
87 388
612 404
966 124
795 34
49 714
302 600
145 984
819 111
900 445
959 301
306 947
626 945
363 9
174 291
627 314
361 354
688 312
92 715
233 51
142 312
376 4
361 532
439 415
72 588
305 775
660 9
209 809
422 141
539 366
630 93
261 128
262 415
751 853
514 874
995 61
181 947
660 34
13 947
35 138
816 312
182 644
881 794
446 952
204 984
593 74
75 235
424 874
731 39
222 184
374 91
506 505
738 148
933 385
153 274
973 480
875 719
795 364
630 471
973 52
475 315
966 236
856 445
406 505
720 988
984 82
49 452
441 432
522 973
533 643
816 789
748 458
422 866
363 179
856 432
460 368
360 281
294 181
305 9
100 71
688 722
422 984
145 94
689 886
21 91
508 722
131 119
365 642
201 208
269 338
731 326
78 93
654 791
763 760
627 75
31 714
205 354
457 901
269 631
323 560
35 181
795 484
902 250
748 952
959 866
92 440
587 162
13 111
83 865
16 307
467 707
601 819
528 535
816 271
294 557
593 508
393 865
56 736
886 945
78 294
508 945
725 848
738 253
92 984
477 64
534 248
689 64
204 338
275 984
323 414
37 366
263 877
738 301
373 825
961 51
973 874
35 179
858 235
297 184
467 791
991 314
469 181
28 560
192 945
360 973
101 631
985 789
59 262
720 557
508 941
550 714
696 237
660 283
332 643
610 140
860 557
587 326
32 636
950 541
533 253
611 396
737 74
817 789
475 185
719 694
689 941
365 482
233 64
894 291
332 200
689 5
203 138
432 62
595 807
593 312
209 532
444 154
675 200
422 480
717 877
13 228
448 560
367 807
335 819
703 299
447 236
361 886
446 4
660 490
973 484
167 768
660 301
335 643
447 312
402 375
626 901
190 304
843 128
200 851
221 311
907 576
457 941
514 399
750 797
27 179
508 865
88 755
514 984
266 312
402 307
580 134
720 642
364 535
101 557
346 866
374 54
875 505
145 715
999 34
297 643
724 779
406 368
856 760
717 621
200 541
626 312
138 209
475 760
856 368
306 532
902 508
75 474
208 64
941 619
810 124
167 338
479 642
467 179
402 636
305 678
306 984
984 819
907 51
127 908
297 148
601 294
297 480
810 508
356 621
896 657
361 797
421 825
737 119
373 847
376 233
522 532
750 829
424 919
203 671
13 621
262 21
31 463
402 644
875 736
580 650
955 576
965 301
654 588
811 807
334 368
482 414
190 886
167 388
334 507
861 732
896 886
83 131
55 671
852 271
751 283
896 782
68 671
784 52
263 847
376 404
852 312
960 463
208 939
877 618
55 179
856 449
402 181
75 775
688 804
67 588
334 532
373 4
457 789
59 657
204 388
976 980
345 281
508 836
975 321
363 945
709 415
37 119
595 829
534 600
319 537
352 9
719 404
441 980
305 39
68 844
738 150
817 945
266 134
858 448
827 844
601 794
145 64
374 304
446 475
860 642
335 484
881 714
439 235
731 783
442 237
784 691
421 72
784 874
731 387
363 678
975 101
138 47
630 807
460 71
362 236
393 274
819 768
662 819
660 691
365 97
675 52
92 248
242 631
225 755
376 75
263 694
580 312
828 385
696 181
738 853
221 140
439 101
786 315
98 274
601 140
221 973
439 678
773 417
724 414
151 368
827 792
70 908
811 463
137 366
131 650
861 631
151 505
955 475
7 532
69 719
167 984
611 502
738 484
533 669
580 541
305 21
737 933
749 502
137 134
784 364
269 259
334 311
131 747
795 853
896 582
221 819
424 760
92 64
88 482
393 886
689 54
856 185
469 388
750 93
332 480
376 549
201 537
233 209
772 124
242 64
886 934
55 502
984 369
205 471
534 315
795 141
242 808
200 141
896 599
242 192
334 378
966 508
54 854
583 775
522 809
131 541
37 508
460 507
562 399
13 5
88 707
446 847
730 474
966 119
965 541
583 162
422 819
479 97
28 368
730 618
611 844
319 369
37 541
660 484
360 582
749 179
336 311
67 707
784 484
31 819
717 404
49 369
137 877
54 34
92 47
422 52
900 507
137 75
991 736
262 162
345 973
720 755
153 809
339 502
62 64
127 154
985 886
786 779
717 388
559 296
534 185
985 945
816 96
839 874
860 237
87 97
137 392
858 34
160 947
363 381
442 642
811 797
381 52
101 570
261 448
225 97
444 178
720 570
138 381
593 124
626 281
816 722
345 789
365 768
200 262
362 851
422 364
332 109
999 619
374 599
221 492
750 452
902 988
630 274
233 947
477 94
868 722
559 619
266 233
145 70
689 973
469 482
361 819
68 138
896 91
750 537
62 248
444 505
346 484
37 74
332 984
393 836
28 980
933 807
262 258
696 631
522 304
650 39
689 70
346 301
900 178
881 294
205 274
839 730
439 934
457 599
662 141
151 600
78 576
69 4
894 181
626 591
127 445
138 618
533 480
536 449
68 707
717 192
724 248
160 848
595 544
56 258
845 984
725 51
138 808
559 321
611 644
251 82
828 463
941 448
203 502
13 209
356 570
251 714
92 474
442 557
49 294
275 484
357 851
181 509
334 980
233 5
772 966
896 312
675 819
101 250
384 669
587 854
54 619
991 392
427 490
725 64
810 141
662 184
132 448
346 283
138 947
167 621
332 866
167 557
381 853
363 181
514 643
263 72
719 549
675 480
54 321
811 973
750 492
689 808
868 789
221 385
973 691
336 474
515 851
373 505
444 507
731 536
881 819
306 653
261 541
376 458
374 973
132 959
441 178
363 854
251 385
886 21
717 847
786 505
843 233
795 669
783 707
174 535
448 980
562 669
508 96
482 368
278 250
297 490
816 901
950 134
738 399
515 730
262 736
843 62
98 973
976 185
56 233
514 150
985 973
612 825
381 866
205 452
975 415
222 52
92 94
730 248
795 399
190 281
675 691
817 782
868 941
167 111
860 768
27 707
363 768
689 474
68 791
35 791
902 755
367 819
200 919
132 969
345 836
406 154
995 253
933 140
696 97
479 768
477 381
181 945
352 969
993 848
87 228
361 945
92 311
13 64
515 236
62 984
696 557
373 736
539 650
363 502
357 933
811 544
965 233
297 691
448 368
302 449
290 797
460 505
550 812
772 119
561 541
858 678
334 178
819 570
733 82
650 783
336 939
83 730
583 9
536 723
13 181
845 509
7 973
751 148
955 448
364 175
361 471
13 715
174 4
610 82
434 760
174 396
209 591
949 736
364 197
719 759
37 124
363 47
839 124
304 570
304 482
185 969
334 449
720 482
896 591
221 618
100 432
595 812
352 775
233 474
145 653
875 448
427 588
966 966
506 719
810 74
242 388
881 797
612 392
261 258
772 865
203 576
955 541
37 851
83 541
965 736
242 707
294 707
334 64
562 853
174 636
402 51
877 474
627 505
16 462
266 366
587 101
132 415
709 296
362 312
522 782
68 535
75 783
83 378
221 812
595 369
991 505
900 185
275 669
200 650
306 618
7 722
7 941
457 532
522 836
208 440
87 181
595 208
748 314
527 851
610 492
192 415
522 271
153 96
534 71
950 233
357 541
365 388
477 715
62 768
610 471
334 369
174 707
533 301
92 532
995 200
225 181
266 141
100 131
973 643
306 5
819 988
363 759
208 653
70 315
376 258
995 984
593 262
492 901
432 549
650 235
339 576
127 414
460 432
534 779
384 691
233 248
515 262
297 381
737 747
427 636
334 600
59 761
332 874
360 809
885 301
772 236
793 643
881 354
955 707
49 973
7 901
724 368
817 836
749 588
610 819
13 557
907 707
902 141
336 248
439 759
167 482
562 283
67 291
482 178
151 414
269 462
660 415
795 536
349 541
688 789
78 82
885 691
406 369
72 291
748 736
393 591
959 141
750 354
305 934
447 933
688 945
304 988
749 51
492 782
402 396
795 52
297 532
384 984
142 836
660 101
297 64
335 148
185 9
384 819
587 387
442 631
339 671
902 541
902 650
137 541
345 945
357 874
985 304
528 462
