416 923
8 378
587 188
16 639
169 679
45 760
204 829
599 212
88 391
995 931
491 469
8 303
646 509
736 91
32 703
597 95
515 950
334 499
687 652
144 558
236 712
168 117
167 737
545 273
516 9
215 905
642 302
172 249
765 50
344 950
150 610
460 314
422 897
756 249
3 121
758 188
732 548
694 750
431 31
223 758
659 663
419 314
382 387
357 815
396 117
16 766
460 978
319 479
659 270
387 237
681 50
222 383
293 436
327 763
719 446
699 621
350 211
207 361
684 881
288 27
489 199
164 273
668 750
617 436
176 310
858 391
344 651
858 509
539 91
714 387
664 51
664 329
578 620
176 710
590 651
951 278
723 48
210 97
534 935
545 188
297 398
827 923
545 454
539 381
813 988
416 935
702 172
831 299
362 212
780 308
178 410
792 807
387 86
827 398
978 833
610 703
918 509
731 920
262 599
393 651
826 755
222 28
455 90
758 652
422 454
995 651
501 48
870 953
33 64
764 599
886 298
918 297
858 236
657 334
199 538
328 775
460 150
945 181
516 388
470 679
532 806
768 310
973 154
570 972
215 978
668 55
965 311
689 248
951 935
362 830
555 236
846 428
207 855
287 249
565 302
987 923
899 712
790 838
578 90
778 310
570 99
699 376
911 398
473 465
792 138
350 188
587 437
832 91
711 588
755 894
813 677
150 866
756 915
103 610
195 302
792 777
342 807
537 865
387 978
120 499
965 368
694 599
664 90
721 807
204 469
532 299
222 321
540 300
515 538
731 17
764 76
465 768
965 616
112 42
170 140
723 842
995 9
831 270
398 509
279 800
66 135
730 346
646 260
178 680
344 502
8 28
546 558
783 99
207 854
787 866
699 502
633 663
382 277
901 465
178 237
561 299
488 502
752 897
687 923
610 838
204 954
82 368
699 625
540 90
911 499
689 651
732 138
195 873
396 388
328 960
362 91
421 42
398 95
58 391
133 140
915 777
610 10
207 186
207 270
337 302
199 278
297 491
780 842
989 121
126 207
40 297
212 758
689 639
681 588
587 710
382 833
549 91
569 575
995 737
973 43
422 954
978 302
186 755
198 31
651 135
732 20
621 43
963 737
781 755
945 240
40 165
584 9
387 800
126 680
540 937
540 978
578 290
660 750
689 154
707 303
858 80
337 575
555 273
818 768
472 378
83 613
813 881
540 479
216 628
40 334
989 446
818 899
827 433
803 541
204 703
843 894
296 361
468 303
16 42
295 954
166 937
699 127
651 199
74 469
846 298
989 855
646 550
82 90
765 660
561 806
587 321
764 186
209 870
523 679
843 984
561 121
223 837
362 95
342 457
490 399
350 95
342 391
88 50
592 42
419 199
622 923
223 76
404 308
827 361
300 702
546 95
460 375
963 931
186 109
846 680
55 329
633 299
186 750
302 899
489 758
642 378
100 321
287 499
911 249
327 833
702 249
168 920
792 43
796 387
126 967
870 710
690 310
387 469
846 509
965 548
995 791
687 454
719 845
334 433
584 240
549 436
472 321
32 838
886 467
984 960
209 501
382 299
516 651
150 928
769 651
337 90
790 479
342 712
935 726
796 76
646 680
209 199
521 890
100 145
144 298
937 208
619 843
83 829
164 954
489 838
166 843
787 91
599 923
293 90
393 109
150 710
489 807
287 361
977 651
164 95
549 575
963 17
58 558
99 995
172 278
963 55
659 20
965 191
730 755
778 157
133 815
831 499
357 20
694 221
195 866
87 299
100 245
684 399
362 491
642 303
215 469
310 298
255 391
167 842
555 211
54 245
769 240
210 339
978 387
58 428
723 502
910 842
521 881
902 750
622 816
521 838
422 211
922 758
344 240
109 984
515 683
798 245
534 212
198 499
540 794
590 138
792 856
721 10
55 838
584 388
599 361
350 91
342 165
382 845
344 468
279 86
818 127
83 441
404 750
642 321
319 978
550 838
266 651
694 121
164 816
732 140
584 842
88 428
937 115
266 138
689 865
651 479
803 830
831 76
532 763
565 145
485 952
120 398
306 755
83 454
66 410
387 870
393 633
133 109
490 866
977 538
951 558
755 437
664 436
587 303
328 870
321 42
621 311
694 845
787 575
659 833
937 923
178 726
279 777
199 816
327 387
570 842
404 588
491 870
963 165
911 278
546 334
707 145
843 51
765 388
212 845
288 157
752 954
590 878
736 208
973 191
293 677
621 656
719 221
984 870
843 677
176 383
684 436
977 737
714 270
164 91
922 302
302 628
995 117
619 436
723 972
587 302
344 621
546 260
472 216
362 376
236 794
756 923
668 816
730 154
711 842
168 55
521 436
300 329
886 80
112 670
207 923
843 657
33 441
198 299
302 625
167 931
646 298
555 750
485 982
694 359
421 953
721 726
295 236
516 660
803 260
689 172
120 196
651 375
702 865
398 260
431 221
963 660
207 830
783 899
935 410
266 154
619 984
702 212
973 815
32 101
781 815
965 815
204 454
756 558
303 436
625 381
584 816
344 791
681 468
540 890
846 558
310 550
236 135
831 806
778 433
660 115
195 670
978 750
689 290
393 346
858 376
207 750
625 954
144 428
297 260
120 854
209 726
534 249
790 712
523 982
621 154
404 9
539 95
689 499
487 188
126 768
668 842
599 558
619 192
215 794
901 376
82 819
222 866
723 433
133 311
74 479
690 928
937 652
523 768
178 712
32 777
599 196
689 311
351 91
57 138
215 150
384 28
198 665
186 633
472 302
334 130
164 208
532 277
470 376
387 10
781 138
178 800
787 329
491 314
287 491
555 97
515 750
287 260
460 479
137 613
207 172
109 657
809 984
302 960
222 928
382 186
303 192
100 659
826 967
271 9
455 329
33 91
664 988
55 866
599 90
295 454
74 10
870 198
951 923
689 20
204 870
976 620
215 758
951 130
262 837
32 135
384 834
112 462
935 777
297 278
126 952
532 76
473 842
287 130
730 905
798 28
404 240
186 368
819 855
660 613
215 548
344 760
973 548
485 48
207 80
781 20
818 157
977 760
792 150
995 750
984 982
195 610
610 314
300 302
625 273
207 446
491 726
87 758
169 625
826 138
619 819
781 616
832 702
681 9
393 20
730 651
540 984
592 437
83 897
344 842
730 815
550 830
736 892
690 145
468 188
597 829
144 391
109 881
287 967
470 870
731 588
216 48
172 398
144 856
651 10
550 101
126 99
945 791
490 988
144 457
398 50
472 651
357 216
707 321
796 31
384 710
617 754
271 737
207 541
803 207
215 43
416 310
222 437
74 375
279 10
342 334
344 465
592 198
756 491
83 95
689 633
719 121
590 311
910 9
846 777
328 679
540 819
730 368
321 710
216 982
633 758
204 479
646 541
523 952
832 399
215 375
302 433
699 465
487 115
561 221
300 368
207 298
222 953
168 388
40 428
199 935
752 97
279 870
978 446
702 967
736 816
711 388
870 766
342 509
133 616
472 311
902 616
455 191
756 310
58 260
642 145
590 750
689 196
204 807
199 240
690 42
398 297
133 633
911 310
195 198
690 866
787 937
910 768
549 838
198 270
937 91
681 683
393 656
342 120
18 845
350 97
689 620
622 829
714 186
175 465
297 865
103 303
922 186
707 873
99 660
209 758
209 838
963 428
590 20
945 55
45 816
382 31
168 660
209 10
387 726
169 952
501 502
57 815
175 870
207 260
625 892
689 140
416 398
610 501
334 361
666 548
621 191
334 491
534 433
288 290
178 558
768 437
792 703
721 800
195 462
690 378
963 9
255 334
660 829
342 856
344 50
865 881
396 55
175 496
995 538
186 216
570 465
780 768
690 198
910 775
293 302
909 454
396 240
45 588
561 663
689 558
209 703
487 95
899 777
687 816
699 628
819 121
783 48
488 982
384 491
714 665
532 121
937 236
714 837
287 398
787 894
768 639
978 845
199 920
736 188
300 192
818 865
300 436
963 80
711 117
54 321
362 120
792 978
755 145
164 750
550 135
723 775
223 299
175 972
111 509
195 437
619 838
126 899
396 750
306 154
422 115
485 99
780 496
651 726
935 794
207 359
901 308
262 763
846 91
416 499
809 192
550 558
827 196
721 777
781 651
755 462
668 588
236 726
398 391
195 303
404 660
111 80
945 9
207 376
31 760
813 838
540 199
396 538
765 117
40 91
396 308
58 297
422 947
778 854
858 339
351 334
210 352
758 892
778 499
660 652
945 651
111 550
40 541
8 873
622 236
198 76
826 972
120 172
684 984
82 890
88 260
393 140
523 127
144 509
45 17
40 376
910 376
858 97
120 935
719 270
690 873
344 995
945 538
169 127
534 923
597 441
303 988
66 479
167 117
989 599
832 894
660 816
103 659
255 239
792 469
951 499
55 657
755 188
344 99
664 838
951 290
137 273
910 48
651 870
133 368
978 299
167 950
334 865
783 502
584 55
910 625
66 86
487 613
491 777
539 236
32 800
792 479
651 794
416 491
792 346
3 31
303 368
549 51
764 221
951 915
781 750
858 777
472 346
590 350
