725 381
69 847
360 657
966 541
70 723
763 723
432 825
242 808
269 192
861 621
482 154
993 808
434 236
587 346
827 636
748 62
660 415
898 887
205 797
885 919
814 95
56 505
745 629
305 39
861 388
251 576
949 258
460 784
515 650
357 508
0 274
432 541
601 82
145 808
201 829
704 278
88 984
949 75
390 775
523 137
153 271
363 34
360 901
361 804
583 101
815 882
562 283
885 301
925 589
675 109
68 181
192 21
346 301
984 93
580 233
348 340
771 613
888 329
58 758
167 192
108 68
36 804
261 505
825 63
69 323
100 432
650 759
70 299
949 404
421 894
367 452
439 474
810 541
581 25
955 505
636 362
387 103
272 360
965 314
54 934
345 809
751 200
996 227
262 541
279 74
361 82
361 537
157 365
486 82
67 179
406 154
334 474
588 404
482 564
978 172
114 986
323 299
959 399
894 51
290 354
171 177
674 560
515 262
691 290
477 229
723 695
477 248
715 644
547 440
294 332
922 372
828 369
78 544
324 821
37 650
365 707
72 792
733 544
107 496
16 236
601 385
21 941
539 707
146 653
32 111
122 959
737 141
291 537
415 427
583 448
991 448
905 354
127 908
377 280
886 783
965 301
249 348
845 474
817 474
460 432
151 957
894 490
62 381
919 928
980 190
419 192
641 502
271 309
246 23
843 392
148 803
305 678
894 714
384 270
731 419
208 888
304 87
174 496
689 939
688 312
360 54
48 449
305 321
953 349
954 234
886 759
68 138
398 485
338 495
803 799
559 535
98 274
346 61
28 131
508 657
194 430
548 107
660 364
173 702
559 945
323 432
625 380
553 574
372 579
426 782
775 856
563 452
966 233
174 462
591 460
42 992
189 623
80 115
266 119
313 955
896 805
961 311
424 851
13 645
644 245
985 271
356 250
910 587
364 792
323 702
362 236
999 326
345 274
877 209
275 141
403 274
711 620
297 364
702 981
499 990
448 445
949 541
306 70
356 192
413 913
664 24
363 619
351 729
759 239
323 760
558 110
654 535
297 94
905 215
49 492
252 782
847 934
347 619
188 742
384 984
534 445
959 480
715 722
347 790
244 70
361 576
984 593
442 446
749 6
705 566
699 713
197 436
842 339
75 619
410 522
749 334
594 328
258 827
239 925
275 283
83 760
56 541
154 398
688 274
222 956
572 357
362 422
606 237
835 577
551 109
559 442
539 262
152 487
361 865
898 664
709 538
885 217
233 808
720 771
270 941
375 904
547 977
153 865
960 274
359 165
469 250
62 749
23 911
522 782
168 713
592 231
402 101
145 845
357 262
240 140
457 809
364 235
960 819
615 798
345 865
476 15
798 553
16 51
543 549
875 505
693 555
602 908
961 381
851 865
422 764
624 174
182 588
339 644
781 168
83 874
268 284
955 453
132 326
49 240
205 93
100 944
304 507
612 505
182 442
741 850
398 457
428 543
29 331
805 811
918 1
545 138
881 354
774 563
38 909
864 113
154 819
303 787
741 338
828 557
596 668
460 908
587 9
522 622
7 10
138 973
28 424
630 202
896 804
356 570
192 381
200 326
793 984
675 490
960 861
31 294
527 730
479 692
758 870
457 362
603 617
772 312
203 922
906 952
720 338
913 504
570 417
330 7
967 925
819 642
540 204
717 250
542 821
856 507
420 637
533 109
540 525
294 631
328 798
636 610
626 973
883 562
942 355
976 445
38 850
130 925
949 62
130 512
913 768
490 544
16 179
160 311
165 436
23 641
621 679
302 723
366 937
132 257
696 192
475 892
870 578
923 548
689 722
924 642
717 388
611 302
655 570
76 473
48 134
511 165
551 224
949 314
689 591
101 463
811 576
827 100
475 369
181 901
808 593
531 311
868 84
362 836
485 196
109 547
434 262
960 469
288 683
203 106
18 407
842 578
839 141
526 605
489 808
352 60
708 853
871 751
516 198
871 893
415 191
294 998
507 858
954 638
260 155
406 435
601 452
771 671
160 557
137 650
167 584
49 660
582 185
959 874
390 31
326 62
512 395
725 965
114 638
504 365
805 102
960 844
874 350
442 707
993 939
819 302
477 209
261 877
466 947
841 994
336 381
688 599
606 468
784 829
818 514
442 755
800 526
373 604
133 691
346 158
20 605
744 241
306 808
164 156
644 881
34 205
667 467
830 530
153 789
990 632
120 598
547 401
237 275
402 930
689 789
485 888
147 798
68 792
910 289
816 85
537 310
291 312
559 783
881 576
1 993
230 750
425 786
654 644
902 787
83 185
674 144
399 748
694 860
720 735
642 38
648 603
690 871
731 854
868 312
379 268
360 941
523 749
232 104
971 808
430 330
898 830
948 191
13 181
644 773
554 666
798 469
398 479
130 101
18 92
849 44
721 911
302 910
977 359
532 809
816 886
730 768
988 735
612 476
597 144
660 217
446 645
680 399
22 314
706 6
297 148
445 617
550 455
159 557
696 338
94 420
374 530
965 819
641 705
976 560
850 879
769 576
621 348
597 734
630 833
984 418
675 150
105 299
898 295
551 416
877 246
715 729
204 570
817 599
131 933
142 582
199 326
510 945
80 773
253 591
522 889
149 690
798 710
844 280
82 452
905 162
13 415
886 394
190 789
281 695
666 610
210 326
709 650
900 299
123 31
377 420
288 290
62 248
435 720
229 952
562 480
971 242
309 910
336 618
277 56
146 350
831 99
968 268
174 576
199 490
492 722
421 458
429 487
593 116
839 696
145 30
708 467
7 403
334 768
633 134
207 412
346 863
444 356
100 32
100 315
781 268
606 750
130 675
365 184
71 939
701 294
8 667
102 919
447 141
204 163
127 560
403 730
354 772
568 766
924 554
33 320
521 557
581 55
331 851
298 339
482 248
160 47
209 377
203 119
504 467
446 458
461 982
508 718
511 913
328 378
100 445
227 82
998 774
362 908
203 588
764 239
129 560
473 897
602 24
928 188
532 328
363 509
92 70
421 248
508 901
255 950
640 536
292 861
127 837
645 705
374 657
457 599
614 643
715 521
989 220
72 138
935 735
726 74
389 7
566 878
573 908
818 865
376 374
960 492
308 373
703 600
611 671
621 673
309 57
338 631
271 981
352 536
297 509
875 415
835 436
837 871
926 359
460 369
259 997
485 984
59 124
110 822
181 94
376 877
194 244
56 847
751 736
902 724
432 915
950 499
335 866
54 890
257 818
839 124
328 745
985 329
888 4
600 822
688 657
592 869
502 244
943 113
134 342
363 450
317 294
291 412
764 960
386 321
425 950
422 35
646 705
544 14
961 804
24 443
561 355
212 409
696 855
619 191
801 729
465 652
230 484
622 63
726 734
376 934
794 892
816 493
521 659
435 282
152 649
151 908
402 697
959 159
819 611
35 699
876 525
434 501
384 480
212 160
886 38
949 855
815 197
189 547
817 34
902 851
524 428
647 944
54 107
471 144
395 185
434 312
118 79
822 421
191 514
953 303
229 637
864 333
599 127
360 667
174 844
840 393
647 638
509 249
126 324
345 745
363 707
166 137
999 34
362 718
190 54
64 594
339 181
65 396
225 653
763 190
13 653
960 714
908 518
382 122
885 141
12 58
481 399
886 775
654 984
967 533
616 692
483 343
88 988
611 194
612 541
918 293
601 857
730 482
113 33
603 391
117 741
471 797
775 965
605 450
412 123
694 591
703 558
385 161
80 674
366 766
54 321
435 320
896 702
443 2
619 304
790 618
354 575
788 36
852 941
200 760
660 984
464 670
252 352
760 842
894 291
525 548
7 836
167 309
132 387
130 394
811 472
743 738
996 114
370 651
596 358
435 500
93 429
519 2
828 576
625 293
731 9
562 918
950 71
288 133
606 904
986 216
394 378
508 54
222 364
753 717
59 516
774 456
933 341
562 16
345 591
891 627
688 171
31 328
925 808
173 169
864 223
945 503
36 478
963 137
538 279
172 385
103 429
800 56
777 360
817 781
676 771
151 794
74 523
812 189
585 886
633 137
742 456
857 951
460 299
537 130
334 243
750 140
402 954
661 319
448 333
182 576
592 535
72 564
515 663
461 196
867 749
921 112
764 64
379 18
845 524
353 172
34 65
373 404
334 723
434 870
467 60
527 205
76 9
618 161
590 692
856 779
380 171
359 44
251 790
795 87
108 269
764 599
179 893
443 862
776 634
283 442
351 688
271 630
420 817
346 141
370 593
940 161
290 274
198 307
417 977
940 650
124 274
931 374
52 51
356 482
977 59
602 952
697 918
234 367
258 498
955 475
580 366
318 57
876 265
522 591
956 402
430 545
146 281
28 980
550 998
245 718
892 956
516 327
690 909
827 278
797 215
2 790
323 71
994 147
448 787
21 304
606 729
221 82
319 776
67 644
492 31
331 805
517 94
604 667
958 550
304 821
87 837
894 462
506 128
955 792
169 793
368 337
360 865
233 764
276 455
602 203
208 338
309 946
988 53
311 271
325 96
559 619
626 197
741 367
785 722
79 307
181 383
209 532
792 670
425 899
