725 440
861 111
49 973
137 874
251 807
233 768
269 237
786 185
965 62
174 4
724 244
839 919
98 576
975 415
266 284
961 474
181 5
7 941
749 462
860 192
991 4
376 825
262 9
750 829
688 657
587 945
839 761
868 865
965 184
424 657
995 283
688 789
536 723
200 124
356 462
83 284
13 192
492 945
181 51
21 599
896 782
902 933
339 462
21 865
192 619
87 97
367 385
955 75
35 138
421 847
724 507
550 82
203 197
960 576
650 235
508 591
182 396
730 311
160 440
689 70
593 747
550 576
965 52
13 51
360 973
185 9
334 808
304 259
868 945
772 262
381 984
817 304
861 237
527 760
261 233
650 162
896 54
56 541
132 235
877 94
696 557
580 236
332 399
902 250
627 694
190 945
539 747
856 244
984 819
763 505
132 934
72 502
302 378
138 94
725 715
263 694
995 866
976 131
881 544
587 448
27 844
302 445
662 253
907 671
460 178
174 671
601 683
131 124
819 332
181 947
427 197
334 768
98 140
432 262
492 973
650 474
900 178
773 653
959 217
627 314
717 732
477 51
973 874
406 299
763 980
422 984
294 787
384 984
561 760
137 233
894 791
843 877
332 141
447 761
221 452
506 4
87 462
323 432
269 482
361 369
720 237
345 599
703 248
731 934
839 657
688 591
966 919
612 952
868 973
164 992
528 502
749 307
290 544
92 808
675 480
961 653
593 933
374 304
950 141
975 9
506 392
717 475
961 381
137 392
69 549
845 845
955 262
16 179
204 988
995 109
31 208
717 557
475 369
527 312
346 819
356 984
361 54
475 178
562 853
991 128
98 812
593 236
852 722
886 296
522 599
59 541
749 671
402 707
21 804
362 366
305 39
402 138
68 396
492 722
200 541
167 755
583 619
965 448
7 809
457 591
795 480
976 178
885 874
422 148
373 736
92 51
363 984
719 877
278 111
360 281
941 415
749 181
68 375
13 181
59 933
750 492
13 237
393 722
323 414
13 618
467 644
966 933
738 283
843 505
374 582
151 760
131 366
142 789
35 462
319 471
827 706
984 492
434 134
361 304
345 886
965 392
719 945
131 657
550 794
145 509
332 150
886 474
469 732
810 874
251 576
67 791
811 369
69 75
460 908
528 396
528 588
362 312
965 109
16 181
689 809
200 74
233 248
749 791
192 34
763 908
421 4
319 93
772 747
973 490
961 509
595 369
887 859
424 874
304 250
724 432
469 237
137 719
361 829
35 396
442 621
332 643
539 650
263 825
200 141
999 21
160 94
323 178
290 208
877 440
49 797
528 791
221 576
720 984
305 101
209 271
907 179
362 851
749 138
101 570
434 919
861 732
326 896
262 619
70 980
858 34
751 61
83 600
785 243
536 178
55 462
539 508
738 444
302 507
422 853
793 200
200 933
985 901
262 75
941 162
142 657
376 237
868 886
593 761
352 21
534 505
225 988
174 258
817 235
242 621
75 162
993 532
153 271
424 966
361 809
334 47
482 154
439 101
422 217
536 315
533 691
319 812
356 181
816 532
696 984
730 94
209 599
137 952
138 70
508 941
457 789
738 184
902 338
731 759
447 541
962 206
201 576
514 150
528 844
514 484
505 576
795 34
506 62
221 797
332 490
515 919
985 782
689 945
142 91
993 947
174 375
364 490
817 854
182 197
83 312
709 678
861 259
719 847
550 274
709 969
858 619
363 381
266 124
305 945
583 448
810 761
241 425
363 509
98 807
221 715
13 787
877 939
852 804
208 653
856 449
190 312
949 458
376 75
601 794
444 368
376 258
275 669
783 988
601 274
691 392
208 64
724 185
985 945
839 865
70 299
13 94
536 414
362 650
973 148
55 291
650 945
306 381
98 819
145 64
795 484
142 582
975 101
612 72
650 619
955 475
306 474
365 642
467 844
861 250
773 47
233 618
242 474
751 200
28 131
817 532
402 375
136 731
100 131
361 657
209 865
363 70
442 984
442 482
352 959
795 283
810 747
783 707
644 906
725 381
860 388
100 908
514 490
7 886
528 535
402 644
266 657
508 582
127 315
811 683
902 730
37 508
580 933
28 779
960 973
177 530
522 271
810 347
654 844
896 945
363 94
363 536
660 775
439 934
564 801
828 385
689 973
733 576
294 631
860 732
374 945
406 71
432 952
131 760
654 396
346 148
7 901
896 599
612 505
460 560
92 653
55 194
297 819
984 354
364 51
703 432
515 366
730 51
534 600
37 74
127 908
356 873
21 281
533 853
27 588
772 541
356 988
373 475
703 760
56 877
994 151
955 194
174 197
611 375
550 385
85 286
711 677
221 544
336 947
941 536
356 732
251 369
696 768
959 109
334 70
666 778
843 262
203 179
182 138
536 779
294 332
88 332
319 274
481 862
181 532
839 966
72 671
208 845
816 789
811 794
69 694
13 570
630 683
810 134
993 64
965 268
731 452
356 642
424 919
83 74
287 399
817 296
696 621
323 299
262 128
712 220
181 417
55 307
32 588
13 631
35 671
424 262
991 392
402 462
339 291
304 237
376 541
127 248
236 655
533 399
334 209
795 296
949 448
675 484
508 312
703 980
534 560
334 368
200 747
861 462
749 396
711 236
160 532
467 636
587 162
896 304
444 980
0 806
488 426
475 248
135 611
601 463
894 535
627 825
858 536
367 471
101 642
610 829
534 378
35 636
225 228
688 599
151 560
424 761
562 364
174 291
434 650
965 669
965 825
630 829
261 262
810 730
960 385
446 825
222 109
861 631
561 236
839 236
345 91
436 562
56 458
955 535
291 898
999 448
672 760
894 800
205 829
816 973
167 237
977 372
601 93
810 312
302 368
192 21
709 21
297 947
225 707
473 375
181 591
204 259
737 284
374 941
361 385
660 643
181 70
933 973
891 960
32 181
32 800
357 74
533 141
611 576
434 141
773 381
709 854
733 829
35 307
660 34
70 368
367 208
514 200
88 181
275 52
233 70
367 797
985 809
933 93
902 124
226 6
273 598
965 819
845 248
78 544
783 192
21 886
845 94
323 980
795 150
925 638
559 34
817 271
365 462
62 845
360 865
67 707
100 449
54 678
124 999
153 304
7 83
528 800
441 908
38 956
725 47
429 755
933 452
696 181
902 141
828 819
381 217
562 866
356 755
632 168
955 462
121 496
262 678
83 131
421 475
961 848
21 722
628 665
973 484
858 387
7 945
985 591
7 657
877 417
966 865
160 653
559 448
748 233
595 683
305 296
190 941
297 417
689 94
27 800
717 404
290 140
357 919
811 463
524 940
457 312
59 141
421 952
261 846
717 631
660 945
201 452
87 787
779 672
719 736
457 281
49 274
362 657
427 535
828 208
763 507
376 314
833 10
845 947
860 988
83 779
985 973
290 576
195 873
467 181
174 314
373 233
55 671
950 966
626 901
559 969
263 62
556 28
652 593
720 228
203 194
587 403
13 482
435 844
995 184
225 332
795 364
811 544
424 508
278 332
251 750
689 281
491 948
725 760
819 462
312 889
201 463
696 787
993 653
393 304
738 253
222 643
367 354
533 148
68 588
959 643
334 474
965 691
101 631
416 226
151 414
850 313
167 482
784 669
345 591
761 895
70 760
859 367
627 4
738 484
151 154
522 804
636 518
918 86
242 192
100 505
670 737
349 614
351 480
709 235
738 61
750 140
442 163
360 782
376 736
13 848
902 851
88 388
523 795
69 847
550 819
377 286
573 965
301 456
384 874
672 969
333 585
719 128
941 783
13 47
786 560
991 638
208 506
688 865
231 875
536 449
69 458
229 969
749 490
406 333
339 792
345 310
560 815
689 271
266 134
907 462
262 34
87 259
357 119
650 934
181 973
275 61
339 197
514 874
870 658
27 138
580 655
54 326
717 719
56 694
174 268
763 779
862 987
190 281
365 259
995 874
975 536
15 126
648 668
130 514
724 368
361 492
138 440
434 312
201 385
68 535
610 819
920 779
539 74
611 791
290 214
300 42
856 505
589 241
200 851
748 392
319 463
302 728
627 952
335 643
894 194
59 233
200 650
27 490
959 52
250 200
364 138
810 541
719 783
875 694
320 596
515 233
264 705
522 304
72 644
877 808
98 714
784 691
174 549
103 708
303 171
819 707
392 462
634 597
422 691
877 474
469 768
967 528
763 185
569 373
587 39
92 715
84 362
225 642
137 314
654 375
595 93
92 532
72 197
447 236
861 338
131 468
972 237
73 839
81 810
181 248
506 825
262 415
192 536
460 248
709 415
251 82
717 75
852 809
662 484
290 797
612 258
400 117
650 39
75 945
836 914
28 600
587 969
811 888
729 221
516 710
868 782
559 945
13 621
689 657
875 72
662 984
54 296
750 576
553 7
427 844
69 952
528 390
689 591
13 462
25 351
442 97
31 82
725 311
148 910
268 162
204 388
528 138
346 490
660 21
580 233
810 919
138 5
764 374
334 449
383 252
601 354
479 462
87 755
346 480
630 354
550 294
49 807
181 91
506 258
933 683
135 770
187 185
960 140
299 586
