24 80 59
39 75 75
76 84 52
26 8 9
17 4 69
90 80 58
39 70 1
13 43 69
96 3 86
24 34 67
96 3 35
38 70 1
91 8 54
19 63 6
11 39 52
95 6 22
90 57 6
1 87 44
8 78 76
57 63 6
38 75 36
70 26 60
62 27 92
60 63 1
96 87 3
91 64 1
8 54 57
35 57 49
39 78 76
62 27 1
38 70 75
11 19 51
35 4 14
91 64 13
71 2 54
51 83 9
26 8 99
86 46 91
67 27 57
91 25 1
11 57 49
90 57 91
57 13 6
66 25 79
90 63 36
1 44 4
24 34 59
91 64 30
77 62 88
95 25 1
53 63 48
28 57 71
63 13 9
95 25 54
26 80 59
58 39 94
22 87 9
39 27 76
90 80 59
91 25 13
71 25 13
19 63 0
96 0 0
39 27 3
1 41 9
38 75 92
24 8 59
51 87 11
45 70 33
38 63 3
90 34 58
35 4 91
19 13 91
13 41 19
11 39 17
1 87 68
13 43 19
95 8 79
17 56 66
2 12 30
17 43 14
63 41 68
90 8 67
99 87 86
25 15 17
22 83 9
11 87 95
66 8 54
57 70 6
90 13 0
1 83 44
28 57 17
1 44 11
22 41 68
15 69 86
29 13 91
1 83 11
65 52 83
29 81 67
57 57 6
95 12 54
19 2 78
11 0 3
33 52 51
35 84 49
63 22 25
99 87 0
29 70 6
39 63 36
22 72 3
98 9 98
28 84 49
90 13 6
76 48 15
63 44 68
33 22 41
91 2 1
74 91 49
65 19 83
99 3 3
51 93 72
51 41 9
39 27 97
74 80 84
24 81 9
42 74 2
63 63 92
78 81 42
39 13 36
52 8 58
43 96 75
26 34 67
39 31 68
4 93 75
65 22 57
99 72 0
82 84 8
11 57 71
63 87 68
57 70 48
53 34 24
26 46 9
62 75 92
71 64 83
38 63 36
93 47 1
35 18 3
51 94 75
48 90 23
24 80 58
10 3 92
22 44 68
25 5 51
22 87 35
76 84 49
21 19 14
41 82 6
76 39 17
88 13 11
39 78 57
86 43 69
20 34 7
39 5 85
53 83 82
90 34 59
82 46 69
95 84 22
41 0 71
36 87 48
11 52 51
33 99 20
78 99 78
22 31 44
53 66 96
12 8 17
42 30 78
86 18 60
71 77 52
33 19 51
8 36 35
33 17 51
90 8 99
90 81 67
98 92 16
85 10 33
31 15 97
28 39 49
59 89 77
98 99 66
69 93 50
24 60 58
34 80 3
12 25 17
86 98 69
83 47 92
56 25 8
2 21 27
35 98 33
69 58 90
39 86 91
39 78 97
28 6 17
97 29 84
1 66 10
31 40 49
41 0 36
96 80 95
47 50 97
2 27 10
39 27 57
39 29 75
98 54 57
76 67 8
84 23 50
93 41 69
98 27 57
38 27 92
11 80 95
26 63 46
13 15 33
24 80 67
86 98 33
10 38 21
44 3 81
34 23 96
21 15 63
22 83 4
26 21 7
5 27 37
95 84 17
95 57 49
86 4 91
14 15 50
62 75 75
98 30 98
66 78 35
67 27 65
13 50 31
54 16 94
75 70 86
30 35 48
33 10 35
74 91 46
76 90 40
29 80 99
84 25 35
67 27 76
52 90 91
88 87 11
82 41 91
80 50 44
67 26 60
73 30 51
34 12 39
86 41 19
82 9 38
76 39 49
19 46 51
81 96 18
69 42 2
18 78 20
96 80 3
38 78 91
63 27 92
73 61 54
39 63 92
19 13 36
36 91 7
64 79 5
17 37 67
49 43 59
25 21 80
95 50 17
90 8 58
0 94 12
57 46 67
75 79 36
39 98 36
36 83 36
29 63 36
98 84 14
43 91 57
2 8 30
24 0 64
49 80 39
0 40 52
65 87 43
44 46 61
20 4 62
63 70 75
28 90 49
26 20 72
8 56 33
61 86 37
12 98 50
68 18 98
27 74 18
31 74 20
11 52 8
81 22 60
50 49 62
33 36 32
74 95 82
39 22 47
32 54 98
88 84 62
68 91 80
92 52 41
69 9 42
61 17 42
95 41 75
69 36 88
38 47 27
86 43 91
66 27 47
16 71 41
86 20 42
84 60 0
99 80 35
86 34 68
85 30 44
21 35 57
95 68 37
48 44 3
76 8 59
38 29 75
11 4 78
61 10 91
91 8 13
71 64 13
30 63 95
20 89 10
51 59 31
39 74 3
99 80 3
7 57 92
14 86 35
5 1 75
57 82 88
9 36 31
15 72 38
47 8 73
59 7 47
90 43 96
13 16 22
87 80 23
21 51 69
74 14 41
34 7 64
12 93 3
66 7 31
22 1 23
78 63 22
1 33 86
88 3 55
6 19 93
99 3 15
71 28 41
61 70 2
91 75 54
4 40 91
75 64 68
86 46 69
67 96 16
42 82 16
78 90 94
61 89 50
68 15 18
35 6 22
86 43 16
25 75 62
23 45 45
8 76 35
67 2 19
98 64 86
1 44 68
31 87 61
52 96 42
31 41 0
57 57 0
78 33 10
33 48 16
14 8 90
50 5 85
20 18 14
61 57 30
60 35 6
97 68 36
31 21 99
63 83 4
57 67 90
82 19 79
90 62 52
11 90 71
18 61 30
98 69 12
22 87 4
11 80 3
55 7 32
76 34 58
25 39 57
12 85 87
55 34 59
69 45 85
45 54 5
17 2 52
1 72 22
32 73 28
90 66 18
14 77 55
72 50 42
39 20 39
35 41 19
66 2 54
38 29 1
63 87 36
21 10 62
89 78 27
88 67 63
42 99 92
86 57 18
25 84 48
95 25 13
7 1 94
15 65 62
45 95 83
55 80 73
80 27 64
45 97 12
4 86 21
93 88 92
4 95 70
87 35 13
50 36 24
82 15 96
67 78 65
39 75 1
80 14 36
53 57 0
11 84 71
33 14 83
8 83 20
82 41 19
66 12 79
71 99 53
66 80 43
76 6 71
97 16 24
56 94 53
57 16 12
95 84 71
66 15 38
40 87 24
89 81 10
96 24 73
26 81 99
94 35 91
91 8 79
58 17 69
23 17 0
10 44 82
32 50 26
12 60 91
55 45 65
20 96 81
81 33 98
25 80 87
57 71 24
42 0 51
78 25 35
58 27 73
23 61 8
76 81 99
90 41 7
98 26 97
39 17 24
84 34 18
82 10 98
10 16 14
60 70 1
76 60 12
87 62 84
11 3 0
29 81 58
23 90 36
88 35 3
2 25 13
72 36 66
40 86 82
42 76 88
80 65 9
55 76 45
13 58 94
55 63 8
98 97 56
11 94 58
5 59 62
60 70 75
88 9 69
74 21 87
85 46 62
26 38 28
82 4 14
19 65 36
58 60 14
91 27 21
34 29 18
16 33 21
97 7 75
86 37 94
6 8 11
91 12 13
4 30 55
62 70 75
81 39 66
89 91 16
78 88 85
88 41 27
38 27 36
36 12 43
38 93 70
54 86 14
70 4 2
88 16 92
47 35 94
56 26 22
17 63 52
95 75 74
61 84 13
17 98 19
38 3 10
66 33 90
31 72 35
12 88 86
99 86 63
29 46 9
69 9 8
41 43 5
86 34 11
63 49 47
82 30 52
97 13 44
68 33 63
17 29 46
30 72 81
72 37 98
17 16 49
80 36 88
83 22 30
96 22 76
85 10 19
65 48 30
60 20 83
29 8 9
53 31 10
85 72 99
38 90 11
7 61 3
49 25 82
0 76 79
84 75 56
79 45 70
87 89 86
47 35 0
29 25 74
86 98 19
17 74 28
67 48 23
63 30 68
93 0 47
11 6 17
13 98 14
26 41 28
31 67 75
70 69 29
57 65 48
76 8 99
2 80 31
87 81 59
40 24 61
5 60 10
52 49 67
98 60 63
0 55 21
78 4 38
0 3 40
30 48 27
94 53 90
37 64 41
57 99 42
11 35 81
84 1 51
53 70 48
65 17 8
30 23 50
75 99 9
67 35 79
60 25 62
45 48 67
86 80 38
89 86 53
55 73 53
68 3 31
37 74 43
55 36 80
82 78 7
57 92 66
63 48 54
34 73 69
44 25 55
28 39 22
71 81 74
52 94 43
45 3 31
19 69 6
26 0 59
62 69 67
17 65 30
96 1 96
69 15 78
22 67 77
40 26 78
82 84 57
32 18 60
88 15 95
68 51 0
16 37 98
14 18 86
85 25 54
40 55 3
3 68 38
1 87 4
24 34 9
58 53 97
19 62 0
69 17 38
58 50 85
61 65 4
93 25 45
76 52 16
74 93 83
12 79 38
59 4 51
45 47 83
76 11 79
24 27 57
99 59 10
57 57 91
77 8 8
75 42 76
82 55 56
95 6 52
86 43 14
25 55 31
78 27 64
23 90 22
86 36 82
53 2 22
85 41 65
68 37 40
1 77 93
97 64 69
82 41 69
47 51 72
78 8 72
65 29 98
24 81 59
43 92 42
11 17 79
28 6 52
24 68 26
6 93 52
14 10 90
48 5 17
35 43 69
51 11 82
67 26 76
65 64 51
28 10 49
62 48 22
52 51 40
20 70 82
35 13 29
33 56 34
91 25 79
2 9 7
6 34 94
74 55 91
17 21 34
11 10 81
99 61 78
33 60 56
72 58 48
48 75 60
63 16 35
4 70 19
67 21 52
92 1 67
96 22 81
73 22 47
5 11 27
12 63 96
94 69 66
79 78 58
51 15 96
71 64 8
12 27 97
88 87 68
82 84 53
88 15 72
66 77 70
51 57 96
43 46 80
66 44 77
45 94 99
4 93 19
30 94 48
22 47 84
96 42 33
28 97 70
7 56 74
76 8 9
68 33 26
72 99 70
40 73 63
24 34 58
35 39 36
8 28 44
98 93 8
38 75 3
62 89 36
72 83 3
67 6 22
57 86 60
41 3 22
86 56 22
89 91 89
13 42 31
68 67 25
9 54 71
18 21 64
39 74 48
31 69 9
26 94 16
11 84 22
29 67 87
67 10 75
54 70 37
50 95 53
58 1 53
46 54 33
17 74 27
96 30 55
83 48 91
97 10 2
24 10 62
80 41 36
78 8 79
38 45 14
96 0 86
35 7 41
88 27 80
21 7 33
88 16 35
90 23 90
47 7 41
57 51 52
90 98 38
71 4 83
88 8 94
72 6 90
26 18 82
98 78 57
86 41 14
98 49 20
47 27 64
35 41 33
91 8 30
67 25 91
11 19 41
83 13 65
24 21 66
71 12 13
51 7 48
81 46 91
83 65 93
56 21 62
51 72 75
98 42 75
32 30 51
40 39 88
46 48 98
84 57 32
43 64 65
97 23 92
29 81 99
89 78 68
23 58 30
19 90 34
33 34 41
72 35 75
4 38 69
60 37 71
48 9 45
50 80 72
42 78 63
12 96 88
24 75 38
22 38 43
52 79 51
80 57 13
82 26 96
90 70 6
29 57 6
73 15 45
17 41 33
22 13 44
66 83 30
90 71 60
19 45 98
11 72 95
63 33 68
8 8 1
90 81 51
1 5 71
82 72 67
60 43 65
61 69 38
34 33 83
62 84 89
0 11 87
36 83 5
29 22 94
77 82 97
48 5 33
8 19 69
84 75 89
5 10 48
74 88 5
90 70 36
73 99 79
16 9 16
26 81 60
97 78 21
53 9 21
73 52 26
71 50 23
76 6 52
27 1 43
27 39 43
61 78 82
35 62 78
3 2 12
13 75 2
64 1 33
51 41 37
25 50 67
79 37 78
77 24 34
84 52 75
56 98 53
89 24 11
16 56 98
67 35 65
95 12 1
59 37 43
68 9 88
48 47 50
53 13 36
24 49 15
23 1 50
41 92 18
77 30 20
42 74 23
19 41 26
95 96 87
44 91 17
49 72 60
5 53 79
95 12 79
24 73 88
76 64 68
89 49 94
52 84 23
77 50 11
29 2 63
9 73 57
79 26 68
2 8 1
11 63 7
75 68 19
82 46 19
99 80 95
9 4 98
97 51 27
33 55 50
4 63 16
45 1 29
29 70 48
54 23 88
63 98 54
20 91 38
35 57 22
99 54 22
39 70 36
39 62 17
95 79 61
43 8 6
10 25 11
58 9 4
34 3 86
44 91 2
17 28 23
84 16 84
35 79 58
38 75 69
80 82 18
76 10 93
33 52 8
23 11 34
17 43 69
40 81 16
22 2 6
95 52 92
92 48 9
26 45 71
72 30 12
61 59 94
19 44 80
0 29 24
64 70 24
4 11 61
83 7 10
82 62 7
24 84 62
85 34 60
97 69 75
87 46 18
27 15 72
64 28 55
64 67 66
19 81 47
61 38 34
47 79 34
45 0 77
87 86 35
80 38 66
43 30 44
29 63 6
16 17 49
98 73 99
75 18 58
44 41 23
71 86 95
20 83 37
14 56 49
40 51 55
19 85 6
21 46 39
1 87 11
18 70 76
63 13 44
38 80 55
15 59 56
81 2 14
14 29 18
59 61 73
81 21 43
64 22 13
62 8 5
55 3 78
94 30 78
28 81 79
6 81 14
71 79 45
30 38 72
10 40 76
7 38 96
74 29 98
43 71 77
7 39 28
88 17 14
35 40 79
83 39 51
20 98 80
23 85 26
76 57 17
29 57 0
22 0 86
33 94 45
15 78 5
20 70 9
96 35 29
83 40 12
13 64 77
23 14 55
13 31 95
65 54 49
19 70 48
16 20 46
