39 78 57
51 44 9
70 27 76
98 27 57
99 0 35
8 27 60
38 75 1
63 13 68
35 98 33
39 26 57
90 63 36
96 72 0
57 13 91
91 8 1
34 72 35
19 57 36
91 2 54
66 2 54
60 27 1
38 27 3
11 6 17
22 72 86
82 46 33
2 25 30
26 80 99
19 65 0
95 64 13
35 43 33
66 25 79
39 75 36
66 8 54
29 13 48
11 17 8
35 39 17
99 80 3
22 13 4
11 19 8
24 46 99
76 46 58
60 70 1
90 65 6
13 43 33
60 75 92
95 12 79
95 25 30
51 44 68
29 63 36
99 3 35
33 17 51
67 54 60
60 29 92
82 84 8
39 54 60
11 52 8
35 84 49
53 63 48
63 13 9
99 72 0
19 65 6
8 78 65
65 52 53
35 43 14
33 52 51
8 27 65
39 27 97
19 63 6
76 8 67
63 63 92
11 64 53
90 65 36
28 84 22
8 54 76
33 84 51
88 13 44
90 63 91
88 13 11
82 46 14
63 41 44
86 43 69
22 87 95
66 2 1
39 35 57
63 83 9
34 0 3
62 29 1
11 39 49
13 98 14
63 70 3
33 52 79
66 2 13
70 35 65
76 84 17
53 13 6
11 72 95
11 3 3
35 90 52
34 0 86
71 84 53
63 75 92
38 70 36
91 12 13
65 52 8
95 84 22
34 72 95
39 54 76
53 57 36
35 4 69
82 84 83
51 83 9
17 4 14
35 46 19
13 43 91
39 27 3
2 64 30
95 6 17
91 25 1
71 17 79
33 19 51
17 41 91
29 80 99
2 25 13
63 75 3
86 4 91
34 80 86
63 83 11
29 81 67
82 64 79
76 80 59
95 8 13
11 84 22
98 27 76
19 13 91
62 27 92
65 17 8
88 41 68
34 3 86
63 87 9
35 84 17
76 80 67
71 64 54
71 17 83
19 70 48
11 87 95
91 8 79
29 34 67
66 8 1
8 27 57
76 57 71
99 72 86
29 80 9
76 46 67
96 0 95
1 83 9
62 27 75
95 84 52
90 63 48
67 35 97
71 8 13
70 78 76
35 57 49
88 87 11
13 43 19
95 64 30
2 8 54
98 78 60
62 29 36
86 41 69
11 84 17
53 13 36
95 8 1
13 98 69
34 72 0
26 46 59
76 84 22
95 12 30
96 3 35
82 17 83
60 63 36
19 63 91
2 2 54
33 19 8
62 27 1
26 8 67
95 25 54
13 46 33
86 4 14
71 8 79
98 27 97
13 46 14
22 87 9
76 81 67
67 35 57
99 3 95
33 84 53
57 13 36
90 13 6
90 70 6
35 57 71
98 26 97
71 12 1
71 12 30
11 39 22
13 4 14
96 0 86
11 17 79
62 63 3
90 57 6
82 4 14
60 27 92
24 81 58
98 54 57
11 64 79
11 84 71
82 84 53
63 63 36
76 81 59
88 41 4
96 87 35
29 80 59
76 6 17
13 41 14
90 46 9
26 81 67
1 41 44
71 64 1
66 25 54
29 70 36
82 4 19
53 65 91
29 8 59
29 46 59
62 63 36
22 87 44
95 12 54
82 98 14
90 46 99
53 13 91
11 52 53
71 52 79
38 63 3
53 70 91
8 26 65
88 83 9
39 27 57
88 13 9
29 70 6
76 34 59
67 54 57
22 41 9
95 57 17
60 63 1
29 70 48
39 35 65
76 39 17
76 80 9
95 90 52
90 46 58
51 83 4
35 43 69
76 34 99
53 57 91
11 19 83
57 13 6
2 2 1
71 64 8
39 26 65
63 75 75
24 46 9
90 8 99
86 4 69
29 57 36
70 27 97
95 64 1
38 27 92
2 2 13
8 26 76
2 2 30
76 80 99
62 63 92
11 39 71
60 75 36
28 84 17
1 83 44
11 6 71
65 84 83
82 84 51
11 17 83
11 6 52
98 54 60
11 57 49
35 39 71
76 57 17
39 78 65
51 87 68
70 26 57
24 81 99
39 29 3
1 13 68
86 43 19
82 43 69
76 39 22
22 83 68
62 75 75
38 63 92
86 43 33
39 75 3
35 46 14
22 44 44
57 70 48
26 81 59
8 78 76
67 54 76
86 46 91
51 41 4
1 87 44
57 57 91
38 70 1
99 80 95
8 54 60
17 98 14
1 87 11
29 70 0
95 84 71
99 72 95
24 80 9
90 13 0
95 12 1
39 35 97
17 46 19
13 98 33
26 80 58
66 64 1
8 35 65
90 34 99
98 54 97
19 65 48
63 83 44
51 13 4
63 27 3
63 41 11
22 87 0
33 17 79
99 87 3
86 46 19
76 34 58
22 44 9
26 8 59
66 64 79
86 4 33
8 54 97
76 57 52
91 2 79
76 6 49
38 63 75
29 80 67
76 90 49
82 43 19
96 87 86
17 41 19
60 70 3
70 26 97
71 64 83
19 63 0
90 8 59
67 27 97
53 70 0
66 2 79
88 41 44
62 29 92
26 46 9
29 46 58
86 98 69
63 44 11
66 8 13
91 2 1
1 41 68
63 70 36
57 57 0
63 41 4
91 64 1
76 81 58
11 84 53
70 26 76
63 87 4
24 81 67
51 13 44
67 78 76
65 84 53
35 41 91
2 12 30
11 6 22
11 19 53
71 19 79
11 80 0
26 34 59
82 64 8
86 41 14
86 4 19
82 17 79
76 6 22
95 64 79
88 41 11
71 64 79
29 65 6
19 63 48
63 63 75
82 64 53
66 12 1
86 43 91
39 75 1
8 27 97
62 70 1
34 87 3
71 25 54
96 87 3
2 64 1
95 12 13
39 27 65
51 44 44
35 6 49
29 70 91
82 46 19
28 57 22
22 3 95
71 64 51
11 57 71
65 64 51
76 8 99
11 80 35
35 6 52
98 78 65
65 64 8
22 87 11
66 8 30
65 84 8
99 87 35
57 65 0
60 63 92
22 0 3
65 19 53
70 78 65
11 6 49
66 2 30
67 27 60
71 25 79
28 90 49
63 44 9
29 13 6
98 35 65
95 39 71
82 43 91
60 63 75
76 81 99
65 17 83
90 81 67
1 41 4
82 19 79
62 29 75
67 35 76
35 90 17
76 46 59
76 90 71
24 34 99
57 70 36
51 87 44
57 57 6
66 25 30
29 57 0
62 75 3
28 90 17
2 25 54
29 57 6
67 27 65
90 80 99
39 27 60
60 29 75
60 29 3
34 0 95
71 8 1
34 87 35
51 83 11
2 8 13
1 87 9
90 57 91
70 54 60
99 0 86
82 46 91
24 8 99
76 8 9
63 83 68
11 72 0
88 83 11
22 13 68
95 25 13
51 41 44
35 43 91
38 63 1
24 80 58
24 80 99
82 17 8
95 84 17
17 43 14
22 13 44
8 78 60
1 87 4
90 8 58
17 46 69
39 63 92
22 0 95
65 64 79
76 90 22
28 39 52
29 80 58
22 83 11
29 63 0
2 64 79
70 27 65
99 0 3
29 65 0
82 19 8
28 39 22
22 80 86
29 13 36
35 90 71
13 41 33
63 63 1
28 90 52
63 27 1
98 78 57
70 78 60
11 52 79
82 98 69
8 35 76
11 87 86
95 25 79
67 54 97
63 29 3
71 8 30
67 78 57
88 13 68
96 72 86
90 81 58
2 8 79
63 87 68
28 57 52
19 57 0
29 8 58
99 0 0
82 41 19
76 90 17
38 70 75
1 87 68
53 65 6
19 13 48
71 19 51
63 87 44
29 13 91
11 90 49
95 57 22
34 80 95
13 98 91
66 8 79
39 27 76
26 34 58
82 41 14
33 19 53
90 46 67
2 12 1
67 26 65
11 87 0
90 80 59
82 19 51
17 98 69
17 43 69
76 84 71
95 57 52
63 70 92
71 52 53
1 44 4
66 12 54
76 39 52
34 3 35
82 46 69
35 6 22
76 39 71
33 84 8
71 12 54
76 39 49
65 17 79
99 72 35
17 4 91
22 13 9
34 87 95
2 8 1
39 27 75
82 52 83
29 46 9
19 65 36
1 13 9
99 3 3
91 25 54
63 44 68
98 27 65
76 80 58
28 84 71
95 2 1
71 19 8
63 27 75
70 35 60
90 65 48
22 3 86
63 29 92
95 2 54
90 80 67
57 13 0
11 80 86
24 34 9
17 98 33
39 63 36
35 4 33
57 63 36
66 64 30
11 57 52
53 70 48
17 43 33
86 46 69
1 83 11
99 72 3
22 87 86
11 57 22
98 26 60
38 63 36
28 57 49
35 6 71
17 46 91
11 57 17
76 81 9
24 46 59
28 90 71
88 44 4
22 80 0
95 6 22
76 6 71
76 84 52
22 80 35
62 75 1
28 84 52
70 35 97
39 29 92
26 46 67
38 29 36
96 3 0
63 27 92
29 46 67
67 27 57
33 19 79
95 64 54
60 27 36
90 70 0
71 64 53
11 80 3
29 34 99
71 2 79
17 41 14
95 90 71
34 0 35
39 27 36
88 87 9
11 84 51
26 80 9
67 27 76
63 87 11
51 41 11
8 78 97
33 64 53
8 27 76
39 27 92
28 6 22
71 2 13
70 78 97
95 8 30
99 87 95
29 65 48
26 80 67
13 4 19
67 78 97
1 13 4
22 72 35
95 8 79
34 80 0
67 35 60
22 87 4
76 6 52
88 87 44
33 64 51
35 57 17
22 44 4
76 84 49
99 3 0
35 57 52
60 70 75
35 4 14
17 46 33
57 65 36
11 87 35
65 19 51
71 17 53
95 6 71
86 41 33
76 57 49
28 39 71
76 8 59
26 8 99
88 44 9
99 87 86
86 41 19
39 35 60
99 80 86
1 13 11
11 64 83
71 84 83
39 63 3
39 78 97
11 3 86
51 87 4
65 84 51
57 63 91
98 35 57
29 13 0
39 26 60
29 63 48
33 64 83
35 84 52
24 34 58
91 25 13
29 65 36
82 64 83
8 54 57
29 34 59
86 46 33
90 57 48
11 84 49
33 17 83
11 84 8
67 78 60
82 52 53
29 46 99
19 57 91
86 98 91
88 83 4
39 70 75
70 54 57
82 41 69
11 90 71
90 8 67
70 78 57
17 4 19
11 52 83
17 4 33
26 34 67
71 64 13
71 12 79
51 41 9
71 52 83
91 2 30
22 0 86
70 27 60
65 19 79
22 3 3
28 6 49
1 13 44
71 64 30
39 63 1
82 52 79
11 64 8
39 63 75
19 70 0
2 64 13
19 70 6
62 75 92
82 98 19
38 29 3
60 75 1
96 0 3
22 87 68
57 13 48
95 57 71
22 87 3
29 8 99
96 72 3
67 26 60
29 81 58
90 8 9
91 8 54
17 41 69
98 26 76
51 13 68
35 41 69
13 4 33
82 4 69
39 35 76
86 43 14
51 44 4
95 90 17
95 2 30
98 26 57
28 39 49
39 54 65
35 39 52
11 72 35
90 13 48
26 46 99
51 44 11
29 34 58
11 90 17
19 63 36
63 83 4
35 84 71
60 27 75
96 80 86
11 3 95
90 80 9
63 75 1
57 57 48
38 27 36
34 3 0
65 52 51
11 0 95
88 83 68
67 54 65
88 44 68
86 46 14
19 65 91
39 54 57
82 19 83
39 70 1
66 64 54
17 4 69
71 2 1
11 72 3
19 57 48
90 57 36
82 41 33
67 78 65
33 19 83
38 29 75
88 87 4
60 70 92
62 70 3
88 87 68
57 65 91
11 64 51
62 27 36
22 83 9
35 46 91
24 8 58
1 44 11
95 39 17
71 17 8
65 52 83
24 46 58
26 81 58
34 80 3
22 72 0
29 63 91
71 19 53
17 98 19
8 35 57
22 44 11
62 70 75
2 25 79
95 2 13
53 65 36
11 17 53
28 6 52
53 70 6
90 57 0
33 84 83
17 43 19
82 41 91
71 17 51
98 54 65
76 90 52
51 87 11
11 52 51
17 41 33
82 98 33
95 2 79
35 39 22
76 46 99
53 70 36
19 13 0
91 12 30
38 27 1
22 72 95
76 8 58
22 3 0
13 46 69
19 70 91
90 70 36
33 52 53
96 0 0
90 81 99
13 41 19
62 70 36
90 80 58
1 44 44
90 63 0
33 52 83
26 8 9
1 41 9
95 84 49
86 41 91
34 72 86
71 84 8
29 65 91
86 98 19
66 25 1
29 57 48
11 39 17
39 27 1
90 13 91
91 12 79
11 17 51
63 27 36
82 4 91
22 3 35
62 27 3
22 13 11
57 63 6
39 78 76
63 41 68
39 70 92
8 35 60
35 98 69
67 35 65
82 43 14
24 34 67
70 54 76
99 0 95
39 29 36
90 70 48
38 29 1
35 4 19
71 84 51
38 75 75
91 64 79
29 81 99
60 75 3
71 19 83
19 13 6
26 81 9
90 81 9
28 57 17
26 46 58
53 65 48
24 8 67
62 63 1
65 19 8
65 19 83
38 27 75
71 2 54
76 57 22
38 75 36
96 3 3
88 41 9
71 8 54
26 8 58
29 57 91
29 8 67
35 90 22
13 43 14
82 98 91
63 44 4
67 26 57
38 75 3
51 83 68
70 26 65
91 64 54
38 75 92
90 70 91
98 78 97
98 27 60
35 41 14
11 87 3
63 13 4
90 63 6
70 35 76
1 83 4
34 3 3
1 44 9
39 26 76
95 90 22
99 3 86
22 41 4
63 75 36
28 39 17
28 84 49
29 63 6
2 25 1
