67 26 57
28 39 17
8 54 65
22 29 31
35 12 94
65 84 53
58 67 28
15 71 88
22 87 0
16 17 91
99 77 63
19 59 79
66 2 54
57 63 56
76 74 15
11 11 63
90 81 59
6 31 50
9 24 50
24 34 67
57 73 7
41 86 68
55 26 72
95 56 26
21 97 36
91 2 79
17 41 33
35 6 71
7 90 18
1 54 36
25 11 96
85 46 99
70 78 76
15 78 82
13 88 13
86 92 80
21 31 85
9 25 35
39 19 44
19 49 63
63 87 68
66 33 58
66 3 84
57 25 55
35 85 85
76 46 53
19 63 48
8 25 39
18 65 89
64 7 55
62 22 75
12 16 6
34 54 83
60 80 18
2 21 49
61 36 96
55 15 13
76 63 60
93 45 0
39 26 60
37 41 92
95 64 30
40 16 47
49 28 58
23 75 27
9 61 10
70 57 9
44 55 12
22 53 17
52 27 18
32 38 38
65 31 39
89 97 54
35 45 54
56 61 99
67 86 33
68 52 50
47 68 36
81 6 11
18 52 75
43 11 58
91 28 85
9 26 64
57 46 4
17 69 91
6 29 25
7 15 60
78 91 65
51 20 17
45 48 2
6 50 20
10 24 11
16 51 94
52 67 57
78 32 71
41 26 45
84 41 87
9 96 7
39 4 61
14 36 63
6 77 56
28 48 3
74 20 75
67 54 57
48 98 65
77 98 20
70 47 32
49 38 4
14 89 47
83 35 81
22 6 56
32 6 0
36 64 41
83 55 70
99 73 64
88 13 9
45 18 52
19 65 36
30 96 78
92 70 73
11 67 59
3 21 88
8 65 5
52 99 84
56 27 58
89 6 95
19 52 16
51 55 87
93 92 89
82 19 8
27 73 82
3 53 84
26 80 58
33 41 78
10 67 1
60 29 36
17 71 68
83 80 7
73 92 23
86 43 33
95 39 71
36 74 30
70 71 13
32 40 13
77 90 58
34 0 86
75 3 91
72 95 32
62 52 88
15 25 59
52 66 50
45 8 3
79 22 17
88 33 69
14 36 57
0 49 56
13 74 74
77 10 72
71 36 90
36 41 63
88 67 63
2 68 27
78 38 4
42 62 35
4 93 55
71 63 88
35 98 33
77 62 58
7 64 6
90 70 36
84 88 49
55 22 95
82 84 41
30 56 58
31 62 86
88 60 53
79 77 88
14 22 15
27 83 11
99 80 86
58 53 32
84 69 54
86 36 10
75 49 28
29 93 68
78 16 51
86 43 89
98 37 53
24 34 99
92 59 71
82 89 50
47 17 43
87 54 38
98 78 76
41 92 21
28 49 30
86 64 52
12 78 90
48 59 34
24 55 47
71 32 46
9 94 77
15 33 5
8 13 53
48 95 6
58 94 53
21 70 19
38 6 7
76 76 33
88 9 92
65 84 83
19 77 53
65 14 4
4 90 32
11 44 76
28 49 87
36 55 10
29 60 76
24 92 6
10 21 15
45 23 80
77 14 84
9 3 69
66 64 1
12 69 54
22 83 11
46 16 64
4 34 5
27 81 49
79 61 81
0 16 31
52 55 23
79 39 55
42 87 30
70 60 13
63 43 8
2 56 37
12 52 64
79 36 31
2 8 13
80 31 36
8 67 64
18 77 20
1 15 59
81 91 89
76 8 9
20 79 4
18 37 54
78 37 7
53 12 59
90 80 9
94 82 26
32 17 41
56 52 67
93 9 23
34 92 15
93 74 95
42 26 22
29 11 93
50 4 74
56 66 83
67 54 97
47 75 13
44 73 54
40 30 40
61 83 78
37 91 26
91 32 96
61 31 67
78 21 58
51 52 88
57 0 82
51 87 9
51 25 44
90 39 90
74 9 37
68 11 25
57 75 67
43 93 95
16 65 32
5 72 35
72 0 59
85 25 10
36 91 6
16 38 82
79 52 31
85 86 7
76 36 29
16 89 18
31 89 91
13 5 67
2 44 62
3 16 22
62 21 67
24 90 39
33 85 85
63 44 9
99 3 26
96 5 54
28 41 34
63 46 59
92 61 90
29 42 85
12 42 60
88 19 70
42 7 90
25 4 56
26 56 99
93 97 55
15 87 90
73 43 95
18 42 72
49 99 61
15 44 96
30 74 67
52 32 47
75 79 24
30 56 43
46 4 38
24 14 30
96 91 51
33 77 41
77 7 50
74 72 36
22 87 44
91 99 93
12 44 12
13 43 69
3 12 99
90 34 27
33 23 98
90 70 0
18 78 14
67 87 37
58 90 54
75 19 31
41 45 27
67 25 10
19 45 7
67 3 81
81 61 95
69 48 20
37 19 96
84 70 29
51 87 41
45 55 86
10 94 45
18 22 25
96 64 81
70 7 25
70 69 15
97 14 16
15 53 81
84 2 27
87 11 28
6 70 80
84 6 69
62 54 70
39 84 68
75 72 58
72 40 39
69 73 78
59 20 14
24 14 67
87 66 33
62 49 56
69 92 40
71 60 41
57 74 37
19 18 96
32 9 18
23 65 46
17 64 81
45 73 62
56 93 71
12 21 9
67 0 70
6 30 96
90 94 66
26 49 84
95 47 72
48 90 53
28 19 42
50 98 97
67 46 0
15 81 17
18 17 10
91 71 92
3 1 10
18 51 13
29 99 80
87 39 78
57 85 42
38 86 98
88 91 90
50 77 70
26 92 0
76 85 51
25 17 78
93 57 4
32 72 36
3 10 53
29 8 67
62 82 69
88 75 6
93 93 7
6 88 95
69 58 66
62 4 82
82 68 52
54 84 63
78 32 78
26 11 70
7 0 44
90 28 80
75 47 76
60 29 75
6 75 91
14 8 41
67 29 96
57 77 58
8 67 32
97 38 96
11 64 51
21 78 56
65 71 61
39 91 16
90 65 91
81 55 14
51 14 34
11 97 42
80 25 90
29 46 49
88 39 65
5 56 38
95 53 60
27 41 22
89 41 68
18 46 12
64 49 11
20 32 74
2 83 11
28 5 1
35 16 39
87 41 34
35 4 14
41 60 86
9 42 96
99 6 24
54 99 48
4 62 41
28 57 71
84 96 30
46 23 71
22 23 86
89 71 20
14 81 2
65 67 73
37 43 68
68 54 76
56 78 90
74 22 0
80 44 52
88 59 91
24 26 69
50 4 47
24 83 21
38 35 14
44 21 97
0 94 88
19 75 33
4 99 7
38 95 25
46 57 8
91 67 70
99 8 10
25 6 14
96 43 20
62 4 31
18 24 40
65 73 90
34 8 38
6 81 77
12 43 88
82 14 44
25 61 51
72 56 7
93 36 29
98 75 3
96 80 73
6 16 37
26 80 59
62 64 33
84 92 54
27 5 7
16 32 21
30 20 66
8 3 72
99 86 33
1 1 2
17 26 84
71 29 62
71 10 32
97 54 39
91 60 17
68 66 30
11 57 52
72 55 39
69 55 56
36 61 9
99 72 95
81 62 99
39 35 97
25 87 31
69 27 6
99 49 47
46 72 91
66 52 28
69 9 50
3 80 43
70 27 76
27 82 69
82 96 15
96 0 95
76 87 0
91 67 55
43 32 50
2 93 36
18 43 32
47 17 60
44 80 66
83 83 55
42 33 48
57 26 38
39 76 14
77 54 78
41 53 73
51 31 15
62 49 3
91 77 95
56 21 86
14 49 43
51 56 5
2 76 21
92 34 64
12 26 82
98 17 77
18 85 2
51 13 4
28 24 34
46 26 71
35 17 67
87 25 30
34 18 55
43 42 9
9 35 27
3 64 62
28 2 79
28 57 32
13 52 83
48 19 54
11 54 89
7 96 22
79 22 52
54 59 34
35 65 3
59 26 99
83 14 78
16 78 63
48 71 72
99 87 88
30 65 28
88 44 68
7 95 21
9 92 15
20 96 45
24 36 71
72 6 84
88 45 78
19 64 49
56 35 2
81 29 36
2 39 78
46 67 27
91 57 83
19 44 30
69 61 23
41 25 55
6 84 82
95 16 39
24 20 51
38 63 21
12 32 40
42 91 97
22 52 80
99 72 86
49 52 34
86 93 48
61 22 31
78 51 20
98 62 26
0 53 89
35 40 3
91 28 87
15 39 55
53 65 91
10 32 39
69 4 53
59 88 14
38 53 84
5 1 73
12 47 41
84 26 31
71 28 56
24 87 58
69 93 81
78 89 21
54 99 61
56 47 97
52 31 55
40 40 88
97 7 39
88 13 44
95 97 59
14 36 70
62 15 92
96 32 24
61 31 28
7 98 96
25 41 96
0 61 33
78 49 16
89 78 25
45 48 33
34 87 95
27 94 90
42 25 43
57 24 31
2 7 35
14 3 91
26 42 99
63 4 45
87 15 38
82 64 99
66 45 0
71 39 14
22 64 19
71 85 25
38 75 26
83 7 89
98 26 65
3 47 82
4 3 16
95 14 89
45 99 1
72 89 5
39 63 75
80 94 26
18 72 56
53 42 84
33 84 35
54 78 26
68 12 71
43 75 91
86 5 21
11 41 72
58 63 62
22 70 60
46 29 34
43 83 97
1 9 52
41 19 81
40 77 71
63 55 45
66 28 17
60 83 16
43 55 15
67 51 73
82 98 93
33 29 59
38 6 13
84 27 23
92 21 86
74 47 62
13 46 69
47 26 50
59 73 89
32 80 85
1 70 40
73 27 93
73 91 22
67 11 4
89 20 89
41 9 1
73 92 93
51 70 43
18 85 30
11 84 64
35 90 43
68 32 35
42 38 26
98 39 39
84 29 51
44 38 53
95 74 30
37 28 81
96 8 19
90 8 9
14 74 70
44 35 96
65 43 98
26 90 29
69 87 99
10 5 80
67 90 20
86 98 33
7 23 4
7 76 41
47 42 46
66 8 13
61 15 62
17 51 89
38 87 89
88 21 66
74 39 57
21 82 11
54 8 70
42 54 17
55 26 61
89 35 41
99 30 72
4 1 41
52 72 26
23 68 10
83 47 16
22 44 44
19 47 1
8 68 80
7 11 80
10 8 83
3 63 91
19 3 69
27 4 5
70 17 54
56 33 29
66 20 41
80 58 37
35 43 69
71 4 77
15 27 62
33 19 8
82 49 69
23 29 41
69 3 44
40 38 40
14 46 37
61 88 20
63 40 12
47 33 4
51 87 42
57 34 96
26 10 33
67 85 26
19 65 48
6 12 35
52 12 26
10 75 43
92 42 57
84 37 12
58 71 24
15 84 60
89 29 45
93 73 43
95 36 53
77 33 22
11 0 95
17 4 36
32 22 42
35 57 22
67 82 73
34 0 95
53 82 93
53 27 62
62 66 50
48 31 82
96 93 10
95 54 74
33 1 42
68 79 35
61 82 13
36 86 24
62 36 22
55 89 74
16 73 56
18 7 58
95 85 53
42 92 85
68 19 9
90 6 76
29 22 38
43 78 25
77 58 43
21 53 85
39 81 49
45 65 63
5 51 76
12 60 34
18 51 42
76 57 49
53 22 42
92 69 16
18 62 6
9 76 40
91 98 34
95 80 55
12 99 98
9 4 30
53 83 8
93 78 24
64 24 28
6 0 31
7 76 49
30 82 57
28 96 83
28 7 60
91 5 94
5 88 18
59 83 63
71 18 59
11 78 95
31 41 70
90 34 59
94 29 51
41 54 17
29 81 33
15 75 57
98 73 19
49 46 28
83 74 36
39 2 19
19 13 91
19 8 95
5 26 71
15 3 57
8 26 65
49 45 12
66 12 77
54 26 11
3 58 96
39 63 36
2 17 53
80 60 95
46 41 92
57 42 57
24 76 33
86 69 22
64 77 81
23 4 69
39 42 56
90 59 48
89 84 91
35 49 35
55 79 14
61 71 45
79 23 83
73 16 18
42 72 30
17 85 4
28 95 11
91 40 3
19 99 74
79 26 51
99 14 75
27 63 49
42 40 70
23 18 54
39 29 12
70 92 2
55 71 40
84 96 21
12 70 27
20 50 58
99 77 88
42 30 60
7 96 3
96 83 64
67 22 17
4 7 42
64 37 89
8 75 40
82 17 51
95 77 33
90 58 28
29 81 59
95 0 56
35 6 49
92 40 16
14 66 84
64 61 94
74 99 34
31 37 60
74 10 14
66 47 34
66 61 47
8 73 84
61 40 27
70 33 13
1 24 30
87 8 88
3 3 50
84 16 18
8 87 97
14 64 59
80 41 35
28 0 46
96 91 0
99 79 77
88 91 72
32 66 51
34 93 97
16 93 72
99 25 43
81 9 28
1 78 35
33 22 22
30 64 98
0 64 29
28 26 65
39 57 14
57 57 25
4 38 32
78 48 30
89 64 37
25 39 48
99 62 51
29 90 68
50 54 48
65 76 52
90 57 91
19 32 22
86 23 68
83 38 94
31 0 26
11 32 7
89 65 86
23 33 67
10 59 70
71 40 50
19 83 46
49 55 70
9 44 47
18 64 99
65 53 2
12 35 57
8 50 17
49 72 58
55 53 14
23 44 40
65 82 42
91 17 92
37 0 77
66 66 79
85 77 78
96 5 0
84 66 63
80 51 1
85 6 65
0 7 62
86 26 10
5 30 50
24 89 33
14 91 93
35 99 47
50 24 90
48 69 68
98 2 44
63 7 77
93 80 70
97 50 30
25 90 24
22 18 35
36 8 37
11 18 49
94 93 70
69 49 53
72 21 20
61 95 78
69 66 9
93 13 99
13 55 48
6 55 13
47 55 20
64 49 93
95 73 30
7 49 24
13 34 44
89 96 67
49 26 54
60 75 92
26 7 64
