11 87 95
26 80 9
38 70 36
70 26 57
71 25 79
62 29 36
71 19 83
62 70 3
62 75 1
60 27 92
1 44 68
11 0 95
22 72 95
98 27 76
35 43 69
22 13 4
11 39 52
11 19 83
22 0 95
24 80 59
63 44 44
66 64 13
70 54 65
1 41 4
22 87 9
11 17 53
51 41 44
66 8 1
71 52 79
22 3 35
28 90 17
63 83 11
24 46 9
57 65 48
88 13 4
19 57 6
57 70 6
95 90 52
22 0 86
22 72 3
96 0 3
34 80 3
22 3 95
29 81 9
22 87 86
95 25 13
65 52 79
29 81 58
96 3 86
35 98 19
95 64 1
39 78 76
29 46 58
39 35 76
95 25 54
51 83 9
39 35 65
96 80 95
66 2 54
35 57 17
39 35 57
62 75 3
71 64 30
86 46 19
28 90 49
35 46 14
22 83 44
76 6 22
24 8 99
11 6 52
17 4 14
71 8 30
82 41 19
19 65 36
34 72 86
17 43 14
11 80 3
82 52 79
1 13 4
11 3 35
99 72 86
65 84 53
96 87 86
71 64 53
90 34 99
98 35 57
38 27 1
99 72 0
99 80 35
88 41 4
66 64 54
57 57 6
86 46 69
33 17 79
82 84 8
63 63 3
51 83 44
88 13 11
96 80 0
38 75 75
11 3 86
22 0 0
62 29 92
28 39 17
34 80 86
28 84 49
28 57 49
11 64 8
65 64 8
11 64 53
38 70 3
57 63 91
60 63 1
28 84 22
90 81 9
95 90 71
51 83 4
17 4 69
62 70 92
76 57 52
24 81 59
22 13 68
67 78 60
38 70 92
63 29 75
39 26 60
57 13 6
63 13 44
67 27 97
70 27 60
90 57 91
98 54 65
63 13 11
35 4 69
63 27 1
71 12 1
71 52 53
66 12 30
57 70 0
95 57 17
95 25 79
8 26 60
2 12 13
96 0 95
34 3 3
88 41 44
26 8 67
2 25 1
65 52 8
86 43 19
35 39 17
71 64 1
29 13 6
63 87 9
22 0 3
66 12 1
2 8 1
22 87 44
39 63 3
39 27 76
29 65 48
39 26 97
67 54 76
17 43 19
51 44 68
11 39 49
88 13 9
95 2 30
22 72 35
67 26 97
63 27 3
67 26 65
26 46 9
60 63 3
2 64 13
11 84 53
60 63 75
60 75 1
1 87 9
62 27 36
86 4 19
53 63 36
76 46 67
70 26 60
39 54 57
57 65 0
63 75 3
22 80 86
2 8 54
35 84 52
82 46 14
82 64 79
22 3 86
82 41 69
82 98 33
88 44 9
66 2 13
11 80 35
60 29 75
98 27 60
53 13 91
13 41 19
90 63 48
62 70 36
2 8 13
34 3 0
98 78 76
39 29 92
63 75 75
99 0 3
29 65 6
66 64 1
2 8 30
70 54 76
19 70 6
1 87 11
19 65 48
22 87 68
95 57 71
82 17 51
13 46 69
67 26 60
65 64 79
65 64 83
39 78 65
90 65 48
71 17 51
17 46 33
35 39 52
96 72 3
11 72 35
90 65 36
71 12 79
8 78 97
70 54 60
66 25 79
63 70 92
88 83 9
95 57 52
22 87 3
63 27 75
29 65 91
29 80 99
39 54 97
76 57 22
96 3 0
71 84 79
13 41 33
35 41 69
22 80 0
98 35 65
29 34 58
65 17 53
1 13 44
98 54 97
38 63 75
19 63 0
26 8 9
65 52 83
53 63 91
70 54 57
35 6 49
1 44 11
67 54 57
38 27 75
22 44 44
39 27 1
34 72 35
11 52 51
71 2 54
91 25 1
57 63 48
13 4 33
82 43 14
22 13 44
28 84 52
90 57 36
91 8 54
82 41 33
90 46 58
39 27 75
38 63 36
82 98 91
28 57 52
65 17 79
39 29 3
90 46 99
95 8 79
71 25 54
29 80 59
70 27 97
28 39 71
51 13 4
99 0 35
11 19 53
82 19 79
13 43 91
51 87 44
35 4 14
24 34 58
34 0 0
35 84 71
29 81 59
11 80 86
57 63 36
51 41 4
17 46 69
29 34 99
13 46 14
62 27 3
82 46 19
11 6 17
82 4 69
57 70 91
11 72 0
1 41 44
53 57 91
35 39 49
70 35 97
26 81 58
99 0 0
70 54 97
8 27 60
2 2 13
95 84 49
71 84 53
51 83 68
53 63 0
88 87 4
67 78 57
13 41 14
70 78 60
76 6 52
53 13 6
86 4 91
22 83 68
88 83 68
65 19 8
88 87 9
33 17 53
57 13 91
33 64 53
34 80 95
95 64 13
91 12 54
82 41 14
65 17 83
29 81 99
95 90 17
11 0 3
19 13 6
95 2 79
82 43 91
53 65 36
28 39 49
29 63 36
1 83 4
91 8 13
70 35 65
33 19 8
39 63 75
98 78 65
60 70 75
11 17 8
90 80 9
76 84 52
51 41 11
95 25 30
91 2 79
67 54 60
63 63 36
35 43 33
63 41 68
95 8 13
22 41 44
24 80 67
99 80 95
82 98 14
38 29 75
11 84 51
34 3 35
28 57 22
34 80 35
26 46 99
24 34 67
29 46 99
90 13 36
82 46 33
82 17 8
22 83 4
35 98 14
33 17 83
76 84 22
76 34 99
82 17 79
35 46 91
66 25 1
96 0 0
53 13 48
33 52 53
22 44 9
39 63 1
99 80 0
70 35 60
65 84 79
8 54 97
90 63 0
62 70 75
57 65 36
35 6 52
1 41 11
35 84 17
60 70 3
11 19 79
1 41 9
2 25 54
98 54 57
98 78 60
39 75 92
11 39 17
22 41 68
1 87 44
11 6 49
29 34 59
22 41 9
96 87 35
11 52 79
98 78 57
76 46 59
24 8 58
63 83 44
13 4 91
71 2 13
63 83 4
60 63 92
11 52 53
2 25 79
51 87 4
8 78 60
38 63 3
90 80 59
8 27 65
22 13 9
11 57 22
60 29 3
95 64 79
8 54 57
90 63 91
60 75 3
33 19 83
29 34 67
63 29 1
39 63 36
99 80 86
76 81 9
71 8 54
29 63 91
28 6 49
19 13 0
11 87 35
88 83 4
65 52 53
99 87 0
98 26 97
82 17 83
17 41 69
62 63 1
95 90 49
11 87 3
60 70 1
28 39 52
22 72 0
34 72 95
28 6 22
90 8 59
76 90 22
98 26 76
95 25 1
88 13 44
66 2 30
71 64 8
71 19 53
70 35 57
91 25 30
90 81 59
82 64 53
35 4 33
60 27 75
62 29 75
90 8 58
26 8 58
39 26 76
95 39 71
60 70 36
53 57 36
2 12 54
82 84 83
71 84 51
53 63 6
11 80 0
71 12 30
26 34 59
76 81 59
62 75 92
11 17 79
76 8 59
35 46 19
19 63 48
76 39 52
1 83 68
8 27 97
63 44 4
71 52 83
39 29 36
19 65 6
86 46 14
8 27 76
82 19 51
95 39 52
88 44 4
60 29 92
8 78 76
96 72 86
39 75 1
1 44 44
95 12 1
95 2 54
51 13 9
57 70 36
95 12 30
66 25 13
88 87 11
13 41 69
67 26 57
24 46 58
63 87 44
35 84 22
26 81 99
19 63 6
66 8 79
33 84 53
57 65 91
26 80 58
86 98 33
13 43 14
11 19 51
53 65 0
2 12 1
39 63 92
8 26 65
29 13 0
70 78 65
29 57 36
38 29 36
99 72 35
99 87 3
38 75 3
60 27 1
26 8 59
1 41 68
53 65 91
95 57 22
39 54 60
24 81 99
22 87 95
99 87 86
8 35 76
1 44 9
76 39 22
95 57 49
63 83 68
1 44 4
82 64 8
99 87 95
11 64 83
29 70 91
35 41 33
11 90 71
29 80 67
71 2 79
90 81 67
38 27 92
90 70 91
39 26 57
2 64 1
71 17 8
35 90 22
90 13 91
29 63 48
22 87 35
90 80 58
82 64 83
19 13 91
57 70 48
13 43 33
71 8 1
71 12 54
76 57 71
95 8 54
11 3 0
38 75 92
66 25 30
82 4 33
24 46 67
39 27 60
26 81 9
28 39 22
96 0 86
90 80 67
26 81 67
76 81 58
53 13 36
70 78 97
13 98 19
39 70 92
24 46 99
1 87 68
17 41 14
29 13 91
33 17 8
2 64 30
11 17 51
34 0 95
90 70 0
76 84 71
11 72 3
33 64 51
86 4 33
39 75 36
19 65 91
11 90 17
90 8 67
11 72 86
35 98 33
91 8 30
76 8 67
2 12 79
82 19 83
35 41 19
98 54 76
96 72 95
34 87 86
22 87 0
39 27 92
90 46 67
86 98 19
98 54 60
34 3 86
35 39 71
39 54 76
91 2 54
11 64 79
26 34 58
63 44 11
11 84 83
33 84 83
29 70 6
11 19 8
29 8 9
90 46 9
11 87 86
53 70 48
11 57 71
90 65 0
51 41 68
28 90 71
98 35 97
22 44 11
17 46 19
95 84 52
39 27 65
90 13 0
91 64 30
71 8 13
11 0 35
91 8 79
91 12 79
35 57 22
53 70 6
95 64 54
26 34 99
63 41 11
11 72 95
71 64 83
28 6 52
53 70 36
38 70 1
76 39 17
35 6 71
8 26 97
24 46 59
17 41 33
35 6 17
29 70 48
65 19 51
71 25 13
29 70 0
35 57 52
29 57 0
11 90 22
13 43 19
33 52 8
35 41 14
65 19 79
76 34 59
11 3 95
53 57 48
91 25 54
76 80 9
99 3 95
76 80 99
39 27 97
57 63 6
67 78 65
76 84 49
91 8 1
24 34 99
99 87 35
98 27 57
90 70 36
1 83 11
96 80 86
57 13 0
11 84 17
13 98 14
2 25 13
2 8 79
63 63 92
26 80 67
91 12 1
8 35 65
66 2 1
38 29 1
22 83 11
95 6 71
95 84 22
1 87 4
71 52 51
76 46 9
71 19 8
88 44 11
1 13 11
19 57 91
34 0 35
90 57 6
98 26 60
96 87 0
33 84 51
29 80 58
29 46 59
99 72 3
65 84 51
29 63 6
66 64 30
63 63 1
65 19 83
22 80 3
63 83 9
95 6 49
35 90 71
95 12 79
39 75 3
86 98 69
95 39 49
13 98 91
91 64 79
13 4 69
39 78 57
71 19 79
86 4 69
35 90 49
11 39 71
70 27 57
22 80 95
8 54 60
88 41 11
33 52 51
51 41 9
19 70 36
28 57 17
22 0 35
19 63 36
86 41 33
98 35 76
95 6 17
11 0 86
67 54 97
17 41 91
62 63 3
71 17 79
62 63 75
11 64 51
63 75 92
39 35 97
86 98 91
82 41 91
67 54 65
57 57 36
22 44 4
34 87 35
13 46 91
53 70 91
11 3 3
8 35 57
67 35 65
17 43 69
33 64 79
35 6 22
38 75 1
13 46 19
63 44 9
82 64 51
22 41 4
91 2 13
63 27 36
22 3 0
60 75 92
17 98 14
67 78 97
95 84 71
65 17 8
19 57 36
90 63 6
99 3 3
28 57 71
11 84 71
51 44 11
2 25 30
17 98 19
34 72 0
71 64 51
39 35 60
63 70 1
34 3 95
90 34 67
51 83 11
90 65 91
90 34 58
76 84 17
39 27 36
63 41 44
33 19 51
39 26 65
1 13 68
34 0 3
65 84 83
99 3 0
2 2 1
95 6 22
91 2 1
99 3 35
51 87 68
88 83 44
29 57 6
33 64 83
91 12 30
35 90 52
86 41 69
76 8 58
71 17 83
63 44 68
19 13 36
90 8 9
2 64 54
91 64 54
70 27 65
39 70 75
51 13 44
19 57 0
17 46 14
51 13 11
38 29 92
34 87 0
62 70 1
62 29 1
71 17 53
11 84 52
8 35 60
63 70 36
34 87 95
65 52 51
88 13 68
67 26 76
98 26 65
62 27 75
66 12 79
67 27 60
62 29 3
11 6 22
29 8 58
76 6 49
19 70 48
34 87 3
35 57 49
57 13 36
22 3 3
28 6 71
65 84 8
51 87 9
65 19 53
17 98 33
2 2 54
19 57 48
26 80 59
86 43 69
60 75 75
11 90 49
53 70 0
70 78 76
29 46 9
90 81 99
91 64 1
99 72 95
22 87 4
24 81 9
86 41 14
19 13 48
29 13 48
38 63 1
63 13 9
96 0 35
35 43 14
26 81 59
63 29 36
60 63 36
90 13 48
17 41 19
86 43 33
28 84 71
91 25 13
82 43 69
24 80 99
96 3 3
11 84 49
66 8 54
90 57 0
19 63 91
17 98 69
88 41 68
91 2 30
53 13 0
39 54 65
71 64 54
99 0 95
62 27 92
76 34 9
39 78 60
67 27 57
39 78 97
98 27 97
2 12 30
98 27 65
63 29 3
90 8 99
60 27 3
26 46 58
38 70 75
51 44 9
35 57 71
63 13 68
57 65 6
88 44 44
24 80 9
1 83 44
66 8 13
63 63 75
67 27 65
29 70 36
1 83 9
11 57 49
71 84 8
53 57 0
82 52 8
66 12 54
88 87 68
71 84 83
33 17 51
11 84 22
82 4 14
29 81 67
63 70 3
99 0 86
39 70 1
76 80 58
13 46 33
76 90 71
11 84 79
29 13 36
65 64 53
39 29 75
66 25 54
13 4 19
71 64 13
62 63 36
11 90 52
76 81 67
70 35 76
1 13 9
51 44 44
63 87 4
