60 29 36
71 52 79
76 84 52
1 44 4
35 39 17
70 78 76
34 3 86
22 87 9
57 57 91
29 8 67
95 6 71
11 3 95
88 44 9
86 43 14
76 90 71
26 80 67
24 34 9
62 29 3
71 52 53
67 78 65
76 34 58
57 63 6
66 8 13
11 84 8
98 78 65
51 87 68
86 41 14
62 75 36
63 41 11
51 13 68
33 52 79
53 70 91
98 26 97
39 63 92
35 39 22
28 39 71
13 43 19
38 29 75
96 80 35
1 87 9
99 0 86
22 80 35
71 2 54
99 87 86
66 12 54
60 27 92
11 52 83
71 12 1
29 81 99
11 84 53
24 81 67
11 19 53
90 34 9
34 72 3
67 35 60
11 84 79
82 43 19
98 54 57
65 19 79
71 2 30
11 17 51
51 13 44
91 25 1
76 8 58
29 8 9
29 34 59
99 3 3
38 75 36
82 41 69
1 87 11
60 70 75
76 39 17
11 17 53
96 72 95
22 72 86
57 65 91
39 70 75
82 41 33
17 43 19
63 70 1
33 19 83
63 44 9
70 35 57
29 13 6
76 34 67
66 12 1
96 0 95
53 63 91
88 83 11
90 13 6
86 43 69
35 4 91
24 8 59
63 75 75
95 25 13
90 34 67
70 78 97
22 80 0
63 27 92
95 25 30
88 41 44
65 17 8
11 19 79
90 80 9
29 34 9
24 8 99
76 57 17
96 80 0
76 80 58
88 41 11
19 63 6
35 90 17
35 84 71
2 2 13
86 98 69
67 27 97
82 17 51
82 52 83
11 87 95
62 27 92
57 57 48
19 57 91
11 72 35
62 63 36
95 90 17
91 64 13
29 70 36
95 64 79
76 46 99
33 84 8
26 8 9
11 19 8
66 64 54
22 41 4
66 8 30
2 25 30
82 46 19
90 65 91
71 84 53
86 41 33
39 27 60
11 64 83
99 0 3
17 43 69
29 65 6
33 52 51
39 26 76
63 29 92
66 8 54
39 35 65
57 70 0
90 8 67
91 8 79
76 57 52
29 70 91
39 78 65
53 13 36
22 72 0
51 13 9
34 80 35
88 44 68
70 54 97
67 27 76
13 98 91
22 87 11
57 57 6
86 41 19
82 52 79
71 12 30
39 29 75
76 81 58
26 46 99
51 44 4
53 57 36
76 8 99
1 87 68
35 84 22
19 65 0
2 64 1
38 27 75
53 65 36
63 13 4
11 52 51
33 52 53
86 46 91
28 57 22
99 80 3
29 57 91
28 84 22
82 46 91
29 34 99
19 70 36
82 4 33
13 41 33
86 4 14
99 87 35
57 65 36
11 57 17
91 25 30
66 2 1
38 75 3
11 80 95
95 64 30
11 84 17
11 90 17
35 84 17
82 43 91
76 6 22
67 54 57
96 80 86
33 64 51
65 84 53
38 29 3
95 8 30
70 27 65
71 12 79
63 44 11
66 64 30
33 17 8
82 46 69
86 41 91
8 27 57
24 34 99
11 64 79
71 2 1
17 46 14
86 4 69
86 98 33
35 6 52
82 4 14
28 6 71
19 70 48
35 43 19
28 84 52
1 44 68
35 39 71
17 98 14
95 6 52
67 78 60
11 0 95
17 4 14
57 70 36
13 98 19
76 39 22
1 13 4
22 41 44
19 63 91
29 46 67
13 43 33
26 8 58
33 52 83
63 87 11
71 25 30
35 90 22
22 80 86
11 80 35
26 81 67
26 34 99
65 52 79
22 87 3
19 57 48
8 78 65
22 83 68
63 75 92
39 63 75
17 4 33
67 35 76
11 72 3
35 46 19
95 57 17
86 4 91
90 46 9
29 34 67
82 41 19
11 52 8
63 63 3
82 19 83
29 80 59
91 64 79
28 39 22
26 34 58
11 0 0
70 27 97
26 81 58
11 17 83
2 8 79
91 2 79
29 46 99
22 44 68
95 57 49
57 63 48
24 46 99
82 84 8
63 70 75
95 12 13
65 19 8
91 2 54
76 90 22
95 57 52
67 26 60
98 26 57
67 35 97
29 80 99
76 84 49
95 64 1
29 81 9
11 87 35
38 27 3
17 98 19
53 57 91
1 87 4
90 57 48
11 6 52
35 41 14
35 43 33
76 8 59
17 41 14
90 8 99
51 13 4
2 8 30
11 39 49
13 4 19
95 8 1
99 3 0
76 39 71
39 29 92
63 83 11
11 90 22
65 17 51
1 83 11
82 17 83
39 70 1
70 27 57
1 41 11
17 43 91
66 25 13
98 54 65
35 4 14
70 78 65
2 2 1
22 87 86
2 12 79
2 8 13
57 63 91
63 83 68
85 59 63
76 81 59
39 35 97
88 35 59
65 17 83
62 27 1
8 26 57
95 39 52
60 29 1
71 25 13
38 27 92
35 46 69
66 12 13
63 70 36
63 13 11
95 6 17
11 17 8
90 70 6
35 46 33
33 52 8
53 65 0
62 27 3
39 78 76
63 41 9
8 27 97
60 27 75
57 65 0
11 87 0
38 27 1
63 13 44
91 2 30
24 81 99
82 17 8
82 43 33
90 65 6
22 87 4
34 3 3
96 0 0
53 63 36
67 78 76
39 70 92
33 17 83
70 26 57
99 72 3
24 81 58
91 8 1
95 12 79
91 64 30
90 65 48
82 98 14
66 8 1
95 84 17
82 4 91
95 25 54
35 98 91
67 26 65
35 39 52
63 87 44
90 34 99
35 57 17
76 8 9
67 35 65
34 3 35
90 70 48
57 70 91
86 46 14
91 25 54
39 78 60
24 46 59
22 72 3
24 8 58
39 63 36
66 2 13
53 63 6
11 57 52
29 80 67
18 96 25
2 8 54
34 72 95
11 72 0
86 46 33
67 78 57
19 63 36
38 51 73
38 29 1
60 29 3
26 80 99
76 34 99
57 63 0
22 0 3
63 27 36
34 72 86
39 27 75
19 13 36
22 41 9
8 54 76
33 19 53
11 80 3
29 81 67
9 82 77
22 87 68
99 0 0
11 84 83
8 54 97
96 3 95
51 41 44
19 63 48
8 54 60
29 46 59
67 27 65
71 84 8
71 64 1
17 43 33
39 54 57
39 27 3
90 57 0
24 80 9
22 41 68
54 67 97
76 39 49
34 3 95
51 87 9
70 78 57
2 2 30
90 8 9
11 3 0
71 19 83
86 98 14
88 87 11
98 27 65
53 63 48
63 44 44
71 8 1
96 3 0
88 44 44
13 98 69
98 35 57
22 83 11
88 44 11
66 12 30
82 4 19
11 90 49
24 34 58
10 71 11
29 57 36
63 87 9
26 60 95
88 41 68
11 39 22
71 2 13
33 64 79
17 43 14
63 13 68
76 84 17
71 84 51
29 8 58
86 41 69
76 6 71
66 25 79
91 12 79
26 81 59
22 87 35
51 44 68
28 90 22
30 9 55
96 0 3
60 75 92
13 46 14
17 98 91
51 87 11
39 29 36
51 22 20
62 27 36
22 13 44
91 12 30
13 41 19
88 44 4
82 41 14
11 84 52
15 26 44
35 43 69
11 72 86
82 64 8
1 13 68
26 80 58
39 29 1
76 90 17
60 75 75
53 13 48
33 17 53
1 44 44
63 75 1
90 80 58
22 83 9
82 19 53
57 13 36
39 27 57
11 39 71
71 17 53
71 25 54
22 44 11
82 19 79
8 27 76
2 12 30
35 57 52
29 65 0
11 57 49
69 81 76
95 4 81
39 27 76
26 46 9
11 90 52
60 75 3
71 19 53
26 81 9
28 6 17
2 25 79
86 43 33
76 57 71
22 13 68
53 13 0
2 2 54
39 54 65
2 25 1
71 17 8
11 64 51
95 90 49
29 34 58
90 8 59
67 54 76
90 70 91
1 13 11
17 41 69
63 44 4
98 27 60
67 27 60
29 63 48
76 57 22
34 80 3
34 0 35
65 52 8
35 90 49
71 64 53
90 46 58
65 19 83
38 75 1
57 13 0
66 81 20
13 4 33
11 87 3
16 76 43
1 41 9
28 57 71
99 80 35
22 3 86
22 0 0
96 80 95
30 78 66
60 29 92
73 41 51
56 28 41
76 6 49
8 35 65
35 46 14
62 63 92
51 83 68
95 5 70
33 84 51
53 65 91
29 30 96
19 70 6
17 98 33
62 75 92
71 8 13
17 41 19
33 17 79
76 46 67
35 4 69
95 2 13
46 4 19
53 70 48
2 69 35
99 63 79
8 35 57
11 39 17
26 46 58
34 48 39
90 65 0
2 64 54
1 83 68
24 81 9
84 29 45
66 64 1
53 70 36
2 25 54
22 13 11
19 65 6
8 27 60
95 6 22
65 17 53
70 40 94
11 0 35
90 34 58
92 47 66
91 8 13
60 70 1
81 41 64
71 19 51
77 18 76
62 29 1
49 42 25
60 63 92
1 13 44
24 46 9
24 80 59
62 27 75
35 84 52
28 6 49
63 83 4
39 26 57
93 22 97
74 13 13
90 63 91
98 35 76
39 26 60
96 90 2
76 8 67
99 0 35
90 65 36
99 5 22
38 75 75
53 70 0
51 41 68
76 84 22
66 8 79
76 80 99
82 43 14
38 63 75
11 87 86
43 72 71
60 63 1
70 35 65
28 90 49
26 34 59
29 63 0
39 27 92
53 65 6
67 67 42
29 65 91
71 84 83
11 37 9
28 84 71
26 34 9
33 19 8
2 64 30
67 27 57
88 13 44
82 4 67
69 25 30
24 8 9
71 64 13
60 63 3
98 78 60
29 63 6
26 80 9
66 25 54
44 59 48
33 17 86
24 34 67
39 54 60
76 81 99
23 84 7
2 64 79
99 77 45
65 19 53
67 54 65
70 26 97
62 70 3
5 89 56
92 28 49
71 25 1
66 2 30
19 53 2
39 75 36
91 12 13
55 40 31
22 3 3
68 78 3
28 57 17
63 25 84
27 38 34
60 27 1
68 53 25
71 52 83
65 17 79
96 72 0
8 78 60
95 2 79
71 30 63
29 46 58
90 81 59
8 26 97
82 41 43
35 4 33
57 57 36
71 17 79
24 80 58
71 64 54
79 68 30
54 66 82
70 78 60
38 70 75
29 70 48
51 83 4
33 17 51
28 39 17
35 6 71
71 2 79
82 98 33
91 25 13
63 29 36
23 41 92
88 83 44
13 41 69
63 63 36
63 41 4
65 84 8
91 23 94
18 57 91
22 67 81
79 28 38
22 3 95
76 90 52
33 64 83
19 63 0
51 71 58
55 11 51
76 16 8
98 54 76
82 46 33
11 17 79
4 66 77
11 90 71
29 65 36
22 3 35
82 17 53
60 63 75
11 52 79
22 1 83
95 30 50
71 12 54
19 65 48
27 18 21
29 8 59
58 57 96
35 5 50
8 78 97
23 21 76
0 75 48
28 90 71
77 29 49
85 76 57
29 13 0
51 99 80
82 52 53
97 79 18
88 55 43
98 78 76
19 65 36
35 6 17
1 83 9
73 55 48
72 30 52
40 24 12
88 65 21
39 26 97
90 63 48
29 57 48
39 27 1
86 4 33
33 64 53
70 54 57
35 71 91
93 42 44
39 78 57
16 13 51
56 59 15
42 96 79
13 46 33
62 63 1
11 52 53
22 99 60
25 56 3
38 70 1
38 29 36
80 40 8
17 46 33
63 23 58
80 90 24
4 3 69
27 68 92
53 1 6
25 71 40
70 59 53
8 92 31
83 82 76
11 3 35
19 13 6
52 6 36
84 87 20
76 90 49
91 62 60
46 40 73
95 39 71
96 0 86
78 84 92
67 54 60
65 64 8
82 4 69
19 57 36
26 8 59
11 84 71
11 72 95
95 39 49
13 43 14
27 42 48
28 6 22
96 72 3
22 80 3
82 69 67
1 57 21
39 63 1
11 6 71
75 53 49
2 64 13
31 6 72
35 43 91
73 75 91
77 91 1
96 87 0
0 16 89
46 55 97
82 19 8
39 35 76
86 98 91
11 3 3
65 64 51
85 17 94
59 93 32
49 38 87
76 27 65
72 40 6
71 17 51
24 46 67
63 10 27
22 87 95
98 26 76
87 33 51
13 46 19
22 0 86
66 87 83
92 82 44
63 29 1
83 72 67
51 3 42
18 1 48
57 54 31
42 71 88
82 64 53
98 6 47
29 41 39
38 63 92
11 80 86
1 41 44
61 67 0
70 26 65
34 0 0
90 29 75
76 80 59
96 87 95
26 59 25
99 44 45
62 29 92
51 34 10
87 42 29
97 3 47
81 63 3
66 17 82
29 74 85
60 72 65
44 79 61
93 4 73
94 93 24
84 1 87
2 4 71
21 30 75
35 98 14
78 81 72
93 98 1
53 71 86
35 19 26
81 84 77
91 25 79
35 57 22
95 64 54
26 34 67
15 56 97
43 32 25
33 19 79
71 27 49
28 90 17
71 52 8
87 43 56
85 81 29
69 58 22
67 26 57
27 8 96
6 25 4
71 12 13
35 28 50
11 39 52
22 0 95
35 96 70
71 25 79
22 13 72
1 91 11
16 54 82
31 43 27
8 92 7
56 36 67
22 72 95
12 68 38
63 70 92
22 57 80
2 89 44
57 76 89
39 21 11
27 47 98
13 4 69
48 85 61
58 70 10
99 74 88
71 64 83
32 17 60
11 84 49
49 67 27
70 54 76
92 96 4
9 98 62
83 48 9
23 4 48
35 41 33
94 54 13
69 6 41
13 41 91
