39 22 29
57 25 49
77 12 99
29 47 34
12 83 54
55 99 24
55 42 93
39 28 50
34 16 50
65 40 54
77 48 35
86 13 68
47 83 84
96 44 93
18 76 42
80 24 35
47 24 32
68 45 4
18 14 7
29 20 79
68 54 93
55 80 93
77 28 77
65 27 68
70 76 92
22 99 24
54 68 50
80 69 86
70 84 92
50 57 84
9 11 94
18 24 51
75 10 87
21 4 70
26 76 85
18 27 7
34 99 50
21 4 25
66 24 84
18 49 85
26 76 35
29 28 6
57 4 69
23 69 99
55 54 80
29 20 6
16 44 37
52 12 16
65 40 68
34 16 24
67 37 53
16 42 25
92 16 99
96 42 93
58 22 29
57 35 4
80 57 8
96 42 80
58 22 50
52 12 77
70 35 85
75 32 94
57 37 95
21 4 48
55 20 50
18 84 85
51 35 4
51 39 4
29 22 6
66 57 35
18 32 19
18 11 51
77 28 76
92 16 95
55 80 80
57 24 35
67 69 32
51 35 25
67 56 95
23 24 85
11 68 65
16 44 80
55 71 24
47 83 8
55 42 74
96 44 25
11 73 65
77 12 76
93 47 50
68 4 25
55 47 6
39 27 68
67 30 32
57 30 53
86 83 54
77 35 92
55 99 50
57 57 35
34 73 50
93 47 6
89 12 77
54 71 55
70 48 35
92 30 95
16 54 93
93 28 50
52 67 56
75 49 94
96 80 37
57 56 86
23 49 85
65 83 54
54 16 60
80 83 32
55 16 50
23 56 32
57 39 70
57 39 25
70 4 92
68 55 80
16 80 80
57 57 49
29 20 50
26 35 6
58 22 6
55 28 34
93 47 29
75 49 19
68 39 48
55 28 6
70 35 92
47 57 49
23 56 53
77 89 56
86 40 54
19 76 35
96 54 93
19 84 42
39 83 7
93 28 34
57 4 70
93 20 50
11 68 55
80 57 84
77 67 77
54 73 24
57 1 35
77 35 35
57 56 53
55 12 6
26 48 42
11 73 55
55 12 50
18 40 7
70 76 85
42 39 70
55 71 55
76 11 51
57 57 8
55 55 80
96 80 25
55 16 55
16 80 25
80 37 53
96 55 80
54 16 55
50 25 35
58 20 34
51 39 48
47 25 32
39 28 6
23 16 53
23 49 51
75 24 51
76 32 87
21 60 70
93 12 6
77 35 42
86 40 79
68 60 48
16 54 80
18 4 35
18 14 68
54 16 50
9 32 85
57 30 99
21 39 70
68 39 69
22 73 55
57 69 86
22 68 65
55 12 79
42 60 4
9 49 85
18 35 35
89 12 56
65 83 68
23 24 94
54 71 60
65 13 68
80 25 32
77 12 77
75 32 19
11 71 50
29 28 29
39 27 54
77 84 42
66 25 32
55 12 34
55 54 74
18 13 7
22 68 60
55 47 50
57 24 84
80 25 8
68 80 37
55 47 29
65 40 7
23 11 94
19 4 6
66 57 8
67 37 95
68 55 93
30 54 25
68 44 80
57 35 48
66 1 8
75 24 87
16 80 93
30 42 74
93 20 34
57 45 69
18 13 54
55 55 37
9 11 19
21 8 16
21 35 69
93 20 29
55 12 29
55 42 25
57 24 32
18 83 79
42 35 48
19 4 35
55 22 50
16 42 37
77 67 56
50 1 49
66 83 49
75 10 85
23 11 51
80 69 32
34 71 24
67 16 95
50 1 8
89 89 56
77 4 35
54 71 24
18 32 87
42 35 4
29 12 50
55 73 65
92 56 53
57 57 32
80 57 49
92 69 32
26 4 35
42 45 4
55 22 29
29 47 29
21 39 69
55 73 55
23 16 95
26 48 35
50 1 35
68 54 37
51 45 48
55 42 80
70 4 85
92 56 32
10 12 77
65 40 79
30 80 93
80 57 35
54 16 65
93 12 29
22 16 55
57 83 8
11 73 60
9 11 85
70 84 6
58 47 34
47 1 49
76 10 94
39 12 34
55 47 34
80 83 35
42 45 48
68 80 25
93 22 6
77 89 99
39 20 29
76 49 94
67 16 53
70 48 6
58 20 50
58 12 79
86 14 46
10 89 77
76 10 87
50 57 8
22 68 50
86 83 46
55 16 24
23 32 94
18 48 92
96 54 80
18 40 54
70 84 35
86 13 79
68 39 25
22 99 55
23 56 86
23 11 85
77 28 99
92 69 95
55 80 74
96 44 74
51 60 70
19 35 92
39 40 68
55 99 65
23 49 19
12 14 68
58 22 34
22 16 50
10 67 16
21 12 99
42 60 69
68 39 4
23 24 19
9 11 87
55 55 74
67 69 86
9 49 94
76 49 85
12 83 79
34 73 55
57 37 99
93 22 50
51 39 70
22 16 24
50 57 32
12 27 79
68 54 80
22 71 55
23 10 51
18 84 92
77 84 35
22 68 55
52 28 76
39 83 79
21 45 4
51 35 48
18 76 85
18 49 87
19 4 42
65 14 7
39 14 54
18 48 6
26 4 6
34 99 24
96 42 37
18 24 85
55 28 29
18 32 94
89 12 76
39 22 34
89 67 16
68 4 69
21 8 76
18 27 46
75 49 87
11 99 55
67 56 53
55 28 79
68 54 74
54 68 65
11 16 50
66 24 8
21 28 56
57 60 70
68 60 4
39 20 34
50 83 35
16 42 93
80 69 53
34 71 50
66 25 35
22 71 65
10 89 16
21 67 76
89 8 76
39 14 7
18 11 19
52 89 16
75 11 85
57 37 86
66 83 35
68 80 93
55 73 50
89 8 16
68 45 25
96 55 25
67 37 86
23 56 99
19 48 6
55 68 60
47 24 35
50 24 35
57 39 4
10 67 77
92 56 99
19 84 85
57 24 8
19 48 92
18 4 92
39 47 79
58 28 79
76 11 19
22 99 50
80 24 84
29 12 29
76 49 87
12 13 68
10 89 76
57 45 4
68 54 25
11 16 55
77 67 16
23 30 99
47 57 35
89 8 56
58 12 6
21 28 16
86 27 54
86 83 7
55 80 37
50 83 49
10 67 56
29 22 50
86 40 68
65 14 46
92 37 95
55 71 65
23 69 32
68 35 48
16 42 80
75 11 94
96 44 80
19 76 6
67 16 99
77 84 85
55 55 25
11 71 60
9 24 19
76 10 19
68 44 25
86 27 68
52 8 76
77 4 85
70 4 42
75 11 19
68 44 74
19 35 6
11 68 24
23 37 86
52 12 99
50 24 32
57 45 70
92 30 86
92 37 53
66 24 32
52 8 77
18 83 7
18 4 6
21 12 16
19 35 35
80 16 95
42 35 25
57 69 95
16 80 74
80 1 49
93 28 29
96 80 93
18 35 6
55 80 25
9 32 51
39 47 50
68 44 37
55 16 65
57 57 84
29 20 34
21 12 56
80 30 53
23 32 51
18 13 46
51 45 4
42 45 69
54 73 60
34 68 65
86 14 79
54 71 50
77 28 56
70 4 35
80 83 8
92 16 86
18 76 92
51 45 70
39 27 79
58 12 50
12 27 46
80 37 32
12 83 7
18 35 85
12 13 7
89 67 99
42 39 69
18 48 85
77 48 42
12 40 54
50 24 8
77 84 6
89 28 77
75 49 51
9 11 51
92 69 99
21 39 25
11 16 60
80 37 99
65 40 46
21 35 4
54 71 65
34 73 24
55 99 60
57 4 48
18 49 51
18 24 19
22 99 60
22 73 65
39 22 79
75 32 87
75 24 85
66 1 32
57 35 69
22 16 65
54 73 55
65 13 79
39 83 54
57 25 35
34 68 24
55 54 25
16 55 25
58 47 50
21 67 16
30 54 37
77 48 85
18 24 87
80 37 95
10 8 16
55 54 37
76 11 85
55 42 37
42 45 25
57 83 49
12 13 54
67 56 32
9 32 87
75 24 94
54 99 50
21 67 99
39 28 29
39 14 46
55 22 34
50 1 84
80 30 86
58 47 29
68 60 69
39 14 79
39 27 7
18 49 94
26 84 42
42 4 4
34 71 55
19 4 85
55 47 79
76 24 19
42 4 70
21 35 70
52 8 16
55 68 50
77 48 6
42 39 48
57 39 69
21 60 25
58 28 50
55 68 65
34 71 60
18 40 79
47 24 8
18 11 87
68 45 70
34 99 60
22 99 65
70 35 6
23 37 32
65 27 79
22 71 60
77 35 85
19 84 92
21 39 48
16 54 25
77 76 92
29 20 29
86 13 46
21 45 70
52 67 16
57 1 49
67 56 86
96 42 74
39 40 79
12 14 46
67 37 32
30 44 80
77 76 6
26 4 85
11 99 24
26 84 6
29 47 79
68 80 74
65 13 54
96 55 37
92 37 86
18 48 35
52 67 77
70 48 85
18 35 92
86 40 46
89 8 99
16 55 37
57 60 4
42 60 70
21 8 77
55 71 60
23 30 86
22 16 60
50 25 49
65 27 46
39 13 68
80 25 84
65 83 7
70 76 35
18 11 94
93 12 34
54 99 60
58 12 29
47 1 8
18 84 6
26 84 35
89 67 56
67 30 53
18 11 85
21 45 25
18 27 68
68 4 48
51 39 69
86 13 54
39 28 34
52 89 99
55 22 6
16 54 74
29 28 34
80 16 53
57 16 32
77 76 42
21 60 4
93 28 79
86 14 7
23 10 19
80 25 49
89 12 16
54 99 55
75 11 87
18 83 54
80 16 99
54 73 50
55 20 6
34 16 60
19 76 92
58 28 34
51 60 25
30 55 93
68 80 80
89 89 76
89 89 16
58 47 79
10 8 56
9 10 94
16 44 93
11 71 24
80 57 32
11 68 60
21 89 56
80 83 84
39 40 7
26 48 6
18 83 46
39 12 79
54 73 65
89 89 99
89 67 77
42 60 48
57 60 69
70 76 6
23 56 95
47 25 84
77 84 92
22 71 50
30 54 93
26 35 85
76 10 51
66 57 49
39 22 50
39 83 68
30 80 74
42 39 4
30 44 37
77 35 6
80 30 95
89 12 99
10 28 77
52 12 56
80 16 32
9 32 19
50 83 84
22 71 24
77 8 99
76 32 94
18 76 35
21 89 16
30 54 80
57 69 32
23 11 87
29 22 29
39 20 50
86 27 46
80 25 35
19 76 85
34 16 55
77 67 76
18 32 85
52 28 56
11 16 65
65 13 7
92 56 95
65 27 54
89 28 16
19 48 85
66 25 49
86 83 79
96 80 80
51 35 70
47 25 49
54 68 55
23 69 86
68 35 70
21 28 77
12 40 46
47 1 32
57 1 8
23 32 87
67 16 86
77 76 85
68 60 25
30 80 80
57 4 4
47 57 8
29 12 34
57 39 48
77 89 77
42 60 25
55 73 24
30 55 74
68 55 25
39 27 46
75 49 85
52 89 76
93 20 79
12 83 46
42 39 25
23 11 19
39 28 79
92 16 32
54 68 24
67 69 99
51 60 69
9 24 94
66 57 84
68 55 37
11 73 24
21 45 69
54 99 24
77 89 76
68 44 93
67 16 32
68 4 70
75 32 85
68 42 74
21 28 99
55 22 79
75 11 51
39 13 7
26 35 35
50 1 32
34 68 55
11 68 50
30 55 25
80 69 99
21 4 4
70 84 42
39 20 6
39 12 6
77 8 76
70 76 42
86 14 54
21 28 76
50 25 8
57 30 95
52 67 76
30 42 80
19 84 35
80 56 99
76 24 94
16 80 37
77 4 42
10 89 56
77 8 16
76 32 51
50 83 32
93 22 34
9 49 19
80 56 32
12 40 68
19 35 85
11 99 60
58 12 34
80 24 8
50 25 84
18 14 54
47 83 49
29 22 34
55 44 93
23 32 85
26 76 6
26 4 92
57 4 25
18 27 79
50 25 32
34 99 65
80 1 32
21 60 69
77 48 92
39 14 68
42 4 25
29 28 79
57 45 48
12 14 54
57 16 53
51 4 4
57 1 32
39 40 46
89 28 99
75 10 51
80 83 49
52 28 99
18 40 68
10 8 77
21 8 56
75 24 19
58 20 6
26 4 42
11 99 65
67 30 99
9 49 87
18 10 87
76 10 85
26 84 92
18 35 42
10 8 76
9 24 85
51 45 69
11 16 24
68 4 4
47 1 35
18 10 51
12 40 7
70 48 42
55 28 50
68 42 37
23 10 85
51 45 25
77 4 6
96 54 25
65 14 79
52 67 99
70 35 42
66 24 35
70 84 85
9 10 51
55 54 93
34 68 60
21 35 48
92 37 99
57 69 99
57 83 32
76 11 94
30 44 74
39 12 29
23 49 87
80 69 95
23 69 53
57 56 99
23 37 99
65 14 54
54 68 60
47 57 84
57 25 8
55 20 34
96 42 25
57 16 95
66 57 32
65 83 46
10 12 16
51 60 48
68 35 4
57 60 25
96 54 37
77 12 16
96 55 93
34 71 65
93 12 50
29 28 50
18 24 94
30 80 25
80 24 32
55 44 25
19 4 92
34 73 65
55 68 55
18 4 85
76 32 85
68 60 70
68 35 69
26 48 85
67 69 95
9 24 51
68 45 48
21 8 99
93 28 6
18 84 42
52 89 77
57 1 84
92 69 86
34 99 55
75 32 51
18 83 68
11 71 55
23 32 19
19 48 42
29 12 6
42 35 69
92 30 99
80 56 95
47 83 32
21 60 48
77 76 35
67 30 86
10 8 99
42 45 70
51 4 48
39 13 54
70 48 92
29 22 79
39 22 6
52 28 16
92 16 53
34 16 65
12 83 68
57 45 25
18 84 35
