11 71 60
55 73 60
10 8 99
89 8 99
21 8 77
18 84 92
92 56 95
51 45 70
42 45 70
10 8 76
23 69 86
54 99 55
92 69 99
9 49 19
42 60 70
68 60 69
47 25 32
57 24 49
10 67 77
76 32 19
54 99 24
10 28 76
57 45 4
12 40 46
89 28 56
60 42 49
57 30 86
34 16 24
77 48 6
51 35 25
50 1 35
52 67 77
52 12 74
57 16 86
93 22 79
54 16 65
57 4 25
77 67 56
65 40 68
57 4 48
77 8 99
42 66 14
26 76 92
54 68 24
23 16 99
57 60 70
23 24 87
96 44 93
23 56 32
55 54 91
93 28 34
76 10 87
88 33 97
92 52 41
47 24 35
93 28 79
47 1 49
10 67 76
75 32 85
16 80 37
77 28 77
30 54 37
76 32 87
18 72 93
97 77 66
30 80 80
21 89 99
80 56 95
55 16 50
26 4 92
25 98 15
39 3 14
18 32 87
57 35 25
18 27 46
89 89 99
47 93 7
58 20 79
58 12 29
9 10 94
68 60 4
65 83 46
22 68 24
26 35 92
7 36 38
30 54 74
18 24 19
9 24 51
66 7 72
76 32 85
23 69 53
22 99 50
79 36 5
23 49 19
27 13 92
23 24 51
80 57 35
43 1 76
86 83 54
55 44 37
67 30 32
18 31 7
47 1 84
57 16 32
93 22 34
55 20 79
18 40 46
66 1 8
16 14 64
39 83 54
26 35 6
77 48 42
87 98 54
80 24 84
57 30 53
21 89 16
97 2 41
18 83 46
39 13 46
32 57 81
80 69 53
46 91 46
75 24 19
18 76 92
62 12 66
65 50 99
42 45 25
55 73 50
92 99 78
51 4 25
10 28 56
21 28 99
47 1 8
80 30 32
28 5 28
55 6 53
77 17 0
66 2 8
9 73 89
82 39 24
89 56 66
97 45 87
23 32 19
89 8 77
66 57 49
29 28 6
18 35 92
47 57 8
40 80 36
55 16 55
45 60 16
29 28 50
61 49 71
81 7 80
58 28 79
12 13 79
21 8 56
61 19 62
47 53 19
30 4 3
42 60 48
22 73 24
72 19 39
24 56 74
19 78 53
39 13 79
57 4 70
33 40 64
97 26 23
94 78 30
42 39 48
89 67 99
26 35 85
29 12 29
71 5 49
10 53 0
39 20 6
21 89 76
28 11 4
28 67 75
26 84 6
48 42 32
80 22 93
93 69 77
8 22 90
37 25 79
89 52 3
21 12 77
92 37 95
18 48 6
11 43 33
96 55 50
11 16 55
85 53 51
96 54 93
49 96 45
34 38 87
10 69 19
11 43 46
12 66 48
94 32 46
77 18 21
10 50 91
52 43 82
80 16 95
65 91 38
32 55 86
63 94 90
20 80 75
43 41 3
80 30 86
77 12 99
26 96 17
55 73 55
39 40 46
19 8 63
76 49 19
77 52 77
72 37 53
48 12 36
21 12 76
50 83 32
66 43 62
6 28 0
69 58 5
45 18 52
88 31 15
52 59 76
12 14 79
49 18 6
23 28 46
72 7 64
44 95 71
12 13 46
59 78 89
68 68 47
57 23 33
50 1 32
67 56 95
70 87 73
3 76 9
83 31 78
48 64 56
11 68 50
17 35 19
12 27 7
28 42 33
27 33 50
26 84 42
31 9 37
89 12 77
21 60 70
80 28 85
76 61 5
53 5 40
20 45 35
50 24 32
58 25 94
47 24 8
15 48 8
27 12 59
53 49 1
59 79 77
71 82 53
49 19 45
55 80 93
72 32 80
21 89 77
23 24 19
37 49 81
20 85 7
54 71 30
56 20 87
8 3 47
22 67 49
64 61 29
64 99 85
74 11 83
55 71 60
88 52 72
92 8 62
39 47 51
59 10 40
37 41 87
20 5 71
53 5 41
30 15 37
4 87 18
67 91 52
92 16 99
67 69 99
87 44 31
19 88 97
55 4 96
22 16 65
83 26 76
91 89 76
58 90 50
38 97 72
53 83 80
62 45 12
7 15 12
67 69 32
37 97 87
53 88 62
51 55 89
1 46 63
65 40 7
25 64 55
97 51 59
96 28 99
4 9 47
11 99 65
6 43 73
86 27 79
67 75 38
84 21 40
12 27 46
67 69 86
70 35 92
62 37 80
56 99 38
36 18 77
14 34 9
26 67 3
97 77 73
76 24 87
43 14 12
47 54 77
22 43 9
72 41 61
85 74 72
76 42 86
58 96 41
12 14 7
52 66 35
5 37 10
45 5 20
7 81 19
99 65 59
30 53 97
70 28 95
27 79 53
80 76 49
56 0 51
47 67 80
33 19 34
30 46 85
22 16 55
26 29 80
68 54 25
82 88 74
76 50 34
12 27 68
57 84 91
59 98 1
34 71 55
41 43 40
73 68 53
89 88 0
78 55 8
11 99 24
93 6 84
42 45 69
52 47 65
39 29 74
16 6 90
82 75 13
15 84 44
88 34 52
92 76 88
54 26 78
21 39 4
57 57 32
63 89 63
80 57 84
55 76 63
23 10 19
60 10 17
39 92 22
76 14 67
75 71 84
4 27 3
2 50 85
36 54 23
67 94 17
17 90 66
6 84 55
38 80 74
2 67 63
19 97 65
55 99 50
63 47 52
3 34 66
66 68 34
16 74 22
76 12 71
81 95 53
23 19 13
6 90 20
69 31 70
70 91 76
36 88 49
0 86 21
48 9 92
27 40 13
87 72 97
57 18 71
45 92 49
30 47 42
25 16 42
46 20 48
84 69 2
57 64 48
1 27 83
10 22 94
81 91 40
92 88 53
29 62 16
76 21 43
6 83 63
23 11 87
43 43 58
86 83 79
4 57 93
8 12 95
57 59 29
87 99 97
52 74 49
77 71 50
45 34 5
23 37 58
49 21 16
68 45 4
37 9 52
55 71 55
19 17 45
96 52 44
98 75 96
3 88 94
18 10 51
91 0 26
61 56 23
38 41 54
68 54 37
9 10 19
66 24 32
31 53 20
19 58 71
68 42 37
89 80 1
72 7 24
55 99 65
34 31 25
11 35 4
24 18 61
88 84 16
0 34 3
21 25 89
59 50 94
22 16 60
15 41 33
29 53 96
71 15 4
92 52 95
76 0 97
5 13 27
88 90 45
16 54 40
34 99 13
63 37 58
78 93 63
19 35 42
2 96 83
31 27 38
84 30 87
52 89 56
55 15 99
18 67 38
80 25 32
79 69 11
98 72 55
78 5 49
23 16 86
85 31 44
45 52 11
57 25 84
39 28 50
33 51 52
8 83 57
30 75 41
22 16 77
67 71 66
26 85 45
22 66 14
61 35 22
49 80 45
78 66 29
52 46 6
84 7 21
60 87 95
37 21 80
40 41 58
98 25 2
16 2 51
23 24 85
8 29 22
52 6 31
46 3 22
33 88 54
46 99 63
1 56 52
15 61 95
1 82 70
36 93 1
61 73 65
39 12 50
79 95 38
50 63 66
83 40 93
9 96 92
11 18 54
16 54 25
47 63 41
80 30 99
55 16 68
94 41 9
20 93 84
88 74 70
28 66 69
38 26 27
88 76 76
58 40 64
78 73 77
89 67 77
92 80 3
32 34 9
56 57 41
90 22 30
67 39 43
18 10 85
42 17 26
38 63 68
51 77 29
80 7 57
85 3 63
56 13 2
73 85 60
47 53 84
20 88 58
62 26 69
22 72 26
21 13 64
97 11 68
76 6 38
81 84 79
91 83 7
83 10 64
31 42 24
77 62 25
57 25 32
22 24 58
71 85 92
71 32 63
75 35 22
18 47 99
52 69 73
58 23 34
2 68 31
18 45 70
34 24 78
35 1 40
84 9 78
36 55 56
33 5 10
55 28 79
13 23 52
57 30 95
37 84 35
11 19 65
26 24 40
88 36 49
42 4 4
29 87 50
34 54 63
21 76 81
51 45 48
29 35 98
64 88 36
84 77 66
10 57 47
26 95 32
42 38 23
4 23 59
47 1 32
54 87 29
37 9 31
90 63 64
62 25 31
30 71 73
22 75 82
29 20 29
90 88 54
22 29 19
12 76 32
87 69 47
76 24 33
15 13 91
75 23 30
66 78 30
38 46 89
43 22 2
80 21 72
25 60 26
65 23 62
70 35 35
89 25 66
79 23 89
84 69 30
94 50 45
61 45 45
70 50 81
82 95 55
86 40 79
70 84 6
89 58 74
27 41 88
82 83 56
11 68 55
14 54 57
53 28 29
52 28 16
7 45 61
29 27 13
3 26 16
92 4 43
41 16 76
47 37 21
21 39 70
21 53 70
55 58 80
30 35 94
62 85 9
1 95 10
29 14 55
6 90 87
53 22 12
6 29 87
25 30 1
14 70 28
80 63 43
18 98 8
46 84 90
58 1 98
3 83 67
10 12 56
21 44 29
78 6 84
10 30 71
33 99 99
6 70 88
92 16 15
30 80 93
72 40 81
56 0 16
29 69 26
86 64 90
31 37 28
23 37 99
55 68 65
29 58 71
68 77 36
96 94 54
67 51 52
83 37 79
2 63 44
34 73 50
97 82 78
77 84 6
17 0 63
83 27 2
93 22 13
7 54 49
80 77 35
48 39 13
24 47 68
66 36 52
90 89 21
12 25 11
6 73 0
7 11 9
59 25 65
12 79 28
91 22 34
55 71 24
19 76 42
17 26 23
18 60 34
93 15 38
55 47 79
18 49 94
61 60 80
5 57 23
21 27 26
57 99 11
32 12 84
66 22 96
20 69 44
40 4 50
16 3 45
72 65 30
74 89 91
72 59 25
33 70 33
55 80 80
94 48 24
13 55 53
0 52 20
51 5 44
68 21 13
92 77 4
12 61 90
80 48 25
94 46 94
88 65 69
73 71 50
98 1 34
47 27 48
43 95 25
26 11 45
57 30 99
88 71 48
77 4 42
38 64 53
35 93 79
83 97 56
58 47 29
75 24 51
59 54 2
71 24 2
10 67 56
57 87 39
57 16 95
9 24 85
12 4 39
99 95 1
66 97 87
83 31 0
8 30 90
83 29 68
62 1 52
1 45 19
85 52 19
96 62 79
46 57 48
71 44 34
65 14 54
94 55 8
89 7 41
42 95 6
45 22 76
88 22 67
66 46 58
30 42 93
13 48 4
25 70 14
79 9 43
15 98 59
77 67 99
28 44 37
32 29 48
27 79 96
2 90 80
4 74 79
60 21 83
46 51 9
26 66 40
14 32 15
21 10 34
7 44 33
64 12 59
9 7 42
39 88 34
97 17 69
31 29 61
23 56 99
92 53 65
66 26 72
7 26 64
47 95 84
80 66 39
47 37 75
11 66 29
13 99 3
95 31 67
54 7 77
21 19 20
20 68 72
4 44 29
60 9 76
89 73 55
30 1 14
80 25 8
4 28 67
77 8 77
45 41 97
84 27 90
19 58 29
37 31 1
66 83 32
21 58 26
80 69 86
96 55 80
84 59 76
72 43 35
89 12 56
54 74 72
37 62 62
88 41 2
64 66 85
66 67 82
21 4 69
47 15 37
71 82 41
34 36 13
76 49 91
59 62 35
55 28 34
2 31 66
7 24 81
87 99 7
67 7 77
92 61 94
66 28 98
39 77 32
56 40 39
49 85 28
62 66 98
77 81 66
70 30 83
71 17 83
95 71 68
93 73 35
85 70 61
86 13 46
86 14 46
48 7 7
70 6 30
34 3 62
87 33 80
85 78 53
11 73 2
42 49 93
34 60 55
50 79 79
8 81 42
32 20 15
33 34 55
86 46 69
68 91 13
20 78 34
25 47 50
72 11 86
67 48 56
68 88 98
76 10 85
96 16 91
98 49 43
99 76 94
23 10 83
24 90 11
37 9 60
10 96 55
9 73 3
18 59 48
0 16 3
40 66 20
66 56 20
75 59 61
20 42 37
68 55 74
43 95 57
68 69 19
59 9 25
32 41 65
94 80 40
45 9 0
93 21 26
22 69 39
35 88 7
16 98 89
26 21 60
57 14 90
43 71 89
3 53 81
87 71 24
66 1 84
58 82 4
48 38 56
68 4 48
78 16 37
98 67 69
42 65 16
25 41 80
33 60 73
98 5 52
8 22 77
6 72 80
82 55 9
6 11 61
62 45 23
93 69 12
52 97 40
96 54 80
33 45 94
61 62 75
49 50 68
36 12 10
87 29 38
57 91 77
11 69 0
10 12 76
74 13 99
61 17 48
42 29 73
16 85 46
29 95 78
94 48 80
57 17 29
86 48 93
28 53 4
13 27 38
92 82 53
69 51 16
2 27 44
27 89 86
62 17 66
80 30 12
2 54 87
43 81 32
65 13 46
22 20 96
1 71 67
28 75 40
12 13 68
18 13 54
55 12 79
73 69 94
45 63 72
88 23 73
55 48 69
17 22 18
39 20 29
38 41 47
27 87 65
25 41 22
7 35 29
80 35 53
81 69 80
27 68 36
74 21 15
10 94 44
47 50 28
78 97 24
84 66 14
73 14 12
12 68 74
77 50 27
74 51 5
67 32 27
32 22 84
67 68 30
6 59 12
2 94 2
38 16 5
72 86 33
43 41 0
57 99 77
45 11 50
59 64 57
54 46 2
97 16 9
32 78 51
65 72 28
35 11 30
94 87 6
18 8 34
3 52 6
32 77 91
79 26 86
55 73 65
55 27 74
30 92 66
42 5 41
30 89 67
57 35 45
1 19 75
90 34 51
16 64 16
69 33 39
