54 99 50
57 60 4
30 42 37
21 67 16
30 54 93
55 12 6
39 28 50
18 4 35
80 69 53
55 16 50
23 10 19
70 84 92
55 42 74
10 67 99
70 35 42
42 4 70
42 39 4
11 71 55
58 22 29
50 83 49
58 20 34
39 28 6
77 28 16
39 40 79
30 44 93
92 56 95
77 84 42
18 32 87
67 37 95
18 14 46
52 89 77
68 80 37
16 42 80
75 49 87
80 25 8
18 83 7
18 48 6
76 49 94
11 99 60
26 35 85
65 27 7
77 89 99
55 68 65
22 16 24
39 12 34
86 13 79
47 24 8
11 73 60
9 24 87
18 10 94
18 40 7
54 68 65
96 55 37
16 44 74
57 35 70
55 28 29
21 39 25
39 27 79
21 8 76
18 48 85
54 68 60
96 54 25
70 4 42
92 16 53
19 4 42
68 4 25
86 27 68
92 37 99
23 30 86
68 54 80
52 67 77
26 76 42
86 13 7
70 35 85
92 16 95
57 1 49
10 89 77
22 68 60
16 55 74
58 22 50
39 13 68
55 71 65
70 4 35
29 12 79
96 80 74
55 99 65
86 14 46
34 71 55
34 73 24
18 13 54
68 35 70
55 73 24
50 24 8
50 25 84
93 12 79
57 45 48
52 89 16
58 20 50
21 89 77
76 24 94
68 80 25
77 48 92
93 20 50
30 80 74
57 45 69
12 83 68
55 99 24
66 57 35
89 67 77
50 57 8
58 47 50
52 28 16
57 30 32
89 67 99
16 44 37
26 4 6
76 32 19
9 11 87
21 39 48
75 24 51
80 16 53
65 13 68
92 30 99
18 49 85
50 1 49
11 16 24
47 1 8
86 83 68
16 54 37
75 32 51
12 40 46
77 8 99
75 32 85
9 49 85
29 47 34
12 27 79
21 4 48
51 39 25
23 10 94
89 12 99
68 39 69
55 44 37
68 60 25
66 1 32
77 84 6
65 13 54
21 28 99
47 1 32
34 99 24
52 8 77
50 83 84
70 76 92
39 13 7
21 60 70
68 60 70
96 80 37
19 48 92
93 20 34
22 99 65
23 37 99
55 47 34
80 16 99
96 42 37
67 30 86
18 76 35
92 69 99
77 12 99
18 24 19
68 45 25
30 80 25
47 83 32
11 73 55
11 71 60
89 67 76
75 24 85
18 76 85
19 48 85
34 99 50
80 57 49
26 35 42
18 76 42
68 35 69
51 60 48
47 1 84
77 4 85
39 28 79
96 55 80
10 12 56
58 28 6
10 8 99
93 28 34
30 44 80
55 54 93
57 56 99
50 24 49
18 27 7
77 76 6
75 10 19
70 4 85
54 68 24
55 71 50
16 42 93
57 39 4
51 45 25
29 12 50
65 40 79
16 42 37
80 56 95
55 54 80
11 71 24
76 32 51
55 12 34
92 56 53
76 11 94
77 28 99
86 83 54
47 25 32
18 35 35
92 56 99
18 11 85
12 14 7
52 28 56
80 57 8
76 10 85
70 76 35
51 45 69
9 49 19
39 13 54
80 24 35
26 76 35
68 80 80
51 4 70
34 73 60
80 1 32
12 14 46
55 55 25
34 71 65
10 8 77
11 68 55
52 89 99
30 55 37
18 40 68
23 69 95
18 11 19
18 83 46
22 16 55
58 47 79
52 8 99
70 84 85
76 49 85
23 56 53
50 1 8
47 57 35
57 1 32
55 68 55
51 60 4
51 60 25
30 42 93
22 73 55
80 24 8
96 44 93
52 8 76
92 69 53
77 67 77
55 55 80
52 89 56
75 11 94
55 73 60
39 27 46
68 4 4
9 11 51
26 84 35
26 48 42
77 67 56
55 99 50
67 56 53
77 84 35
42 35 25
26 48 35
66 83 84
23 16 86
39 12 50
26 48 6
77 89 77
55 42 25
47 1 49
67 30 32
10 67 16
21 12 56
75 10 85
57 24 35
75 24 19
29 20 34
57 60 48
89 8 56
77 28 76
18 27 46
75 32 19
12 27 54
57 16 32
11 71 65
77 8 77
39 14 7
65 83 79
16 54 93
65 14 7
58 22 6
39 22 6
34 16 60
12 13 68
22 71 55
51 4 48
11 71 50
19 4 92
21 60 25
57 35 4
92 16 86
96 80 80
18 84 35
29 28 6
10 28 56
89 12 56
92 30 32
18 40 46
18 32 94
57 45 25
55 22 6
39 14 54
80 30 99
54 16 55
70 84 6
12 13 79
80 69 95
55 44 74
52 89 76
29 22 50
21 28 16
9 10 51
96 44 74
70 35 92
65 13 7
86 40 68
57 56 53
16 54 74
76 32 85
80 37 32
70 48 6
86 13 68
57 69 86
18 48 35
93 12 6
18 35 42
11 73 50
68 54 25
21 4 69
80 56 86
39 27 68
50 25 8
22 68 65
39 20 34
77 8 16
80 25 35
67 16 95
57 39 25
66 24 8
57 4 4
11 73 24
67 56 32
77 67 99
58 28 34
93 12 29
54 71 60
55 54 37
18 35 92
18 83 54
68 35 25
47 57 8
22 73 60
50 57 84
89 89 16
39 28 34
89 28 76
23 11 87
75 49 94
42 39 70
77 28 77
58 12 6
42 45 4
68 54 93
29 47 6
77 89 76
9 10 19
16 44 25
12 27 68
52 67 56
55 54 25
10 8 56
34 16 55
86 27 79
76 11 19
30 55 80
89 8 16
55 16 55
10 67 76
22 68 55
23 16 32
70 48 42
19 48 35
23 16 53
44 75 97
21 89 99
34 16 65
70 35 6
57 56 95
92 30 53
16 44 80
18 27 68
22 99 50
57 16 95
21 35 48
23 10 51
67 69 99
80 69 32
67 37 86
67 30 53
93 47 29
29 28 29
89 67 16
10 67 77
42 60 4
12 40 68
51 45 4
57 39 69
86 27 7
96 42 93
66 1 8
65 27 46
89 12 16
65 40 68
89 8 99
18 11 94
23 49 87
70 4 92
58 47 29
66 83 35
58 47 6
75 11 19
89 8 77
30 42 25
75 24 94
76 10 19
55 22 29
67 56 95
50 83 35
16 44 93
54 99 60
21 28 76
51 45 48
66 83 32
76 24 19
68 55 80
29 28 34
89 89 77
87 57 31
92 37 86
18 10 85
77 28 56
77 35 85
54 73 65
22 71 50
12 40 79
57 37 53
92 69 95
76 10 51
93 20 79
89 12 77
55 47 79
42 39 48
58 12 29
26 48 85
57 37 95
55 20 6
34 99 60
47 24 35
21 45 70
55 99 60
80 56 53
68 42 25
34 73 65
89 12 76
39 12 6
22 16 50
55 80 80
39 20 79
16 55 93
80 69 99
55 44 93
68 55 37
10 12 77
55 73 65
29 19 92
98 30 45
57 69 95
29 22 34
68 42 93
29 12 6
96 57 36
55 28 79
23 69 86
68 54 37
52 8 56
93 22 50
57 56 86
39 14 46
21 60 4
70 3 66
34 68 65
96 80 25
70 48 35
21 4 25
23 30 32
65 40 46
47 1 35
66 83 8
91 13 10
68 55 25
52 28 99
96 54 37
66 25 49
86 27 54
77 8 76
18 4 85
96 76 5
92 30 86
96 54 74
89 67 56
66 24 32
80 37 53
70 76 85
68 54 74
39 12 79
65 83 54
29 28 79
80 83 84
68 35 4
39 22 79
57 30 99
16 80 74
58 22 34
80 30 86
18 83 68
39 13 46
62 97 14
70 76 42
23 24 19
86 83 7
16 54 80
18 76 22
57 37 99
75 49 85
68 44 80
47 83 49
42 4 25
67 56 86
98 99 50
68 44 93
26 84 92
80 16 95
23 32 51
42 45 25
21 67 99
58 12 50
21 12 77
18 76 6
80 56 99
55 68 24
26 4 92
55 42 93
89 89 99
80 25 84
54 71 65
16 55 80
10 89 99
55 47 50
67 69 86
76 32 94
9 49 94
67 69 32
24 15 93
80 83 8
77 64 93
41 70 12
39 52 54
52 67 99
75 11 85
94 64 56
29 20 29
57 39 70
66 25 35
52 8 71
59 65 64
18 83 79
73 15 12
85 32 89
21 89 16
57 56 32
23 11 94
45 73 77
97 5 95
65 40 54
92 56 32
29 47 79
75 10 3
29 22 79
42 60 48
18 14 54
99 44 82
18 61 34
97 1 10
30 54 80
57 57 35
55 68 50
23 32 87
18 88 24
16 54 25
77 48 6
2 49 68
65 83 68
39 22 50
39 22 34
12 67 10
93 22 79
65 83 46
77 8 56
18 32 19
39 14 79
42 45 48
68 42 80
47 74 22
75 90 80
85 27 89
96 54 93
30 44 25
51 39 4
75 11 87
55 80 93
51 35 69
23 56 32
50 83 8
42 35 69
82 53 46
51 35 4
39 47 34
11 16 65
76 24 85
92 30 95
49 41 41
12 13 7
75 82 64
67 99 1
20 3 3
26 4 42
76 11 51
61 85 75
68 80 93
59 8 54
78 75 36
29 12 34
75 49 51
21 35 25
55 20 50
50 1 35
4 6 51
68 39 25
55 47 29
21 8 16
80 24 84
55 80 25
34 71 24
33 85 90
80 24 49
52 12 77
34 71 60
86 40 54
55 55 37
57 60 25
92 37 32
59 65 79
96 64 66
10 28 77
0 44 84
78 34 42
18 47 44
54 25 64
51 4 69
19 35 35
23 24 94
77 76 42
21 89 76
66 57 8
46 25 32
57 30 53
85 64 47
26 84 6
42 35 48
45 16 2
18 13 68
39 13 79
19 76 85
2 71 28
54 99 65
76 25 56
51 86 17
79 48 12
39 47 50
48 27 43
66 57 49
68 4 69
4 95 62
23 24 85
86 27 46
55 60 48
95 27 22
67 69 53
19 76 6
22 73 50
51 96 86
54 73 60
52 28 76
18 14 7
21 35 4
39 60 63
30 87 92
46 78 46
50 57 49
37 80 7
68 35 48
67 37 99
2 41 50
12 98 89
51 45 70
68 42 74
86 82 13
70 63 14
23 49 85
47 24 49
34 68 55
30 80 93
18 73 45
18 10 51
86 3 37
26 4 85
9 24 19
19 4 35
67 79 39
21 60 48
53 6 82
77 12 16
96 51 92
0 69 76
9 24 85
52 49 60
57 37 86
47 57 84
55 44 25
60 51 80
70 68 38
26 35 6
17 18 17
18 24 94
56 16 63
55 42 80
39 20 50
90 39 36
45 76 62
96 42 74
1 9 34
89 89 56
58 20 29
68 39 70
77 35 6
57 60 69
75 32 94
70 48 92
18 40 79
80 45 47
55 12 29
55 16 24
20 15 73
68 45 70
80 34 85
79 2 62
76 47 15
18 49 94
29 20 50
80 16 32
23 11 19
57 25 32
98 16 94
30 0 79
9 49 51
15 26 29
55 20 29
55 80 74
55 20 34
19 84 6
57 55 41
10 91 48
21 14 20
1 51 78
55 99 55
65 40 7
58 7 42
57 39 29
1 77 16
67 11 65
44 92 72
47 25 49
43 12 97
36 17 61
86 41 93
3 39 90
0 7 65
19 92 75
32 69 5
70 48 85
58 22 79
94 66 14
58 51 15
7 51 73
39 9 98
76 15 52
96 42 80
51 35 25
29 88 74
65 14 79
73 21 93
39 40 68
90 28 54
3 28 76
77 48 35
11 16 55
99 67 25
21 45 48
56 20 11
50 57 35
21 4 66
30 80 37
77 17 3
96 55 93
57 69 32
93 85 56
80 57 35
39 7 69
77 84 85
77 48 42
65 35 53
18 11 87
74 35 5
16 51 71
68 4 70
75 81 94
86 13 54
71 76 26
57 35 69
18 27 54
11 57 69
58 20 79
55 71 60
98 84 55
18 4 92
23 79 55
73 10 28
21 35 70
89 28 56
49 76 98
19 81 15
68 55 93
68 4 48
57 60 70
21 89 56
57 25 8
3 4 54
74 56 63
18 76 92
54 16 24
70 27 48
23 11 51
40 63 63
28 37 70
45 32 42
54 99 55
62 54 93
34 68 60
83 20 80
19 84 42
92 25 47
29 28 50
54 96 70
42 35 70
57 16 53
99 59 18
9 24 51
27 20 97
18 13 79
86 14 68
55 12 50
54 68 55
16 15 83
24 76 13
77 48 85
48 21 97
23 10 87
68 44 25
24 26 32
58 47 34
50 81 48
30 55 74
12 27 7
35 98 12
57 4 70
33 18 84
34 99 65
42 38 12
82 26 41
67 97 66
34 67 65
74 83 6
78 37 10
13 76 32
92 69 86
25 27 35
5 60 82
75 24 87
65 70 84
95 38 17
40 95 31
31 98 65
81 19 69
15 59 99
23 30 95
21 8 99
9 5 90
57 35 25
79 13 1
39 40 46
93 28 6
23 24 87
18 35 85
33 82 50
93 26 81
29 20 79
11 99 55
65 55 17
74 25 59
88 24 21
40 25 38
55 71 55
9 24 94
21 67 76
53 13 57
21 67 56
23 37 95
9 44 14
50 25 32
18 35 6
57 83 8
56 64 89
58 28 29
49 94 98
34 7 73
15 51 68
57 24 8
31 7 88
21 4 70
18 49 19
43 76 44
49 75 56
89 95 4
33 6 75
30 44 74
80 1 35
41 95 52
97 48 63
34 47 55
40 58 51
9 93 72
44 30 95
78 17 25
77 67 16
64 38 94
55 47 6
86 65 99
52 7 28
57 93 20
76 24 51
89 86 94
36 1 41
47 6 29
5 34 56
