50 24 32
55 44 93
77 89 77
57 69 32
12 13 7
86 13 46
22 71 60
50 83 8
67 56 95
22 71 55
12 40 68
21 35 25
34 73 55
22 16 50
55 68 65
67 69 86
22 99 24
86 40 54
16 44 37
54 71 65
34 73 65
9 32 85
76 11 51
54 73 24
55 16 24
42 39 25
30 54 37
93 28 79
21 28 99
55 71 50
65 40 68
18 24 94
21 45 48
57 25 35
47 24 84
19 84 92
57 24 8
55 99 24
52 28 76
11 68 60
18 40 68
54 68 50
18 84 35
23 16 86
55 55 93
89 12 56
57 16 86
68 80 25
93 47 34
55 22 79
39 22 34
75 24 51
57 37 86
54 99 65
11 73 24
30 54 80
57 45 70
10 12 99
57 69 86
21 35 69
29 20 34
76 10 19
12 27 79
57 24 84
26 4 6
55 80 37
68 60 70
26 4 85
51 4 25
93 20 29
23 69 86
19 35 85
39 20 79
50 57 35
29 20 29
18 76 92
19 84 42
12 83 7
51 35 69
54 71 50
19 48 85
11 71 60
92 16 53
76 11 87
23 10 94
67 16 99
65 14 68
58 20 79
76 32 19
68 55 25
93 22 6
96 80 80
18 4 42
26 76 92
52 67 56
54 16 60
58 22 34
70 4 85
10 28 56
10 12 76
70 84 42
22 73 24
19 84 85
42 35 48
77 8 16
57 30 95
23 49 19
42 60 25
21 45 25
26 35 92
29 47 6
18 13 79
55 47 34
21 8 56
68 39 25
89 67 56
67 56 99
9 24 85
21 12 76
58 47 6
58 28 6
86 14 7
26 35 85
92 69 32
57 56 53
86 14 54
93 20 34
57 60 48
30 54 74
12 13 46
89 8 56
39 83 54
50 25 32
57 35 70
92 30 53
50 1 32
80 37 32
52 67 16
39 28 6
96 54 25
10 8 56
57 83 8
23 32 19
22 73 55
30 54 93
39 12 6
23 49 85
86 13 7
21 45 70
19 76 6
68 42 74
67 69 99
30 42 80
86 14 79
77 28 77
16 55 74
55 54 74
96 80 37
75 49 19
42 35 70
55 71 24
18 14 54
66 1 35
26 35 6
21 4 70
66 57 35
39 22 6
92 30 32
39 27 79
34 16 24
86 40 7
52 8 76
75 11 87
50 24 84
42 4 70
77 12 99
58 22 79
89 89 77
65 40 46
77 84 35
34 16 55
29 47 50
12 40 7
65 83 7
39 40 7
55 73 55
19 84 35
18 35 6
68 60 69
68 60 4
50 25 49
34 71 60
68 44 93
34 71 24
66 25 32
80 30 86
51 39 4
92 37 95
29 28 6
39 12 79
80 16 32
52 89 99
80 57 84
57 1 8
18 14 7
96 42 37
51 4 69
68 44 37
66 83 8
55 80 93
93 28 29
76 10 51
18 40 46
75 11 19
30 54 25
80 24 8
19 48 6
68 4 48
52 8 77
12 40 54
93 28 50
21 60 69
23 49 87
10 67 77
9 11 19
29 28 34
19 76 85
75 24 19
86 40 46
77 28 99
22 73 60
66 25 35
42 39 4
23 24 87
9 24 94
10 89 56
12 27 7
18 83 46
92 69 86
68 44 74
39 13 68
21 89 56
16 54 93
52 12 56
18 84 85
80 56 86
66 25 49
80 57 32
9 24 51
55 71 65
19 4 42
54 73 60
76 24 51
18 10 51
77 4 6
18 27 68
34 73 50
77 28 76
68 80 37
58 20 6
55 73 60
65 14 46
34 99 65
77 35 92
9 11 94
18 27 46
80 57 49
26 4 92
18 83 54
16 80 93
67 16 53
75 32 19
12 14 46
21 45 69
96 54 80
80 83 8
29 22 29
23 69 32
58 28 50
18 14 68
39 14 46
18 13 7
55 42 25
68 45 4
51 60 48
23 30 95
89 8 76
39 27 68
34 99 55
18 24 87
92 30 99
39 40 46
23 37 86
52 12 76
23 56 32
12 13 54
55 28 79
10 28 99
52 28 77
55 71 55
21 12 77
54 16 24
18 32 87
65 27 54
55 99 65
51 45 4
26 48 6
21 4 25
77 67 16
39 47 50
57 57 49
80 69 99
26 84 85
65 40 7
21 28 77
55 16 55
57 35 4
76 49 51
55 68 50
68 55 74
55 12 50
18 48 35
21 35 4
52 28 56
67 37 95
96 44 93
80 37 53
96 42 93
89 67 16
23 16 32
68 35 4
55 20 34
9 32 51
18 84 92
55 42 37
42 45 48
55 54 25
55 80 25
57 24 32
29 22 6
30 44 25
23 11 94
55 80 74
18 40 79
57 1 35
70 35 85
77 8 56
21 8 76
16 44 25
18 32 85
80 57 8
75 49 85
76 24 19
29 20 50
10 28 16
75 49 94
11 68 55
30 55 80
26 84 6
67 30 99
39 28 34
47 1 8
96 44 25
55 44 80
18 14 79
76 11 85
93 22 29
77 48 35
47 24 32
42 60 48
92 37 86
57 45 48
23 37 32
30 80 80
57 1 84
66 25 8
65 40 54
16 80 37
22 99 50
52 67 76
80 25 8
18 49 51
75 11 94
11 16 60
34 16 65
68 35 69
21 8 77
65 27 68
92 37 53
57 60 4
42 4 48
39 47 34
11 99 50
30 80 25
12 14 54
22 99 55
55 71 60
21 39 70
9 10 51
10 8 99
16 42 93
34 68 24
30 55 25
50 83 84
86 40 79
75 32 85
96 55 93
50 57 49
57 30 53
39 83 46
21 35 48
80 69 95
66 25 84
66 1 84
26 76 85
86 40 68
80 24 32
34 68 55
39 13 79
77 67 56
80 83 49
77 12 56
51 35 48
18 83 79
75 49 87
16 42 74
11 99 55
23 10 87
29 12 6
9 10 87
77 76 92
80 83 35
18 14 46
21 60 4
18 48 85
51 39 70
55 22 34
18 48 92
93 22 34
77 48 42
9 32 19
23 56 86
57 30 86
42 45 25
39 14 68
80 57 35
58 12 6
23 30 32
96 55 37
39 27 54
86 27 54
75 10 94
67 37 86
92 69 53
57 35 69
80 83 32
92 16 32
70 84 6
76 10 87
34 68 65
29 47 79
76 24 94
29 28 50
39 47 79
10 8 76
30 42 25
21 60 70
77 8 76
96 55 25
89 8 16
29 20 79
77 84 6
54 73 65
75 49 51
39 12 50
65 13 79
58 20 29
51 4 48
76 11 94
93 47 79
52 12 16
57 37 32
67 16 95
57 39 4
65 13 68
55 47 50
70 35 6
47 57 84
23 32 94
89 28 77
19 48 42
39 13 54
68 4 69
22 68 60
39 22 79
57 1 32
26 76 35
19 76 92
65 83 68
12 13 68
30 44 93
93 20 50
80 1 35
92 37 32
52 67 77
55 55 25
21 67 99
21 67 16
55 99 60
58 12 34
57 57 35
23 10 85
57 25 49
55 47 79
55 73 50
80 1 32
68 44 80
12 40 46
30 42 37
77 48 6
57 57 84
80 37 99
80 25 84
23 30 53
34 73 24
18 76 85
10 28 77
51 39 48
50 25 84
57 39 25
54 71 55
10 8 16
80 30 32
51 45 69
39 14 54
50 1 8
68 80 80
76 24 85
57 83 32
57 37 99
23 30 99
23 11 87
12 83 54
29 12 79
68 45 69
68 60 25
10 8 77
76 49 94
22 68 50
50 24 49
30 44 80
57 25 8
51 60 70
80 24 84
65 40 79
76 24 87
19 4 6
55 47 6
67 56 32
55 42 74
68 42 37
34 99 50
65 27 7
58 20 50
55 28 50
51 35 70
50 83 35
23 32 85
57 16 53
76 49 87
42 4 69
19 4 85
86 14 68
30 42 74
68 42 80
86 13 54
75 24 94
77 4 85
51 4 70
93 28 34
57 24 49
86 27 79
92 37 99
76 32 51
67 56 86
58 12 29
12 27 46
70 84 92
42 39 69
70 4 42
68 54 93
23 16 99
77 67 77
26 48 42
30 55 37
96 44 74
16 44 80
57 4 69
66 1 49
68 4 25
50 24 35
29 28 79
57 56 95
57 25 84
92 30 86
57 35 25
34 71 50
11 73 65
68 45 70
67 30 53
96 80 25
93 47 29
23 69 99
58 22 50
55 44 25
30 42 93
92 56 99
54 68 60
23 56 53
55 16 60
21 4 4
92 56 53
57 4 48
18 13 54
65 13 54
23 11 19
11 71 55
75 10 51
29 12 34
89 89 99
39 20 29
93 12 6
66 57 84
77 76 6
68 42 93
55 22 6
77 8 99
67 16 32
18 4 6
68 55 37
92 16 99
67 37 53
70 48 35
57 83 49
29 47 34
47 83 32
26 4 35
66 57 49
39 28 79
80 56 53
51 39 25
47 83 8
19 4 35
16 55 93
86 83 46
57 4 4
11 99 65
23 10 51
70 35 42
12 27 68
16 80 74
21 60 25
96 42 74
42 35 25
34 71 65
39 28 50
89 67 76
77 89 16
21 12 99
66 83 49
76 32 94
11 16 24
67 16 86
19 35 92
16 54 37
55 42 93
58 20 34
23 24 19
39 27 46
11 16 55
80 37 86
55 44 74
9 49 19
68 35 25
18 24 51
75 11 51
18 32 19
86 83 7
68 4 70
57 4 25
89 28 56
47 1 84
30 44 37
52 12 99
77 35 85
42 4 4
76 32 87
57 39 69
68 39 70
18 76 42
9 11 51
11 71 24
19 4 92
80 25 49
55 68 24
57 24 35
47 1 49
47 57 49
23 16 95
57 57 8
26 48 35
93 12 29
77 35 42
55 54 93
21 60 48
70 76 6
96 80 74
9 49 94
39 20 34
68 35 48
12 14 68
23 49 94
86 13 79
10 67 16
77 12 77
39 12 29
66 83 84
68 45 48
30 80 74
65 27 79
93 12 79
58 47 79
18 10 19
47 25 49
67 30 95
52 28 16
11 71 50
92 56 95
9 11 87
42 35 69
22 73 50
65 83 79
66 24 35
54 16 50
26 35 35
16 55 37
77 48 85
18 49 87
52 12 77
52 89 56
16 54 25
22 99 60
68 80 74
93 22 50
77 84 92
55 28 29
23 37 95
39 40 79
76 49 19
55 16 65
51 39 69
80 24 49
47 25 84
57 25 32
68 4 4
39 12 34
50 1 35
12 40 79
92 56 86
9 10 19
11 71 65
55 55 80
66 83 35
54 71 60
80 56 95
9 11 85
18 83 7
39 22 50
80 30 53
86 27 7
58 28 79
18 48 42
89 28 99
80 16 99
22 68 55
57 39 70
80 56 99
9 32 94
18 76 35
89 89 56
67 69 95
29 12 29
67 69 32
55 54 80
10 12 77
26 35 42
42 60 4
52 8 99
77 8 77
96 44 80
57 16 95
93 20 79
67 37 99
18 24 85
86 83 68
9 32 87
80 30 95
39 28 29
70 84 85
47 57 35
39 13 46
65 83 54
9 10 85
22 73 65
39 83 7
89 8 99
93 28 6
16 80 25
18 35 85
22 16 55
26 48 92
57 83 84
50 25 8
77 84 42
18 84 6
23 69 53
10 89 99
10 28 76
11 68 65
29 22 34
58 12 50
57 69 99
55 12 29
39 47 29
89 12 16
18 4 85
57 30 99
96 55 80
18 35 35
58 12 79
23 69 95
51 60 4
55 68 55
42 60 69
47 25 32
39 40 68
66 24 32
23 32 87
68 54 74
75 11 85
22 71 65
11 73 60
50 57 84
34 68 60
70 4 6
50 83 49
57 37 53
18 10 85
68 54 37
18 10 87
50 83 32
86 13 68
92 69 99
55 55 37
23 37 53
65 13 46
21 89 16
57 83 35
47 25 35
39 40 54
39 83 79
77 28 16
23 10 19
57 60 69
80 1 8
10 67 99
89 67 99
76 10 85
80 1 49
26 48 85
9 49 85
26 84 92
89 12 99
23 56 95
9 49 51
34 99 24
66 83 32
93 20 6
54 99 55
80 24 35
96 42 80
23 24 94
18 11 51
77 35 35
39 20 50
23 11 51
93 47 50
16 80 80
21 89 99
50 57 8
52 8 56
39 14 7
92 56 32
51 60 69
67 30 86
47 83 35
18 40 7
92 16 86
96 54 37
54 71 24
21 8 99
50 57 32
39 47 6
70 84 35
52 89 16
76 32 85
26 84 35
11 68 24
75 10 85
68 42 25
23 49 51
77 76 42
55 68 60
42 45 4
67 69 53
77 67 76
89 12 76
12 27 54
66 1 8
42 60 70
55 80 80
51 60 25
18 35 92
68 55 80
39 27 7
22 16 65
42 4 25
16 42 80
66 24 49
9 24 19
77 4 35
18 32 94
54 99 50
52 89 76
75 24 87
42 45 69
80 30 99
29 12 50
16 55 80
51 45 70
75 32 94
80 16 86
55 22 50
19 84 6
19 76 42
68 45 25
11 73 55
10 89 76
68 44 25
34 16 50
18 27 79
55 44 37
55 99 50
42 35 4
68 54 80
54 68 65
18 13 46
12 14 79
54 99 60
39 13 7
21 12 56
21 67 76
77 4 42
57 30 32
57 1 49
23 24 51
26 76 42
68 35 70
80 69 32
80 1 84
18 11 85
67 37 32
65 14 54
22 71 24
22 68 24
77 4 92
12 14 7
21 89 77
10 89 77
21 45 4
16 42 25
34 99 60
70 76 92
18 27 7
52 89 77
70 48 6
18 11 19
47 57 8
80 25 32
21 28 56
