75 11 51
29 12 34
52 67 16
76 10 85
18 16 91
12 14 68
38 97 25
68 54 37
19 84 35
98 88 41
90 4 58
86 28 40
90 72 64
12 13 46
8 7 39
55 20 79
55 80 80
70 97 17
57 67 81
11 99 24
49 3 17
80 33 94
95 18 19
50 2 61
50 60 22
83 99 76
94 48 95
16 34 81
23 10 94
89 48 0
64 79 97
25 83 23
17 94 40
66 73 60
10 44 84
17 5 27
35 45 59
47 49 4
46 89 61
94 59 70
80 14 36
60 1 36
2 46 88
29 27 31
18 35 92
29 23 28
80 24 35
75 24 94
25 80 16
37 84 84
0 28 63
99 77 54
52 8 16
38 99 16
18 25 25
55 56 22
71 66 60
20 0 82
41 89 82
90 69 43
17 52 22
95 86 68
34 16 55
84 20 37
38 27 53
21 98 79
90 79 58
55 9 17
52 87 18
61 97 60
64 5 60
91 23 2
11 68 55
39 58 40
80 86 37
8 83 0
77 17 50
52 88 20
18 87 18
34 34 25
49 39 49
77 92 64
69 86 53
60 1 31
69 51 77
86 50 83
5 24 82
0 97 73
31 99 54
99 15 4
36 16 77
37 91 81
81 87 84
26 65 68
49 13 84
65 37 45
30 99 26
31 30 55
60 60 6
83 27 15
97 4 19
60 90 97
74 86 75
1 58 15
67 67 5
39 47 50
61 15 64
26 22 95
81 75 41
14 22 35
78 57 56
54 16 55
40 52 92
40 38 40
52 90 29
55 95 69
76 24 19
19 15 78
64 62 3
44 88 16
44 92 58
31 53 34
34 71 50
62 94 53
96 47 28
28 67 88
80 83 49
37 96 74
60 24 14
2 83 26
2 13 69
30 44 25
84 74 87
49 44 71
82 65 48
68 64 47
61 78 26
26 91 82
54 60 73
11 70 44
19 55 29
32 28 71
52 36 24
81 62 50
54 35 71
98 64 54
93 20 34
16 59 14
40 35 0
26 37 22
75 10 51
23 71 90
22 53 60
90 68 44
7 85 70
25 33 60
15 81 74
43 26 38
60 76 34
69 28 12
51 81 77
64 42 69
30 86 83
84 58 6
16 40 68
77 84 69
75 57 97
22 78 67
59 84 25
87 81 84
90 38 49
44 93 70
64 44 96
88 90 59
75 7 18
32 71 83
66 90 24
15 32 45
91 3 64
57 66 90
75 49 94
74 89 35
39 86 3
72 39 73
0 88 82
91 98 61
27 25 93
37 86 3
50 25 51
48 90 4
96 15 31
50 31 31
22 71 65
38 47 33
94 29 28
30 42 25
4 51 4
63 84 83
4 72 8
99 92 42
44 38 80
52 81 69
85 44 0
34 94 69
1 68 64
75 59 62
47 38 87
2 61 41
75 24 87
58 19 85
42 91 44
34 16 65
55 16 24
40 24 13
4 93 10
27 0 45
13 26 72
96 29 10
16 28 68
13 76 55
62 4 90
42 27 55
85 85 79
55 89 3
29 47 34
89 48 13
23 65 20
95 96 23
98 3 94
78 71 94
85 30 37
45 10 54
46 38 71
55 51 47
67 94 3
33 23 69
60 4 76
77 24 48
2 17 93
36 44 22
99 86 85
24 4 59
19 1 59
76 24 10
4 30 29
79 88 27
81 90 90
81 8 2
34 67 39
78 34 8
92 30 32
59 22 76
6 42 7
96 73 57
76 24 69
57 35 48
64 35 48
12 15 68
68 88 61
79 30 46
66 88 43
60 45 19
27 6 36
27 33 30
52 33 44
54 41 72
26 48 85
64 61 91
35 83 86
43 50 29
66 43 74
67 83 55
99 84 37
75 18 83
7 23 86
17 31 33
97 76 98
37 24 0
35 4 47
23 49 87
10 65 26
6 94 59
36 23 44
92 87 84
15 84 41
27 30 1
72 63 72
74 72 28
68 40 55
66 62 30
4 33 87
25 8 16
77 76 85
96 39 32
2 12 79
7 32 91
46 62 25
99 34 80
44 75 52
21 23 17
5 55 90
44 41 9
21 89 77
71 35 19
34 72 25
90 95 24
57 32 33
61 94 67
16 50 3
80 69 18
93 63 81
38 32 99
97 91 7
0 80 50
35 39 98
42 52 77
23 34 19
16 1 1
30 8 46
14 95 92
68 95 78
99 43 38
12 2 76
58 77 91
56 27 50
51 86 28
25 84 24
41 1 30
4 22 97
79 99 51
99 71 70
65 52 38
9 90 90
81 79 88
1 81 89
57 56 53
85 88 28
90 55 94
15 40 56
11 16 74
40 30 95
22 14 34
91 66 10
74 3 98
43 46 0
71 4 2
66 89 37
61 39 57
48 73 61
43 48 6
23 49 8
50 96 83
57 83 84
24 90 97
96 0 10
37 7 98
99 56 11
46 49 77
66 77 92
50 79 89
59 85 6
18 48 6
9 56 51
79 43 87
18 3 84
30 56 70
78 96 35
63 16 27
64 49 2
82 60 11
76 73 82
67 64 88
96 63 55
97 69 91
87 75 10
41 68 48
14 71 75
5 92 12
38 39 73
36 31 8
1 55 28
65 51 59
27 45 2
17 85 43
47 40 6
28 40 57
15 62 10
94 91 41
58 68 99
18 8 53
40 39 84
97 76 16
19 76 6
42 82 27
37 30 7
54 93 5
62 83 3
17 49 99
10 6 71
53 20 18
34 12 23
59 96 42
31 20 37
30 56 77
15 43 29
46 53 2
85 78 10
91 53 35
99 9 5
28 81 45
96 69 75
79 51 67
45 94 70
17 4 20
28 87 2
8 17 32
50 89 3
15 82 47
26 3 4
35 25 90
20 86 75
37 50 15
33 4 91
84 83 13
26 67 48
55 31 29
93 93 45
43 50 13
86 51 59
41 54 87
79 50 89
65 97 91
45 93 34
15 82 18
54 93 43
63 48 30
10 74 94
60 22 15
37 31 41
51 4 70
32 67 73
32 88 87
97 80 57
8 86 13
60 66 38
26 7 56
59 52 57
71 5 92
15 23 87
19 51 37
91 62 65
48 81 43
81 80 39
58 87 6
76 59 11
8 95 10
12 3 82
52 51 90
77 24 64
72 8 73
87 37 99
71 80 91
9 39 55
97 81 66
81 37 4
66 92 32
54 68 24
72 55 75
88 1 98
73 21 7
49 34 92
63 90 39
7 77 35
96 44 1
42 41 57
64 34 16
25 27 92
35 79 97
0 16 81
14 52 95
19 24 18
8 98 70
14 11 42
91 53 83
74 51 50
36 27 41
84 82 12
93 66 11
84 31 12
24 82 17
10 47 51
49 8 27
95 24 3
18 19 1
31 46 50
53 57 36
92 92 67
3 69 45
28 40 43
30 42 93
80 0 46
55 28 50
89 3 67
90 40 34
68 64 4
98 68 17
89 5 59
73 21 87
50 89 74
84 87 23
3 33 14
88 13 13
8 14 70
0 81 90
67 55 30
23 16 35
20 54 40
0 79 16
27 7 70
47 15 61
54 0 80
37 77 93
28 78 81
46 88 48
61 18 35
61 34 71
73 54 20
12 50 13
91 82 6
94 37 24
62 38 64
21 6 25
88 9 35
42 48 66
22 71 50
5 44 86
26 81 96
46 21 97
80 96 4
97 52 18
41 93 80
59 1 51
54 17 90
99 11 93
82 42 94
66 68 94
16 72 15
75 62 71
5 49 84
73 37 58
52 55 3
71 78 34
48 42 97
18 46 49
6 79 63
77 48 92
75 56 80
14 66 73
75 16 14
47 1 74
3 10 4
97 29 57
31 40 76
62 33 76
32 78 82
25 1 65
57 74 47
80 67 37
88 81 17
72 60 51
53 50 9
94 5 94
32 19 49
98 55 28
94 10 55
34 75 23
89 60 50
3 57 50
35 95 91
83 73 41
91 91 9
65 73 17
55 5 99
96 77 82
99 5 20
16 51 4
95 67 25
66 74 44
76 0 78
93 99 89
69 73 50
0 58 90
37 1 33
89 50 28
92 90 77
72 45 28
5 97 28
26 94 43
77 67 77
91 37 93
58 65 9
55 67 74
48 33 1
78 77 2
26 51 33
29 21 62
3 75 15
98 11 36
5 17 11
99 16 90
77 73 60
43 6 59
3 37 85
79 54 81
69 14 14
7 79 53
29 70 59
45 64 94
59 54 32
41 11 2
29 85 5
68 35 4
46 16 26
36 13 13
1 52 79
16 55 25
95 33 37
87 12 4
61 34 92
42 42 47
75 43 37
25 73 62
98 63 3
16 51 14
20 32 82
41 17 8
54 1 85
1 68 58
55 70 19
68 7 45
43 94 88
59 80 72
75 3 5
92 26 60
72 52 40
14 11 66
57 1 35
32 2 49
96 22 44
44 40 88
91 2 98
47 81 29
13 27 79
71 68 82
48 91 59
13 75 2
57 73 63
18 92 6
84 77 38
18 78 58
42 27 23
10 33 54
63 90 35
48 64 16
50 80 46
76 24 25
76 32 58
30 54 29
70 8 49
26 84 42
99 55 80
11 51 1
1 62 88
45 9 67
47 12 12
80 86 87
3 11 4
4 12 5
21 67 78
93 70 40
27 33 98
54 53 88
41 22 73
59 29 26
93 17 76
45 96 8
44 82 56
93 22 79
73 25 4
45 22 14
55 54 47
86 70 46
84 81 36
50 67 23
44 5 97
44 67 56
56 9 75
90 58 47
92 90 97
88 95 39
61 34 7
51 0 74
37 12 81
35 96 2
20 85 74
72 45 55
78 40 23
12 26 33
44 53 64
63 99 42
69 66 36
0 40 71
43 12 59
29 45 16
15 80 73
3 71 10
48 34 50
15 33 77
18 69 9
4 1 53
88 96 73
6 79 32
99 91 24
24 54 85
20 12 36
2 95 92
24 2 14
95 93 17
98 87 32
41 71 19
19 69 12
60 48 19
76 9 73
48 86 91
4 83 88
65 58 99
25 67 28
24 3 46
74 49 74
75 63 93
50 91 78
7 18 89
60 66 47
34 2 96
60 79 38
82 54 87
95 39 44
71 57 74
16 14 21
45 41 42
58 20 79
34 56 19
29 55 87
20 46 46
89 31 85
57 30 53
80 14 89
14 21 53
83 32 51
60 72 68
41 70 95
75 96 44
36 13 34
10 44 94
48 1 51
33 68 25
32 75 92
95 28 59
45 98 73
50 84 19
46 69 91
33 89 17
48 4 2
47 68 78
22 47 18
53 4 69
81 33 24
2 66 77
43 15 27
68 46 17
19 28 68
31 3 86
78 23 44
41 26 86
99 30 31
38 71 55
67 30 53
11 65 48
55 99 85
57 98 3
3 97 42
77 67 73
45 14 55
37 26 30
30 21 10
11 78 82
76 11 85
99 65 13
22 86 26
88 29 1
23 35 24
1 25 12
32 74 90
42 93 74
70 98 36
40 89 10
13 22 60
93 95 18
52 77 36
1 91 2
37 43 40
49 16 36
54 22 7
35 25 63
59 47 12
9 11 44
47 50 25
36 82 74
94 0 54
2 45 67
94 68 99
28 82 74
88 30 34
21 36 87
36 97 54
57 97 64
62 85 16
98 89 57
51 67 97
22 65 46
37 91 24
58 94 35
38 60 98
73 7 8
96 75 13
17 13 53
31 89 55
69 97 73
13 31 35
70 12 46
67 53 96
25 35 56
69 95 66
71 21 40
40 71 18
39 66 83
3 62 11
32 5 32
46 99 0
21 82 78
18 11 87
50 47 16
53 96 67
6 60 97
59 44 76
77 72 1
15 69 61
0 61 5
71 52 83
48 85 51
89 3 13
14 15 59
10 54 54
64 83 55
12 96 50
66 18 51
89 80 51
98 45 14
98 36 90
33 55 20
62 98 31
73 89 54
33 75 98
25 11 54
53 82 45
28 87 91
0 61 99
4 26 59
95 88 27
57 78 37
8 33 39
78 82 58
88 30 46
92 45 15
20 47 57
24 10 53
55 25 72
42 39 12
62 41 45
74 79 41
79 94 77
65 1 95
4 92 51
23 15 42
40 77 42
19 44 90
71 86 43
34 71 55
67 59 24
36 94 46
7 19 44
13 30 81
30 41 99
86 64 39
10 86 64
51 86 34
50 83 8
22 99 60
8 34 39
58 45 89
45 58 50
54 89 53
48 26 91
91 66 62
5 15 35
82 33 44
96 90 50
94 86 24
58 84 44
26 19 63
22 62 4
79 51 68
69 5 63
73 96 52
71 36 9
47 0 89
18 62 88
11 17 45
98 99 69
47 42 8
28 36 43
92 13 27
24 40 66
56 43 60
54 46 83
65 75 92
53 66 61
12 13 70
72 57 14
58 7 14
93 61 28
93 45 84
58 35 0
54 40 16
54 41 60
45 89 12
44 8 22
95 48 94
2 71 10
91 8 96
90 15 80
99 21 42
52 20 44
53 56 62
94 51 72
52 27 57
16 63 70
90 77 14
96 52 61
3 12 44
70 47 90
61 32 57
54 29 24
16 42 74
54 34 54
80 6 43
67 37 94
82 63 11
52 2 72
89 25 50
73 51 50
45 7 85
15 44 98
48 25 45
11 71 75
30 70 14
92 64 81
9 54 84
39 28 29
36 36 98
13 59 33
12 20 73
89 94 97
84 62 26
39 91 69
59 92 66
60 72 31
72 77 75
52 54 26
36 35 36
5 36 26
6 9 48
22 37 32
16 72 51
53 47 99
79 20 39
56 75 71
25 27 51
92 85 7
59 21 48
