124 467
913 203
636 701
78 844
72 159
805 866
337 649
622 618
617 434
41 722
617 19
795 729
605 499
911 145
43 102
837 778
664 468
141 185
894 590
637 716
193 152
221 92
911 285
182 643
468 804
25 203
74 54
246 510
626 766
252 145
648 179
119 490
41 763
736 302
221 851
656 648
465 868
815 438
850 714
101 438
634 874
894 732
330 780
104 766
198 780
72 854
447 884
882 766
617 94
432 704
173 242
64 948
718 133
826 788
310 550
74 778
240 780
967 163
141 920
219 301
219 283
634 284
919 338
558 285
736 137
933 142
208 665
235 852
29 701
799 824
682 235
64 716
862 988
869 920
235 19
323 285
287 900
110 90
506 134
468 725
145 65
837 31
182 268
252 846
911 846
483 456
495 433
866 320
649 514
758 510
724 235
824 844
167 866
788 285
118 748
450 780
400 918
518 803
250 651
472 31
662 510
642 513
758 277
925 887
451 590
74 446
788 906
850 654
498 301
173 119
211 256
757 969
506 395
619 721
496 776
122 499
622 50
895 50
20 300
863 396
193 54
636 67
41 355
351 65
884 653
124 685
648 499
628 823
929 938
246 640
197 188
823 562
208 631
250 879
407 187
347 489
709 703
585 965
572 906
104 577
504 231
145 771
9 67
947 562
232 242
246 472
177 231
518 90
561 159
494 988
849 729
964 11
141 391
872 499
996 550
192 268
124 60
901 960
823 206
124 450
506 816
305 131
407 396
436 713
468 179
306 163
507 962
940 65
9 489
407 880
15 783
101 771
758 92
450 454
451 616
141 661
211 434
572 303
873 67
43 490
561 748
544 581
799 409
415 852
197 719
649 979
498 283
634 187
136 816
62 157
796 716
609 813
780 948
619 988
572 152
664 634
773 816
667 640
81 117
642 716
650 94
638 283
402 562
964 851
940 137
192 729
996 649
383 490
383 714
351 348
268 648
321 920
638 689
756 737
599 122
650 85
235 812
736 166
252 920
911 648
682 51
394 906
182 900
213 742
9 616
752 550
157 256
769 900
600 618
432 185
509 14
275 90
192 816
393 185
888 102
9 737
182 868
964 454
494 216
163 47
240 409
662 851
122 203
228 846
622 467
162 689
656 714
564 816
244 771
664 228
980 719
351 276
550 391
110 206
43 177
873 732
655 783
252 467
173 306
718 102
465 122
78 338
564 752
872 77
81 788
165 269
788 772
163 145
173 450
162 752
901 202
232 948
504 541
507 510
237 50
117 713
393 47
637 285
347 766
78 766
306 329
330 731
89 722
226 813
872 14
268 773
252 572
975 110
211 771
756 228
250 813
211 348
888 137
876 722
897 514
662 541
472 303
715 185
919 541
162 425
888 594
937 776
371 969
795 922
662 92
884 752
756 652
15 729
338 778
252 969
122 231
634 203
652 131
736 773
197 277
9 228
655 206
193 31
400 177
268 84
621 719
447 813
572 704
246 634
724 513
173 438
287 438
682 734
110 434
605 408
769 424
64 119
600 450
365 456
550 434
275 510
252 47
213 282
252 661
91 689
599 276
136 282
758 188
104 962
74 303
72 616
507 651
843 575
650 531
903 752
347 77
163 735
432 772
637 887
697 6
599 133
617 594
642 50
400 510
664 748
876 257
228 657
252 285
198 871
402 766
805 489
305 90
795 594
866 541
879 188
226 510
724 653
966 618
689 887
824 6
788 31
795 268
163 704
791 110
837 906
36 54
165 85
496 887
682 277
928 90
158 20
89 285
977 396
226 338
919 719
667 652
650 116
486 766
250 533
996 329
724 111
619 773
849 235
117 131
714 716
119 284
305 979
495 300
561 854
383 654
975 654
873 640
814 648
967 85
897 90
104 146
925 257
894 701
81 479
682 766
714 722
796 199
81 71
628 142
947 65
43 396
873 489
444 338
940 157
162 960
197 884
854 844
940 122
988 51
814 145
966 513
182 14
572 145
62 647
25 541
211 20
402 533
271 652
996 118
182 395
250 468
622 866
347 887
371 466
600 685
451 575
572 735
622 513
383 938
365 652
469 188
757 466
585 468
599 117
664 732
544 472
697 538
977 880
682 301
101 50
558 887
988 788
876 300
572 31
25 284
882 652
119 396
122 874
664 575
638 510
115 306
634 880
347 257
621 879
788 276
15 689
173 50
635 282
613 18
849 721
163 54
250 556
237 618
173 900
338 735
919 884
208 456
163 303
383 129
305 778
228 327
45 206
240 51
415 988
235 163
622 466
402 129
486 514
636 634
407 51
617 131
101 73
255 538
20 304
617 302
823 122
250 188
919 731
863 788
558 722
338 303
675 146
81 166
975 823
992 541
182 424
338 152
157 942
91 118
371 572
465 283
929 6
118 665
655 117
182 550
827 631
118 732
652 408
221 766
498 51
839 242
147 1
506 268
104 92
465 235
827 467
64 60
432 31
863 780
796 824
718 942
64 450
383 965
574 6
864 6
780 969
74 152
940 177
25 490
145 137
682 118
20 433
642 618
110 649
41 304
494 773
232 111
78 852
864 757
988 396
323 657
104 306
136 51
444 651
815 716
29 472
496 489
585 51
675 438
494 524
823 256
197 879
36 657
648 300
773 355
609 235
244 122
600 111
911 657
655 562
62 562
74 704
605 467
110 19
221 871
191 489
177 880
371 440
636 489
658 440
89 824
869 657
157 562
330 884
321 145
240 366
81 187
163 185
940 20
689 722
43 467
652 649
600 969
91 742
498 134
664 90
20 81
337 329
472 391
619 654
407 788
605 766
682 643
348 510
662 731
415 823
605 969
145 276
940 974
62 102
675 900
235 329
758 871
787 81
365 228
964 871
235 454
235 177
393 145
897 118
119 788
773 134
246 581
345 788
827 880
507 454
626 19
862 721
330 92
626 550
136 653
145 348
890 562
839 900
323 276
714 776
213 734
64 440
472 920
903 51
658 466
634 788
805 854
787 14
444 277
36 145
689 499
637 722
872 887
158 302
124 969
814 327
118 634
849 752
826 780
36 643
157 434
219 425
964 651
104 905
709 783
192 51
724 1
814 906
337 109
888 391
91 235
642 685
724 979
43 366
636 456
850 177
862 703
799 396
901 813
69 648
873 575
572 657
255 84
115 969
876 750
506 752
407 780
41 300
564 283
862 654
444 541
636 866
876 776
736 122
758 780
652 269
177 824
636 767
642 1
394 648
240 479
839 466
662 693
141 54
312 187
805 590
197 766
136 425
947 974
117 116
74 47
879 780
664 640
911 446
635 734
36 772
447 11
62 65
903 742
118 581
617 778
246 732
876 127
81 366
208 159
64 685
115 73
124 900
773 81
863 631
323 772
715 920
228 18
104 188
118 866
544 228
724 643
472 18
561 732
967 979
365 90
890 731
345 824
720 468
9 590
246 854
758 693
636 90
888 166
250 640
689 355
888 773
933 177
157 20
966 242
407 201
341 816
62 177
894 456
964 719
157 302
617 118
787 874
626 14
213 268
650 649
585 467
550 65
773 960
928 325
163 648
715 145
72 748
122 652
756 748
163 906
996 408
147 440
271 304
635 689
165 713
720 616
796 355
682 188
769 19
795 942
330 871
197 780
271 77
682 851
444 533
451 159
622 748
854 703
787 201
400 538
321 807
888 65
901 282
977 788
69 446
41 725
769 118
122 366
638 67
642 111
977 541
235 524
147 156
787 766
650 550
20 776
219 282
626 778
305 118
271 776
250 575
884 118
136 54
228 185
252 648
866 71
940 773
787 284
115 572
104 651
862 510
305 109
839 146
250 454
773 301
913 187
252 446
773 652
795 301
913 284
394 391
655 922
724 301
45 434
287 1
211 117
827 284
383 479
365 831
628 783
504 788
469 277
882 804
795 653
162 721
252 391
796 285
863 203
436 408
163 661
773 300
617 329
498 742
72 472
211 122
791 918
252 152
393 648
268 142
436 329
901 395
709 6
141 906
15 852
724 734
228 285
213 395
81 231
787 199
558 725
193 846
213 895
400 703
585 187
714 750
351 773
988 780
122 257
634 231
888 434
975 510
655 938
947 177
158 391
788 648
141 772
486 19
157 157
599 20
450 541
724 969
110 102
897 131
407 129
839 111
617 122
400 844
407 231
837 772
913 201
158 594
246 665
118 831
64 969
208 590
110 14
341 282
119 631
104 719
636 159
724 960
823 647
637 433
658 73
245 122
124 905
371 618
444 11
400 648
854 721
849 395
890 129
250 731
393 657
250 737
769 803
250 652
626 979
348 454
617 117
91 653
869 772
947 166
600 572
165 424
122 766
837 920
394 772
310 90
165 778
761 54
518 163
796 887
450 766
450 533
780 156
561 640
436 514
383 110
252 716
213 721
323 906
882 199
213 118
450 129
29 575
465 117
394 276
436 94
465 20
451 737
136 960
895 900
796 77
465 118
911 193
271 81
864 142
170 778
752 116
756 67
854 648
996 713
648 763
306 94
507 541
866 824
306 778
769 550
101 242
605 131
621 693
605 550
29 510
104 685
622 90
799 187
252 185
