115 948
323 778
849 689
383 823
814 54
351 157
864 783
609 268
911 47
850 714
191 766
913 961
268 6
843 90
689 776
617 325
897 14
599 391
351 434
451 652
873 616
163 807
787 874
62 348
486 424
287 1
436 19
635 268
323 276
451 831
894 732
495 127
894 575
988 51
117 514
78 703
221 92
634 874
271 355
637 77
613 661
805 854
913 396
321 704
617 269
650 900
252 438
306 329
879 693
617 276
323 772
843 581
814 906
849 283
967 94
306 531
255 988
226 851
41 300
940 594
232 440
996 408
605 146
940 117
862 454
192 283
43 771
252 513
788 807
769 900
447 651
402 129
736 434
78 766
682 283
863 788
348 651
393 193
310 325
182 14
191 499
177 961
655 922
622 969
226 731
415 177
937 804
872 179
43 203
36 391
656 783
787 203
724 395
791 538
173 73
211 302
682 729
402 277
271 499
383 783
252 661
642 60
758 871
36 303
407 129
626 514
9 472
664 854
823 348
287 716
656 812
720 590
550 256
268 812
992 188
244 922
345 231
929 524
347 887
173 467
869 276
664 748
649 94
862 721
124 467
605 905
117 109
506 653
996 713
81 51
29 489
173 111
795 868
117 408
621 556
228 446
919 871
240 468
929 648
29 665
407 874
192 425
791 703
655 562
652 269
843 510
101 206
787 763
250 665
843 489
29 456
232 948
141 185
826 788
850 812
667 616
29 616
235 900
609 895
805 634
873 737
305 900
864 216
117 424
544 468
637 722
483 854
213 118
585 468
574 510
157 256
62 166
585 201
312 631
872 489
191 652
664 456
866 788
928 329
25 490
913 467
118 866
574 938
228 846
158 771
791 110
585 396
337 118
648 722
338 704
237 60
947 122
637 716
966 905
913 880
167 831
769 514
472 807
933 142
655 177
662 962
252 948
498 729
648 433
805 581
897 649
119 880
246 228
393 327
25 541
341 689
306 131
268 703
393 185
805 468
605 111
621 454
937 304
255 852
338 285
736 302
509 424
182 301
564 868
394 735
558 257
911 285
41 722
682 689
911 31
393 704
252 60
167 228
36 752
250 277
933 757
415 757
198 851
940 157
341 283
895 513
20 77
788 47
465 276
960 366
689 499
761 657
504 467
637 127
650 329
682 235
115 618
469 879
650 325
966 73
758 577
757 948
287 467
115 466
715 446
649 90
213 643
213 816
791 6
157 391
447 766
337 713
74 446
465 282
494 714
250 92
89 81
323 145
761 906
468 766
221 871
9 575
864 844
642 900
208 961
761 846
837 778
940 434
9 634
824 216
468 304
815 73
226 879
81 880
252 618
110 94
472 285
141 446
815 242
36 446
619 988
773 868
415 654
626 778
518 325
182 163
714 652
122 961
465 689
824 918
890 731
895 450
29 90
167 159
118 732
752 19
25 631
823 434
658 685
208 472
268 177
310 713
815 50
69 145
447 556
147 905
617 974
773 499
219 813
451 737
348 454
715 303
561 767
967 269
415 918
43 467
613 276
911 303
182 94
697 524
41 725
884 752
649 514
211 348
850 654
226 813
634 203
115 716
145 942
101 771
198 533
507 962
197 884
966 466
81 391
718 177
158 391
709 6
815 969
572 661
585 51
849 235
213 202
235 773
937 14
64 450
483 159
658 60
715 648
697 721
228 18
509 900
250 562
162 868
211 771
897 94
992 541
321 145
975 654
465 960
104 969
757 242
911 648
165 514
558 14
232 572
400 142
345 874
509 325
605 804
182 653
795 256
208 854
791 852
347 804
41 355
564 895
758 719
118 634
122 824
495 824
496 355
975 757
208 187
211 562
252 846
655 434
147 466
122 129
854 703
337 329
255 757
638 721
655 133
925 127
101 948
636 575
465 721
561 228
964 533
101 942
246 831
656 648
465 20
769 329
795 206
213 282
306 14
854 714
208 366
564 282
45 974
827 129
897 90
827 490
469 813
888 137
605 269
486 109
192 742
43 366
622 510
664 159
498 283
652 90
393 906
122 631
866 284
29 831
235 510
45 276
495 81
226 338
136 752
773 643
275 472
122 355
715 906
310 778
613 47
15 960
652 900
81 201
879 277
752 531
347 304
605 355
585 788
714 257
947 157
884 118
198 188
795 729
619 844
636 472
879 510
773 653
919 813
911 704
483 831
655 84
815 60
787 257
977 631
465 102
634 51
617 391
605 90
89 824
345 490
191 77
345 824
903 734
617 256
197 766
518 778
564 816
724 729
465 816
599 65
787 631
619 648
791 812
451 575
585 203
15 643
664 831
814 648
157 302
9 90
198 871
901 282
796 127
208 51
208 866
689 766
228 735
638 737
208 231
321 276
757 716
101 60
118 616
599 102
638 616
447 92
91 202
600 467
913 824
365 489
600 969
600 156
402 719
170 648
992 338
74 778
9 701
191 300
854 216
9 489
879 92
365 575
287 618
312 965
15 134
226 92
617 116
321 735
110 14
564 425
626 116
182 395
928 163
450 719
365 640
761 18
147 467
101 438
619 703
609 816
977 187
799 479
89 716
338 846
157 594
136 742
469 577
628 110
873 67
465 206
394 31
330 129
170 704
393 54
495 763
323 18
447 879
619 454
884 51
773 304
20 179
122 187
897 900
81 206
564 235
626 550
795 434
246 866
118 831
933 524
393 18
888 20
81 490
544 866
866 201
208 159
758 541
162 300
383 757
15 714
162 776
724 467
769 109
992 731
498 51
136 395
664 634
305 514
170 807
235 550
447 813
648 199
163 657
929 703
975 510
402 556
864 852
72 767
787 490
585 409
996 649
720 228
937 81
167 67
436 131
947 177
913 187
312 880
351 256
245 166
240 824
718 65
682 202
736 20
165 778
271 77
769 649
371 1
483 575
89 652
977 231
78 757
321 193
245 65
244 137
341 268
709 714
402 188
634 467
724 653
638 489
20 81
118 90
450 884
173 513
110 434
947 133
638 282
192 721
605 81
394 193
622 456
599 302
689 179
246 590
988 409
901 653
796 887
165 163
638 652
192 134
724 242
795 594
232 513
271 14
444 884
709 823
122 231
402 884
504 490
255 823
988 203
15 844
849 268
509 531
564 721
933 988
9 456
436 163
675 572
605 766
158 256
837 772
911 772
863 203
165 424
937 257
81 137
638 54
232 450
585 479
773 752
41 824
658 513
498 301
605 513
655 137
996 514
69 285
977 203
888 256
869 648
928 778
736 102
43 71
967 649
228 772
25 187
966 900
799 468
724 282
74 648
483 472
649 163
866 780
599 562
888 302
252 50
895 618
996 766
544 581
769 531
966 969
617 117
252 979
795 643
101 434
561 737
162 51
901 813
208 780
468 725
118 665
104 562
714 300
975 812
787 499
854 6
72 737
91 868
192 395
191 199
872 887
167 737
724 816
720 831
664 228
495 722
81 187
873 456
191 304
636 701
977 51
773 813
191 257
773 824
208 90
980 962
720 854
600 572
110 348
837 276
724 60
81 256
863 961
275 489
91 282
15 752
226 884
967 713
393 846
897 713
709 757
383 714
436 531
167 732
636 634
235 713
901 134
235 714
814 391
365 590
795 268
305 163
675 440
866 874
895 1
170 657
235 844
465 395
64 466
897 766
393 145
182 729
351 922
635 653
869 303
890 188
682 721
219 960
638 202
637 179
780 1
656 177
43 117
145 594
20 489
862 988
873 590
815 572
228 906
255 648
894 866
91 742
407 467
226 962
182 85
20 725
330 454
36 425
884 868
977 468
163 446
78 731
805 701
947 434
321 906
122 880
162 721
622 866
192 54
330 879
937 300
494 538
219 268
444 533
724 895
854 783
495 499
371 438
635 734
486 803
104 541
191 179
572 152
933 110
173 438
348 533
757 440
876 652
506 895
104 11
724 119
213 653
675 513
964 129
237 50
81 117
250 510
245 256
864 823
675 50
773 816
252 327
862 110
960 468
465 942
849 868
78 177
402 541
709 852
635 742
347 355
365 616
648 763
25 396
162 804
472 54
636 831
147 979
393 446
306 900
648 127
890 851
638 590
101 647
268 938
913 231
667 701
407 51
888 773
901 689
933 538
162 285
884 689
157 206
977 409
173 450
162 355
198 693
81 20
271 725
483 90
348 693
600 119
897 109
839 905
228 778
682 884
136 653
450 766
64 905
658 156
903 282
451 748
118 510
636 228
345 284
20 355
882 81
104 685
465 868
165 766
78 851
605 257
862 812
506 742
394 920
118 737
287 438
141 846
605 716
617 922
715 661
894 489
450 851
495 179
81 409
826 468
638 468
494 654
752 85
158 647
252 193
876 776
757 1
345 780
757 969
724 643
796 489
498 653
837 18
715 657
72 854
110 408
494 812
638 767
43 51
72 456
622 748
862 84
472 47
675 685
498 752
655 844
642 440
197 277
947 974
78 871
928 269
788 152
636 489
837 54
226 556
980 851
305 325
622 948
162 742
650 116
650 14
585 874
43 177
882 776
752 325
240 366
869 772
787 355
897 408
162 425
447 541
432 846
718 562
211 157
637 652
925 77
