656 174
752 899
16 962
215 926
384 669
408 207
376 51
706 868
462 437
859 860
810 715
320 15
920 58
770 443
856 410
726 793
782 926
301 104
177 13
562 410
981 570
900 187
320 381
623 0
194 962
568 307
548 803
454 676
933 447
854 777
304 734
78 743
284 962
474 829
2 860
249 854
190 549
362 999
792 26
733 888
828 899
530 669
830 443
861 676
771 753
556 0
589 127
851 819
112 624
793 631
505 281
523 353
584 43
177 547
830 910
770 311
841 631
416 858
919 1
70 576
360 987
388 36
320 549
900 734
298 607
395 777
194 510
894 681
280 338
726 57
234 810
57 431
952 510
827 94
470 648
505 828
93 530
51 666
639 583
477 288
243 413
483 105
691 549
293 398
985 404
335 913
765 301
157 468
74 572
606 337
356 891
89 214
40 325
930 925
893 252
621 863
77 977
819 571
919 687
880 512
696 267
871 7
460 522
938 135
63 749
726 699
909 928
500 452
351 111
380 933
372 52
623 743
805 434
169 576
557 369
873 168
158 638
255 301
425 243
859 988
623 13
957 899
367 977
356 687
266 410
870 502
335 174
727 947
502 635
611 487
496 212
801 614
688 942
340 143
32 391
360 631
975 699
810 674
473 597
583 470
753 550
511 238
264 587
298 401
652 53
39 486
948 142
247 659
984 386
360 632
571 59
270 725
566 872
885 933
453 729
735 138
726 54
41 559
901 529
32 5
721 739
471 59
791 572
830 632
355 930
198 762
700 413
326 873
590 273
509 420
17 66
455 810
220 364
395 815
559 381
770 538
542 722
138 595
258 784
334 580
291 837
399 919
197 604
74 482
664 988
653 376
595 914
312 296
198 555
160 753
91 795
577 296
905 864
328 842
771 341
177 933
641 723
427 764
594 739
7 22
958 772
214 46
757 635
72 296
30 958
340 291
992 52
435 384
706 13
793 402
110 847
483 214
255 533
408 928
539 168
498 453
491 474
799 261
178 219
844 58
147 333
792 487
888 813
107 868
844 143
535 580
832 476
334 606
366 895
972 663
885 327
220 203
530 237
337 682
104 352
315 641
685 735
12 853
322 514
298 498
473 458
175 144
126 480
950 732
340 930
296 729
772 358
142 911
375 329
515 82
511 311
743 926
746 447
46 317
109 237
329 616
451 719
384 868
859 530
436 77
935 916
563 26
341 196
525 178
984 937
835 146
370 203
900 43
791 629
920 928
552 777
893 527
164 172
506 846
695 364
259 871
107 347
373 400
291 738
483 757
830 225
169 959
492 956
134 781
66 367
630 631
186 978
304 674
113 868
250 594
926 28
18 500
6 871
185 612
617 759
937 785
11 293
214 622
611 547
959 624
158 822
810 621
462 317
411 242
510 683
562 508
240 676
299 397
772 621
372 743
198 374
679 283
359 93
834 810
331 9
423 722
243 429
681 670
955 683
900 624
845 200
877 57
691 614
785 61
227 30
310 634
337 925
85 246
841 393
304 372
726 605
788 299
199 126
118 22
805 898
113 793
394 521
28 280
26 990
492 10
23 425
634 169
342 223
121 316
217 730
297 228
496 476
119 210
477 592
40 147
134 214
437 654
322 959
714 7
393 97
750 28
861 375
519 717
900 268
295 993
849 987
730 620
397 411
52 236
808 328
604 83
407 522
342 461
920 5
601 379
454 533
929 552
223 197
957 381
835 744
78 372
329 197
964 281
170 763
48 690
944 600
742 379
506 603
510 75
628 219
206 945
512 455
310 105
92 363
996 361
612 985
726 706
408 291
570 266
793 550
289 195
192 933
877 224
861 84
509 752
992 228
569 788
834 586
519 171
769 186
323 388
432 916
562 753
190 633
667 880
934 86
394 756
453 316
691 689
960 338
833 520
367 795
413 694
974 629
911 382
536 617
855 40
623 291
143 178
332 775
222 682
526 859
955 925
899 62
762 431
112 456
722 620
510 682
755 986
256 740
727 329
960 961
447 860
819 754
206 856
524 793
530 723
533 939
272 905
350 973
575 511
17 579
112 82
244 899
909 613
71 999
854 420
402 512
589 701
738 75
160 343
291 484
323 762
663 598
616 28
611 338
222 444
223 942
615 480
638 786
577 462
209 266
222 722
39 185
203 180
444 620
888 951
849 288
284 503
609 428
187 135
948 883
828 316
952 789
981 249
133 882
476 761
61 481
648 832
524 669
318 916
1 635
171 805
389 73
853 409
625 13
671 569
104 407
828 717
539 411
376 547
462 545
719 501
843 828
828 513
652 465
576 58
721 127
984 340
344 432
749 151
861 67
866 848
530 413
668 706
241 341
775 687
763 548
395 570
107 687
88 393
841 530
427 528
358 528
381 795
322 148
669 833
559 925
229 95
14 767
499 657
364 529
708 701
758 214
315 682
605 210
706 394
312 400
483 578
315 393
456 620
672 868
213 27
609 638
669 365
47 518
615 268
977 687
183 107
771 860
334 331
381 473
111 187
618 469
734 242
765 795
829 910
770 150
367 192
427 706
615 484
860 83
68 313
441 996
600 405
15 58
488 743
183 316
152 765
225 82
458 801
803 503
550 839
579 745
699 474
838 341
435 548
281 341
330 440
847 505
235 410
807 750
313 305
416 388
682 967
542 897
904 887
314 121
220 100
787 680
807 256
969 674
70 858
494 308
827 223
435 967
639 411
434 885
24 620
723 136
634 712
174 930
683 330
714 843
644 639
107 711
142 694
792 168
896 988
604 722
709 515
645 241
377 326
143 241
436 585
648 975
421 108
860 80
156 730
958 102
675 873
801 824
5 979
72 294
706 715
269 57
77 233
219 199
145 174
908 391
813 443
780 669
855 961
71 679
873 329
63 54
15 710
141 67
258 396
119 596
45 990
240 79
171 996
496 601
359 7
213 528
375 437
242 717
986 531
465 498
919 553
562 452
568 648
717 142
971 345
861 514
679 874
234 289
755 842
765 269
870 411
611 261
871 809
508 933
89 839
376 95
927 85
724 537
900 158
225 187
992 825
317 440
765 741
950 24
326 36
888 498
489 263
147 733
499 280
156 191
695 793
894 510
141 27
501 681
54 575
845 692
210 672
719 697
22 723
57 142
624 186
504 853
342 334
236 81
242 928
656 982
2 238
606 932
136 956
769 605
909 195
217 237
356 789
644 990
57 734
375 618
954 467
427 170
884 675
331 550
798 370
505 512
529 50
627 197
941 621
112 442
89 338
750 31
535 476
453 85
54 834
726 73
586 491
367 654
844 603
174 594
357 482
44 958
209 235
151 95
136 192
630 742
741 394
671 531
725 363
133 810
125 43
970 119
432 332
86 467
222 701
190 871
42 366
78 674
201 474
185 51
856 243
107 535
797 380
905 797
8 214
398 378
356 830
110 810
437 618
431 949
877 763
531 444
669 667
817 427
961 457
887 497
974 306
520 485
77 391
746 978
413 883
243 994
930 635
74 519
899 758
733 65
698 555
55 812
986 334
211 351
82 458
978 763
512 342
368 499
462 316
182 420
243 506
427 272
698 723
529 418
341 537
979 171
429 916
850 666
322 900
562 81
291 994
645 494
767 445
655 546
926 648
636 270
143 933
394 374
402 873
789 130
587 962
853 586
284 510
812 425
410 565
240 924
486 182
543 213
240 287
37 108
931 857
151 374
422 755
743 788
841 741
106 607
376 739
210 944
70 503
494 587
681 619
585 658
831 65
794 395
197 984
766 57
77 372
469 836
937 343
894 725
147 489
615 14
499 35
320 22
348 688
636 227
850 550
906 240
167 696
640 781
454 343
78 676
383 223
689 459
868 908
810 365
158 455
674 695
397 874
408 5
989 443
407 832
877 987
413 319
948 530
977 345
372 747
619 587
194 329
407 460
299 835
36 233
629 215
896 777
233 473
316 207
782 676
695 922
851 50
93 228
966 753
172 286
540 486
944 753
784 917
989 641
964 202
439 198
837 11
343 972
833 437
114 994
474 243
38 839
891 58
688 764
762 935
721 406
527 519
514 131
714 666
824 827
97 124
402 18
254 863
120 77
657 494
6 294
830 623
39 717
392 997
73 915
725 946
278 644
959 926
351 490
878 777
319 887
39 797
504 450
525 252
381 476
590 945
563 434
826 50
589 977
140 686
160 785
75 124
535 626
426 481
820 76
450 90
630 533
696 50
502 962
661 566
355 520
887 604
643 491
652 111
57 269
30 101
476 396
865 31
564 79
139 407
656 570
385 472
781 649
791 925
348 292
380 352
372 283
775 18
739 923
928 642
944 889
456 422
664 169
100 195
75 622
644 165
690 631
637 133
109 377
423 34
366 404
155 754
242 72
344 98
930 864
494 372
895 514
18 879
706 977
462 66
982 512
317 142
103 331
232 981
537 720
930 650
299 290
976 209
149 784
877 589
883 263
194 338
421 929
388 546
132 585
886 900
988 510
660 856
909 450
896 275
980 653
279 552
937 845
974 492
753 901
517 984
359 943
783 561
862 982
675 218
992 79
277 954
810 52
998 206
712 383
878 33
