36 283
714 763
718 647
605 300
826 479
69 54
306 131
649 550
15 895
43 541
757 513
122 468
341 960
305 329
638 689
929 654
394 920
658 450
890 533
901 118
648 499
850 757
110 166
450 541
110 329
495 14
252 111
101 157
213 729
450 719
888 942
619 773
383 142
925 750
689 776
854 84
980 11
617 514
221 884
162 395
937 77
170 185
622 767
635 721
268 524
122 887
757 156
964 962
306 649
996 329
496 285
170 772
72 616
145 922
436 424
928 766
599 166
650 85
894 640
345 479
901 895
158 20
465 202
996 85
724 729
64 466
947 133
649 109
882 355
468 199
890 693
252 572
895 242
960 187
988 880
756 456
895 467
655 348
43 256
486 325
193 661
621 533
718 133
940 562
613 446
709 110
664 510
402 884
9 854
827 203
213 689
337 531
617 85
518 713
773 118
468 750
451 489
486 131
124 146
850 216
617 348
839 111
341 395
271 127
901 816
518 979
78 524
697 510
509 531
255 6
929 142
465 283
507 719
157 391
925 652
977 788
919 693
20 652
9 616
561 90
709 142
104 716
101 60
667 159
351 974
736 177
252 303
306 94
773 134
869 661
736 771
115 440
709 823
494 177
275 510
947 122
966 716
115 1
78 783
119 284
600 111
913 788
752 766
110 206
888 276
682 129
903 729
15 868
245 974
119 201
824 714
122 788
656 714
119 51
724 235
787 880
795 166
198 766
250 590
255 773
824 812
496 824
250 575
637 179
613 661
814 152
882 763
208 203
613 54
933 6
101 771
415 142
773 752
791 648
162 54
919 11
843 67
622 159
919 719
761 145
64 73
628 852
211 166
720 616
165 163
36 752
977 409
20 804
173 618
628 703
937 199
642 440
89 766
62 137
769 131
619 988
715 704
826 396
394 807
752 900
876 257
714 725
465 301
465 729
323 54
988 468
795 65
118 510
824 177
25 320
81 874
689 750
444 541
89 824
621 188
890 731
226 338
929 6
62 773
815 73
992 92
714 304
365 228
544 510
752 550
964 879
682 693
226 651
41 725
465 177
864 852
621 766
977 51
252 145
933 142
622 306
636 665
447 533
863 201
45 117
436 713
275 866
564 721
383 874
826 467
244 137
69 657
619 823
823 434
929 538
966 513
197 693
177 409
347 199
506 816
365 581
407 201
715 846
967 329
158 122
235 454
486 109
837 735
436 979
635 752
544 701
636 472
843 701
940 157
869 193
667 228
947 348
894 510
761 661
246 590
724 54
636 510
496 763
496 725
682 556
338 145
866 51
20 127
321 18
550 65
655 773
197 562
163 735
805 67
415 6
894 581
996 131
198 556
724 716
198 693
697 703
182 301
136 813
483 652
619 654
947 974
975 510
36 235
879 962
124 306
637 763
599 65
74 276
913 467
613 276
715 285
252 716
469 577
558 824
884 51
486 90
933 773
255 142
509 550
345 409
826 468
967 979
226 188
634 824
799 51
167 701
400 216
101 440
634 284
483 468
761 285
145 256
122 409
609 425
988 129
675 146
287 905
911 185
682 813
287 900
145 65
928 85
162 816
824 142
933 721
177 961
675 900
245 922
992 541
25 187
228 648
879 851
613 145
648 750
637 355
208 831
337 94
826 490
769 94
756 228
901 54
649 900
947 256
444 693
648 127
650 778
869 327
634 187
795 134
992 188
213 395
634 129
890 188
9 67
494 783
773 643
173 466
648 433
638 665
41 81
245 302
967 649
36 282
617 424
348 562
682 752
504 788
305 269
444 731
494 703
854 654
122 14
407 824
45 65
757 73
122 716
504 961
585 71
975 852
561 489
574 703
173 467
839 73
925 300
634 788
163 657
655 783
967 900
617 562
496 776
882 716
714 81
937 722
925 304
664 665
619 703
773 127
101 117
827 880
682 729
394 327
799 231
558 766
724 282
240 961
306 116
504 409
20 285
667 581
268 938
996 269
145 206
62 256
509 14
795 133
901 653
91 813
919 556
605 778
498 235
655 206
550 647
605 763
330 11
929 783
940 206
622 581
652 900
486 713
43 129
89 285
141 446
662 766
518 514
992 871
371 156
101 594
162 283
572 47
658 438
157 594
124 716
165 325
550 177
371 119
658 73
74 704
157 256
605 766
635 283
165 514
465 54
988 284
255 510
850 988
371 969
255 538
837 906
736 122
609 283
561 159
45 391
495 355
879 871
937 725
791 852
240 965
74 327
799 201
558 77
104 510
626 329
635 653
64 60
894 159
506 282
115 979
788 18
869 47
619 844
147 242
648 766
104 651
622 438
697 988
192 721
756 665
854 110
788 735
347 766
850 852
232 450
365 665
110 424
869 276
219 721
177 284
158 117
544 616
947 302
81 594
796 355
221 541
305 90
544 767
655 823
275 831
919 533
104 129
193 31
911 704
621 510
761 807
444 651
773 729
736 157
393 735
919 510
619 757
287 716
36 118
447 510
903 235
621 813
193 185
305 14
761 735
756 575
64 119
465 20
394 54
495 750
69 704
850 812
988 71
756 472
312 824
117 329
988 320
642 156
897 109
600 306
323 807
862 812
122 725
864 524
619 714
494 757
62 922
824 6
895 438
890 871
940 256
78 110
244 20
117 14
383 71
237 440
988 961
228 920
101 306
451 510
628 6
697 757
235 163
613 327
483 732
147 50
925 81
652 408
312 129
617 649
219 425
619 177
394 31
400 703
81 780
275 732
486 766
649 116
787 722
141 152
635 51
605 424
866 824
863 467
638 159
605 111
736 117
940 65
628 648
709 177
940 102
145 137
337 550
827 961
240 541
850 84
787 631
876 433
244 974
365 510
600 466
177 631
219 816
724 51
866 284
903 118
104 111
91 134
873 90
564 734
637 652
198 884
773 301
689 257
45 974
897 131
235 757
192 643
101 348
198 651
634 479
170 276
975 142
72 640
45 302
444 851
211 102
237 716
496 804
564 653
894 634
652 766
193 906
81 490
268 852
655 302
866 203
626 90
275 228
636 640
966 73
849 134
89 722
724 969
36 653
101 276
400 110
507 879
177 541
652 116
879 731
193 778
964 766
483 665
947 137
208 652
637 499
585 490
626 649
450 533
715 47
465 157
650 329
634 631
975 538
36 202
219 643
619 84
213 301
873 456
495 652
89 489
788 704
787 716
862 510
558 887
469 731
483 581
622 948
638 652
495 199
869 54
211 942
221 338
506 721
407 961
36 778
638 854
141 704
341 729
451 616
62 133
402 562
564 118
814 327
756 159
447 693
621 719
198 338
506 395
947 562
799 961
787 71
157 166
348 813
724 960
29 634
649 766
237 50
69 807
814 303
975 177
36 689
219 734
621 556
158 177
104 306
136 395
761 920
890 879
246 748
621 651
237 60
213 54
605 618
162 653
81 71
29 456
232 306
758 871
890 851
338 906
929 823
638 456
796 77
980 277
465 689
675 438
9 159
650 19
662 92
823 594
757 242
518 90
78 654
351 122
628 142
72 159
348 962
799 284
275 90
43 366
465 256
221 962
306 408
773 433
697 538
29 701
213 742
383 490
864 757
115 467
141 18
36 648
788 391
773 395
167 767
208 366
787 199
637 127
652 163
626 424
211 771
773 202
605 14
635 118
415 454
773 283
504 780
714 766
110 109
208 767
162 433
158 157
863 468
496 14
964 577
193 303
795 813
506 868
863 187
682 541
709 757
29 468
724 450
432 735
626 118
826 71
78 813
795 301
854 757
509 514
827 201
208 965
468 14
407 479
977 203
619 524
980 731
992 510
862 142
345 71
45 276
903 734
41 14
628 654
787 231
271 776
613 303
977 490
275 854
208 409
697 918
561 640
937 716
507 277
141 807
787 468
495 725
650 766
815 948
252 905
709 538
574 783
621 851
232 618
642 438
796 887
193 648
805 159
572 772
162 77
709 510
862 454
323 391
876 304
689 285
41 179
761 446
255 918
208 468
20 433
622 634
815 111
312 203
347 433
648 300
780 1
650 109
20 887
436 550
791 84
145 117
472 906
110 408
383 757
104 813
773 722
791 773
323 772
72 866
371 242
839 306
769 163
815 146
191 776
468 824
15 654
988 780
101 119
507 871
371 60
652 269
626 14
980 454
345 468
718 348
365 640
351 302
758 766
866 631
36 47
724 50
897 649
383 631
638 640
506 134
509 90
824 538
271 179
572 185
407 129
714 489
495 433
564 395
656 703
36 813
43 824
752 116
312 490
682 884
15 177
436 778
622 652
213 235
947 65
839 438
246 228
235 131
928 550
854 823
619 510
110 531
837 193
235 803
226 719
237 900
975 216
895 618
894 854
124 440
483 228
348 780
43 117
561 456
724 438
213 202
496 304
192 301
228 31
197 92
208 631
252 1
621 92
162 268
689 824
246 468
714 804
271 887
91 689
465 960
383 824
407 541
964 510
622 590
621 454
757 440
638 468
15 51
91 54
689 300
854 938
724 752
208 284
960 231
472 152
321 276
345 824
506 734
275 701
714 776
682 283
402 780
321 661
940 771
879 884
826 366
634 203
