736 65
757 60
689 725
864 703
118 616
862 714
447 277
104 92
465 689
599 206
796 127
104 513
78 533
197 338
89 804
824 524
136 282
805 854
101 979
724 450
622 468
814 303
815 438
64 969
115 146
192 643
876 722
252 193
884 282
682 693
826 201
115 466
561 472
104 851
574 538
655 918
619 721
29 472
415 538
975 538
837 906
913 479
827 965
613 772
400 812
104 716
407 490
402 562
638 854
496 257
864 454
656 988
619 538
626 550
682 752
827 788
110 766
235 918
788 920
506 283
365 456
837 285
933 823
975 84
975 852
617 302
682 766
117 19
638 575
879 962
992 188
221 556
752 85
157 594
988 231
901 960
757 979
486 163
636 616
980 454
246 581
496 127
306 329
221 562
394 920
115 900
141 648
43 965
43 391
882 652
287 60
365 854
756 489
43 562
656 454
122 129
756 510
638 665
122 824
662 562
709 852
338 54
469 651
110 562
271 489
208 824
74 661
64 440
863 129
773 202
756 640
483 616
613 920
652 269
198 510
170 185
371 146
173 969
497 54
667 652
795 922
193 276
305 19
228 285
15 216
649 803
157 133
444 541
796 14
648 304
872 766
658 146
837 145
715 193
468 127
850 703
192 134
351 562
219 868
988 71
450 851
638 118
182 721
36 689
312 468
235 510
337 550
980 577
992 962
62 942
664 468
69 648
824 84
897 118
347 304
815 948
787 961
402 541
933 938
115 716
310 713
872 763
186 33
170 31
402 731
658 905
235 703
36 283
208 575
323 276
667 831
371 716
78 454
81 201
472 807
843 472
9 748
402 693
383 524
805 90
635 643
815 146
250 590
799 961
518 19
101 256
29 616
122 355
667 456
506 235
228 145
162 652
221 92
911 735
432 31
869 152
486 325
309 995
866 490
709 703
619 216
468 716
550 302
913 129
788 778
29 468
585 51
101 572
338 391
211 302
689 716
119 631
585 71
483 854
901 816
652 424
757 905
43 396
15 6
664 701
613 906
897 979
268 648
141 657
118 228
483 575
400 216
465 102
873 616
773 804
15 202
78 541
330 556
613 145
465 282
864 538
383 938
518 803
221 454
347 776
117 329
495 750
465 166
815 618
136 283
814 657
379 718
312 788
769 778
675 438
773 776
894 90
869 906
157 391
78 556
901 813
305 118
305 713
638 653
444 780
561 159
252 111
863 320
988 366
219 689
756 456
863 874
585 479
715 778
650 94
967 531
451 159
638 974
928 424
574 823
628 714
447 851
689 285
330 780
558 81
967 649
506 729
866 366
232 513
306 109
147 572
823 177
689 81
41 716
158 102
41 14
956 362
305 766
506 395
192 813
104 969
903 51
879 780
664 510
854 648
675 60
228 446
650 163
165 85
306 900
43 631
758 577
182 408
621 719
237 618
255 524
472 18
494 110
609 54
787 652
682 11
192 653
862 6
237 156
662 533
177 479
182 900
213 742
795 206
162 199
827 366
550 773
720 468
246 90
226 92
574 757
323 327
472 772
814 704
773 643
29 575
41 127
518 329
162 257
722 587
682 395
715 276
191 499
158 166
667 159
788 31
415 110
773 489
495 652
682 729
638 228
415 216
81 922
173 450
897 649
879 813
890 766
655 133
124 119
371 513
773 722
69 327
862 84
718 391
300 265
585 961
849 301
863 187
496 81
648 257
9 510
110 137
919 962
919 11
869 193
761 807
110 803
170 446
882 127
232 119
636 489
613 303
469 129
43 102
182 734
29 640
617 116
714 489
250 489
124 438
407 468
714 652
697 721
561 737
648 71
72 472
715 145
642 900
518 131
715 920
383 177
758 533
795 133
712 805
795 960
752 803
824 110
436 116
550 206
658 438
605 199
226 541
919 871
866 320
823 922
268 852
870 32
964 780
773 689
41 887
724 395
894 737
996 14
650 531
675 467
937 433
682 202
64 618
436 269
736 166
824 721
20 285
104 685
496 199
122 127
208 541
36 661
988 788
321 778
255 823
78 338
115 306
888 348
546 899
306 118
211 117
933 773
827 780
235 408
605 433
714 766
383 51
235 988
621 454
375 711
78 651
244 942
675 440
330 884
469 731
975 714
182 268
402 277
115 948
996 85
165 19
649 904
964 851
246 701
122 722
901 54
903 395
649 14
468 355
634 479
163 285
667 701
564 54
119 409
91 729
894 159
901 895
925 722
64 361
407 396
114 884
919 780
787 409
940 256
330 879
64 900
724 111
960 541
118 701
929 216
650 325
341 54
9 228
617 109
658 979
815 60
544 67
15 283
287 146
208 880
866 467
757 306
125 400
306 778
795 51
585 320
919 188
118 468
122 14
662 454
250 854
634 631
182 85
839 905
30 190
36 657
141 446
240 541
827 196
434 27
621 129
685 651
648 722
122 541
341 134
498 742
115 112
158 974
271 776
89 499
198 338
574 703
823 256
882 499
268 510
960 965
25 203
507 780
705 397
980 277
787 201
967 408
235 778
72 468
450 338
667 468
518 118
518 713
20 499
79 989
642 948
91 816
310 979
244 157
383 703
506 960
250 651
407 409
894 866
393 185
966 438
649 131
170 303
496 179
494 938
407 824
882 300
104 879
141 906
564 51
402 454
509 85
550 647
862 852
167 767
980 871
351 594
724 118
101 206
393 145
937 81
104 651
260 293
348 454
495 77
839 979
996 109
211 773
115 156
74 18
36 653
787 127
638 616
757 1
15 988
198 780
208 634
78 524
383 844
544 510
123 455
572 31
321 285
208 231
197 277
407 961
530 610
16 173
805 737
791 783
62 133
296 631
64 979
675 306
330 510
115 467
341 816
45 594
550 102
163 648
498 202
826 880
649 118
715 906
9 616
758 92
208 748
213 960
999 943
69 152
436 408
436 803
585 366
876 725
197 651
655 938
371 50
876 489
655 562
15 960
221 408
599 177
279 863
558 725
101 434
193 446
450 962
826 788
312 541
450 188
465 395
964 577
411 130
622 716
451 228
405 816
736 133
816 470
996 778
450 651
213 782
74 735
170 285
122 304
940 773
312 490
799 201
773 355
287 440
745 384
219 729
518 402
328 559
323 778
561 510
483 510
483 732
437 558
36 301
451 472
714 355
872 179
486 803
310 116
724 643
764 140
718 177
46 984
992 719
787 788
165 131
393 152
913 366
913 631
36 31
724 653
330 233
854 703
301 594
940 157
237 1
424 224
827 409
163 735
675 50
128 904
937 14
62 625
208 468
599 922
208 201
757 948
165 424
769 514
257 842
122 499
714 199
496 716
761 185
827 541
823 276
585 409
393 648
655 110
788 648
873 737
876 257
619 918
498 235
36 285
64 1
709 757
81 396
568 251
78 823
119 201
621 651
780 291
709 6
104 905
840 672
796 763
655 276
911 846
652 19
427 125
605 531
170 152
849 283
897 514
404 610
434 154
372 875
780 1
275 581
165 94
791 84
25 961
496 804
642 306
436 514
972 325
245 66
787 304
550 122
81 366
937 489
337 531
244 793
636 831
64 60
858 554
347 716
633 177
744 678
465 391
124 156
43 157
468 763
689 489
173 900
193 303
605 14
622 159
465 177
830 509
773 652
450 277
81 434
780 306
843 468
228 47
484 317
252 276
117 900
897 94
795 256
628 510
232 306
426 21
876 199
988 396
245 302
147 73
558 489
929 703
787 285
913 961
122 81
211 63
97 535
895 156
323 657
219 721
648 179
338 285
637 81
837 735
246 866
232 979
365 472
62 466
24 962
209 80
561 748
996 803
250 616
544 489
866 780
145 302
259 718
796 750
122 468
617 649
761 152
62 102
724 742
104 813
250 780
605 60
919 92
64 685
791 6
850 177
863 588
408 205
950 906
43 479
720 737
960 490
267 465
890 361
561 581
432 185
287 618
495 433
246 732
940 562
823 594
635 554
658 900
599 771
110 276
465 133
843 590
614 11
649 979
240 490
619 110
245 771
235 649
967 746
507 962
709 216
799 203
561 67
197 766
574 648
619 703
371 242
208 187
787 300
345 965
25 201
622 767
928 163
621 813
400 773
682 734
901 202
622 732
752 778
929 72
23 518
658 119
10 34
849 235
901 395
373 916
771 483
345 631
837 648
873 748
649 713
170 657
895 948
487 719
124 979
228 327
815 900
110 979
850 812
780 242
963 733
638 51
953 1
192 960
827 231
925 604
843 866
228 405
162 721
135 201
756 854
992 879
415 757
996 19
736 434
967 19
78 962
884 729
837 54
226 338
472 5
703 714
992 440
110 94
721 360
141 391
714 750
383 110
101 942
246 640
69 735
854 844
850 721
903 813
888 773
839 156
937 179
658 1
955 939
642 50
170 772
903 729
642 146
170 846
644 50
231 194
780 50
911 391
884 202
250 129
380 214
145 276
776 734
866 71
444 766
456 73
305 163
321 648
835 58
702 445
888 117
62 177
756 866
173 119
761 661
252 242
863 691
212 431
697 648
495 804
36 816
211 594
41 285
773 750
119 187
41 257
682 301
252 969
903 202
367 739
826 965
750 972
